step,eval_reward
1,-1.0
2,-1.0
3,-1.0
4,-1.0
5,-1.0
6,-1.0
7,-1.0
8,-1.0
9,-1.0
10,-1.0
11,-1.0
12,-1.0
13,-1.0
14,-1.0
15,-1.0
16,-1.0
17,-1.0
18,-1.0
19,-1.0
20,-1.0
21,-1.0
22,-1.0
23,-1.0
24,-1.0
25,-1.0
26,-1.0
27,-1.0
28,-1.0
29,-1.0
30,-1.0
31,-1.0
32,-1.0
33,-1.0
34,-1.0
35,-1.0
36,-1.0
37,-1.0
38,-1.0
39,-1.0
40,-1.0
41,-1.0
42,-1.0
43,-1.0
44,-1.0
45,-1.0
46,-1.0
47,-1.0
48,-1.0
49,-1.0
50,-1.0
51,-1.0
52,-1.0
53,-1.0
54,-1.0
55,-1.0
56,-1.0
57,-1.0
58,-1.0
59,-1.0
60,-1.0
61,-1.0
62,-1.0
63,-1.0
64,-1.0
65,-1.0
66,-1.0
67,-1.0
68,-1.0
69,-1.0
70,-1.0
71,-1.0
72,-1.0
73,-1.0
74,-1.0
75,-1.0
76,-1.0
77,-1.0
78,-1.0
79,-1.0
80,-1.0
81,-1.0
82,-1.0
83,-1.0
84,-1.0
85,-1.0
86,-1.0
87,-1.0
88,-1.0
89,-1.0
90,-1.0
91,-1.0
92,-1.0
93,-1.0
94,-1.0
95,-1.0
96,-1.0
97,-1.0
98,-1.0
99,-1.0
100,-1.0
101,-1.0
102,-1.0
103,-1.0
104,-1.0
105,-1.0
106,-1.0
107,-1.0
108,-1.0
109,-1.0
110,-1.0
111,-1.0
112,-1.0
113,-1.0
114,-1.0
115,-1.0
116,-1.0
117,-1.0
118,-1.0
119,-1.0
120,-1.0
121,-1.0
122,-1.0
123,-1.0
124,-1.0
125,-1.0
126,-1.0
127,-1.0
128,-1.0
129,-1.0
130,-1.0
131,-1.0
132,-1.0
133,-1.0
134,-1.0
135,-1.0
136,-1.0
137,-1.0
138,-1.0
139,-1.0
140,-1.0
141,-1.0
142,-1.0
143,-1.0
144,-1.0
145,-1.0
146,-1.0
147,-1.0
148,-1.0
149,-1.0
150,-1.0
151,-1.0
152,-1.0
153,-1.0
154,-1.0
155,-1.0
156,-1.0
157,-1.0
158,-1.0
159,-1.0
160,-1.0
161,-1.0
162,-1.0
163,-1.0
164,-1.0
165,-1.0
166,-1.0
167,-1.0
168,-1.0
169,-1.0
170,-1.0
171,-1.0
172,-1.0
173,-1.0
174,-1.0
175,-1.0
176,-1.0
177,-1.0
178,-1.0
179,-1.0
180,-1.0
181,-1.0
182,-1.0
183,-1.0
184,-1.0
185,-1.0
186,-1.0
187,-1.0
188,-1.0
189,-1.0
190,-1.0
191,-1.0
192,-1.0
193,-1.0
194,-1.0
195,-1.0
196,-1.0
197,-1.0
198,-1.0
199,-1.0
200,-1.0
201,-1.0
202,-1.0
203,-1.0
204,-1.0
205,-1.0
206,-1.0
207,-1.0
208,-1.0
209,-1.0
210,-1.0
211,-1.0
212,-1.0
213,-1.0
214,-1.0
215,-1.0
216,-1.0
217,-1.0
218,-1.0
219,-1.0
220,-1.0
221,-1.0
222,-1.0
223,-1.0
224,-1.0
225,-1.0
226,-1.0
227,-1.0
228,-1.0
229,-1.0
230,-1.0
231,-1.0
232,-1.0
233,-1.0
234,-1.0
235,-1.0
236,-1.0
237,-1.0
238,-1.0
239,-1.0
240,-1.0
241,-1.0
242,-1.0
243,-1.0
244,-1.0
245,-1.0
246,-1.0
247,-1.0
248,-1.0
249,-1.0
250,-1.0
251,-1.0
252,-1.0
253,-1.0
254,-1.0
255,-1.0
256,-1.0
257,-1.0
258,-1.0
259,-1.0
260,-1.0
261,-1.0
262,-1.0
263,-1.0
264,-1.0
265,-1.0
266,-1.0
267,-1.0
268,-1.0
269,-1.0
270,-1.0
271,-1.0
272,-1.0
273,-1.0
274,-1.0
275,-1.0
276,-1.0
277,-1.0
278,-1.0
279,-1.0
280,-1.0
281,-1.0
282,-1.0
283,-1.0
284,-1.0
285,-1.0
286,-1.0
287,-1.0
288,-1.0
289,-1.0
290,-1.0
291,-1.0
292,-1.0
293,-1.0
294,-1.0
295,-1.0
296,-1.0
297,-1.0
298,-1.0
299,-1.0
300,-1.0
301,-1.0
302,-1.0
303,-1.0
304,-1.0
305,-1.0
306,-1.0
307,-1.0
308,-1.0
309,-1.0
310,-1.0
311,-1.0
312,-1.0
313,-1.0
314,-1.0
315,-1.0
316,-1.0
317,-1.0
318,-1.0
319,-1.0
320,-1.0
321,-1.0
322,-1.0
323,-1.0
324,-1.0
325,-1.0
326,-1.0
327,-1.0
328,-1.0
329,-1.0
330,-1.0
331,-1.0
332,-1.0
333,-1.0
334,-1.0
335,-1.0
336,-1.0
337,-1.0
338,-1.0
339,-1.0
340,-1.0
341,-1.0
342,-1.0
343,-1.0
344,-1.0
345,-1.0
346,-1.0
347,-1.0
348,-1.0
349,-1.0
350,-1.0
351,-1.0
352,-1.0
353,-0.75
354,-0.75
355,-0.75
356,-0.75
357,-0.75
358,-0.75
359,-0.75
360,-0.75
361,-0.75
362,-0.75
363,-0.75
364,-0.75
365,-0.75
366,-0.75
367,-0.75
368,-0.75
369,-0.75
370,-0.75
371,-0.75
372,-0.75
373,-0.75
374,-0.75
375,-0.75
376,-0.75
377,-0.75
378,-0.75
379,-0.75
380,-0.75
381,-0.75
382,-0.75
383,-0.75
384,-0.75
385,-1.0
386,-1.0
387,-1.0
388,-1.0
389,-1.0
390,-1.0
391,-1.0
392,-1.0
393,-1.0
394,-1.0
395,-1.0
396,-1.0
397,-1.0
398,-1.0
399,-1.0
400,-1.0
401,-1.0
402,-1.0
403,-1.0
404,-1.0
405,-1.0
406,-1.0
407,-1.0
408,-1.0
409,-1.0
410,-1.0
411,-1.0
412,-1.0
413,-1.0
414,-1.0
415,-1.0
416,-1.0
417,-1.0
418,-1.0
419,-1.0
420,-1.0
421,-1.0
422,-1.0
423,-1.0
424,-1.0
425,-1.0
426,-1.0
427,-1.0
428,-1.0
429,-1.0
430,-1.0
431,-1.0
432,-1.0
433,-1.0
434,-1.0
435,-1.0
436,-1.0
437,-1.0
438,-1.0
439,-1.0
440,-1.0
441,-1.0
442,-1.0
443,-1.0
444,-1.0
445,-1.0
446,-1.0
447,-1.0
448,-1.0
449,-1.0
450,-1.0
451,-1.0
452,-1.0
453,-1.0
454,-1.0
455,-1.0
456,-1.0
457,-1.0
458,-1.0
459,-1.0
460,-1.0
461,-1.0
462,-1.0
463,-1.0
464,-1.0
465,-1.0
466,-1.0
467,-1.0
468,-1.0
469,-1.0
470,-1.0
471,-1.0
472,-1.0
473,-1.0
474,-1.0
475,-1.0
476,-1.0
477,-1.0
478,-1.0
479,-1.0
480,-1.0
481,-1.0
482,-1.0
483,-1.0
484,-1.0
485,-1.0
486,-1.0
487,-1.0
488,-1.0
489,-1.0
490,-1.0
491,-1.0
492,-1.0
493,-1.0
494,-1.0
495,-1.0
496,-1.0
497,-1.0
498,-1.0
499,-1.0
500,-1.0
501,-1.0
502,-1.0
503,-1.0
504,-1.0
505,-1.0
506,-1.0
507,-1.0
508,-1.0
509,-1.0
510,-1.0
511,-1.0
512,-1.0
513,-1.0
514,-1.0
515,-1.0
516,-1.0
517,-1.0
518,-1.0
519,-1.0
520,-1.0
521,-1.0
522,-1.0
523,-1.0
524,-1.0
525,-1.0
526,-1.0
527,-1.0
528,-1.0
529,-1.0
530,-1.0
531,-1.0
532,-1.0
533,-1.0
534,-1.0
535,-1.0
536,-1.0
537,-1.0
538,-1.0
539,-1.0
540,-1.0
541,-1.0
542,-1.0
543,-1.0
544,-1.0
545,-1.0
546,-1.0
547,-1.0
548,-1.0
549,-1.0
550,-1.0
551,-1.0
552,-1.0
553,-1.0
554,-1.0
555,-1.0
556,-1.0
557,-1.0
558,-1.0
559,-1.0
560,-1.0
561,-1.0
562,-1.0
563,-1.0
564,-1.0
565,-1.0
566,-1.0
567,-1.0
568,-1.0
569,-1.0
570,-1.0
571,-1.0
572,-1.0
573,-1.0
574,-1.0
575,-1.0
576,-1.0
577,-0.5555556
578,-0.5555556
579,-0.5555556
580,-0.5555556
581,-0.5555556
582,-0.5555556
583,-0.5555556
584,-0.5555556
585,-0.5555556
586,-0.5555556
587,-0.5555556
588,-0.5555556
589,-0.5555556
590,-0.5555556
591,-0.5555556
592,-0.5555556
593,-0.5555556
594,-0.5555556
595,-0.5555556
596,-0.5555556
597,-0.5555556
598,-0.5555556
599,-0.5555556
600,-0.5555556
601,-0.5555556
602,-0.5555556
603,-0.5555556
604,-0.5555556
605,-0.5555556
606,-0.5555556
607,-0.5555556
608,-0.5555556
609,-0.75
610,-0.75
611,-0.75
612,-0.75
613,-0.75
614,-0.75
615,-0.75
616,-0.75
617,-0.75
618,-0.75
619,-0.75
620,-0.75
621,-0.75
622,-0.75
623,-0.75
624,-0.75
625,-0.75
626,-0.75
627,-0.75
628,-0.75
629,-0.75
630,-0.75
631,-0.75
632,-0.75
633,-0.75
634,-0.75
635,-0.75
636,-0.75
637,-0.75
638,-0.75
639,-0.75
640,-0.75
641,-0.75
642,-0.75
643,-0.75
644,-0.75
645,-0.75
646,-0.75
647,-0.75
648,-0.75
649,-0.75
650,-0.75
651,-0.75
652,-0.75
653,-0.75
654,-0.75
655,-0.75
656,-0.75
657,-0.75
658,-0.75
659,-0.75
660,-0.75
661,-0.75
662,-0.75
663,-0.75
664,-0.75
665,-0.75
666,-0.75
667,-0.75
668,-0.75
669,-0.75
670,-0.75
671,-0.75
672,-0.75
673,-0.5555556
674,-0.5555556
675,-0.5555556
676,-0.5555556
677,-0.5555556
678,-0.5555556
679,-0.5555556
680,-0.5555556
681,-0.5555556
682,-0.5555556
683,-0.5555556
684,-0.5555556
685,-0.5555556
686,-0.5555556
687,-0.5555556
688,-0.5555556
689,-0.5555556
690,-0.5555556
691,-0.5555556
692,-0.5555556
693,-0.5555556
694,-0.5555556
695,-0.5555556
696,-0.5555556
697,-0.5555556
698,-0.5555556
699,-0.5555556
700,-0.5555556
701,-0.5555556
702,-0.5555556
703,-0.5555556
704,-0.5555556
705,-0.5555556
706,-0.5555556
707,-0.5555556
708,-0.5555556
709,-0.5555556
710,-0.5555556
711,-0.5555556
712,-0.5555556
713,-0.5555556
714,-0.5555556
715,-0.5555556
716,-0.5555556
717,-0.5555556
718,-0.5555556
719,-0.5555556
720,-0.5555556
721,-0.5555556
722,-0.5555556
723,-0.5555556
724,-0.5555556
725,-0.5555556
726,-0.5555556
727,-0.5555556
728,-0.5555556
729,-0.5555556
730,-0.5555556
731,-0.5555556
732,-0.5555556
733,-0.5555556
734,-0.5555556
735,-0.5555556
736,-0.5555556
737,-1.0
738,-1.0
739,-1.0
740,-1.0
741,-1.0
742,-1.0
743,-1.0
744,-1.0
745,-1.0
746,-1.0
747,-1.0
748,-1.0
749,-1.0
750,-1.0
751,-1.0
752,-1.0
753,-1.0
754,-1.0
755,-1.0
756,-1.0
757,-1.0
758,-1.0
759,-1.0
760,-1.0
761,-1.0
762,-1.0
763,-1.0
764,-1.0
765,-1.0
766,-1.0
767,-1.0
768,-1.0
769,-1.0
770,-1.0
771,-1.0
772,-1.0
773,-1.0
774,-1.0
775,-1.0
776,-1.0
777,-1.0
778,-1.0
779,-1.0
780,-1.0
781,-1.0
782,-1.0
783,-1.0
784,-1.0
785,-1.0
786,-1.0
787,-1.0
788,-1.0
789,-1.0
790,-1.0
791,-1.0
792,-1.0
793,-1.0
794,-1.0
795,-1.0
796,-1.0
797,-1.0
798,-1.0
799,-1.0
800,-1.0
801,-1.0
802,-1.0
803,-1.0
804,-1.0
805,-1.0
806,-1.0
807,-1.0
808,-1.0
809,-1.0
810,-1.0
811,-1.0
812,-1.0
813,-1.0
814,-1.0
815,-1.0
816,-1.0
817,-1.0
818,-1.0
819,-1.0
820,-1.0
821,-1.0
822,-1.0
823,-1.0
824,-1.0
825,-1.0
826,-1.0
827,-1.0
828,-1.0
829,-1.0
830,-1.0
831,-1.0
832,-1.0
833,-1.0
834,-1.0
835,-1.0
836,-1.0
837,-1.0
838,-1.0
839,-1.0
840,-1.0
841,-1.0
842,-1.0
843,-1.0
844,-1.0
845,-1.0
846,-1.0
847,-1.0
848,-1.0
849,-1.0
850,-1.0
851,-1.0
852,-1.0
853,-1.0
854,-1.0
855,-1.0
856,-1.0
857,-1.0
858,-1.0
859,-1.0
860,-1.0
861,-1.0
862,-1.0
863,-1.0
864,-1.0
865,-0.7777778
866,-0.7777778
867,-0.7777778
868,-0.7777778
869,-0.7777778
870,-0.7777778
871,-0.7777778
872,-0.7777778
873,-0.7777778
874,-0.7777778
875,-0.7777778
876,-0.7777778
877,-0.7777778
878,-0.7777778
879,-0.7777778
880,-0.7777778
881,-0.7777778
882,-0.7777778
883,-0.7777778
884,-0.7777778
885,-0.7777778
886,-0.7777778
887,-0.7777778
888,-0.7777778
889,-0.7777778
890,-0.7777778
891,-0.7777778
892,-0.7777778
893,-0.7777778
894,-0.7777778
895,-0.7777778
896,-0.7777778
897,-0.75
898,-0.75
899,-0.75
900,-0.75
901,-0.75
902,-0.75
903,-0.75
904,-0.75
905,-0.75
906,-0.75
907,-0.75
908,-0.75
909,-0.75
910,-0.75
911,-0.75
912,-0.75
913,-0.75
914,-0.75
915,-0.75
916,-0.75
917,-0.75
918,-0.75
919,-0.75
920,-0.75
921,-0.75
922,-0.75
923,-0.75
924,-0.75
925,-0.75
926,-0.75
927,-0.75
928,-0.75
929,-1.0
930,-1.0
931,-1.0
932,-1.0
933,-1.0
934,-1.0
935,-1.0
936,-1.0
937,-1.0
938,-1.0
939,-1.0
940,-1.0
941,-1.0
942,-1.0
943,-1.0
944,-1.0
945,-1.0
946,-1.0
947,-1.0
948,-1.0
949,-1.0
950,-1.0
951,-1.0
952,-1.0
953,-1.0
954,-1.0
955,-1.0
956,-1.0
957,-1.0
958,-1.0
959,-1.0
960,-1.0
961,-0.5
962,-0.5
963,-0.5
964,-0.5
965,-0.5
966,-0.5
967,-0.5
968,-0.5
969,-0.5
970,-0.5
971,-0.5
972,-0.5
973,-0.5
974,-0.5
975,-0.5
976,-0.5
977,-0.5
978,-0.5
979,-0.5
980,-0.5
981,-0.5
982,-0.5
983,-0.5
984,-0.5
985,-0.5
986,-0.5
987,-0.5
988,-0.5
989,-0.5
990,-0.5
991,-0.5
992,-0.5
993,-0.5
994,-0.5
995,-0.5
996,-0.5
997,-0.5
998,-0.5
999,-0.5
1000,-0.5
1001,-0.5
1002,-0.5
1003,-0.5
1004,-0.5
1005,-0.5
1006,-0.5
1007,-0.5
1008,-0.5
1009,-0.5
1010,-0.5
1011,-0.5
1012,-0.5
1013,-0.5
1014,-0.5
1015,-0.5
1016,-0.5
1017,-0.5
1018,-0.5
1019,-0.5
1020,-0.5
1021,-0.5
1022,-0.5
1023,-0.5
1024,-0.5
1025,-1.0
1026,-1.0
1027,-1.0
1028,-1.0
1029,-1.0
1030,-1.0
1031,-1.0
1032,-1.0
1033,-1.0
1034,-1.0
1035,-1.0
1036,-1.0
1037,-1.0
1038,-1.0
1039,-1.0
1040,-1.0
1041,-1.0
1042,-1.0
1043,-1.0
1044,-1.0
1045,-1.0
1046,-1.0
1047,-1.0
1048,-1.0
1049,-1.0
1050,-1.0
1051,-1.0
1052,-1.0
1053,-1.0
1054,-1.0
1055,-1.0
1056,-1.0
1057,-1.0
1058,-1.0
1059,-1.0
1060,-1.0
1061,-1.0
1062,-1.0
1063,-1.0
1064,-1.0
1065,-1.0
1066,-1.0
1067,-1.0
1068,-1.0
1069,-1.0
1070,-1.0
1071,-1.0
1072,-1.0
1073,-1.0
1074,-1.0
1075,-1.0
1076,-1.0
1077,-1.0
1078,-1.0
1079,-1.0
1080,-1.0
1081,-1.0
1082,-1.0
1083,-1.0
1084,-1.0
1085,-1.0
1086,-1.0
1087,-1.0
1088,-1.0
1089,-1.0
1090,-1.0
1091,-1.0
1092,-1.0
1093,-1.0
1094,-1.0
1095,-1.0
1096,-1.0
1097,-1.0
1098,-1.0
1099,-1.0
1100,-1.0
1101,-1.0
1102,-1.0
1103,-1.0
1104,-1.0
1105,-1.0
1106,-1.0
1107,-1.0
1108,-1.0
1109,-1.0
1110,-1.0
1111,-1.0
1112,-1.0
1113,-1.0
1114,-1.0
1115,-1.0
1116,-1.0
1117,-1.0
1118,-1.0
1119,-1.0
1120,-1.0
1121,-0.6666667
1122,-0.6666667
1123,-0.6666667
1124,-0.6666667
1125,-0.6666667
1126,-0.6666667
1127,-0.6666667
1128,-0.6666667
1129,-0.6666667
1130,-0.6666667
1131,-0.6666667
1132,-0.6666667
1133,-0.6666667
1134,-0.6666667
1135,-0.6666667
1136,-0.6666667
1137,-0.6666667
1138,-0.6666667
1139,-0.6666667
1140,-0.6666667
1141,-0.6666667
1142,-0.6666667
1143,-0.6666667
1144,-0.6666667
1145,-0.6666667
1146,-0.6666667
1147,-0.6666667
1148,-0.6666667
1149,-0.6666667
1150,-0.6666667
1151,-0.6666667
1152,-0.6666667
1153,-1.0
1154,-1.0
1155,-1.0
1156,-1.0
1157,-1.0
1158,-1.0
1159,-1.0
1160,-1.0
1161,-1.0
1162,-1.0
1163,-1.0
1164,-1.0
1165,-1.0
1166,-1.0
1167,-1.0
1168,-1.0
1169,-1.0
1170,-1.0
1171,-1.0
1172,-1.0
1173,-1.0
1174,-1.0
1175,-1.0
1176,-1.0
1177,-1.0
1178,-1.0
1179,-1.0
1180,-1.0
1181,-1.0
1182,-1.0
1183,-1.0
1184,-1.0
1185,-1.0
1186,-1.0
1187,-1.0
1188,-1.0
1189,-1.0
1190,-1.0
1191,-1.0
1192,-1.0
1193,-1.0
1194,-1.0
1195,-1.0
1196,-1.0
1197,-1.0
1198,-1.0
1199,-1.0
1200,-1.0
1201,-1.0
1202,-1.0
1203,-1.0
1204,-1.0
1205,-1.0
1206,-1.0
1207,-1.0
1208,-1.0
1209,-1.0
1210,-1.0
1211,-1.0
1212,-1.0
1213,-1.0
1214,-1.0
1215,-1.0
1216,-1.0
1217,-1.0
1218,-1.0
1219,-1.0
1220,-1.0
1221,-1.0
1222,-1.0
1223,-1.0
1224,-1.0
1225,-1.0
1226,-1.0
1227,-1.0
1228,-1.0
1229,-1.0
1230,-1.0
1231,-1.0
1232,-1.0
1233,-1.0
1234,-1.0
1235,-1.0
1236,-1.0
1237,-1.0
1238,-1.0
1239,-1.0
1240,-1.0
1241,-1.0
1242,-1.0
1243,-1.0
1244,-1.0
1245,-1.0
1246,-1.0
1247,-1.0
1248,-1.0
1249,-1.0
1250,-1.0
1251,-1.0
1252,-1.0
1253,-1.0
1254,-1.0
1255,-1.0
1256,-1.0
1257,-1.0
1258,-1.0
1259,-1.0
1260,-1.0
1261,-1.0
1262,-1.0
1263,-1.0
1264,-1.0
1265,-1.0
1266,-1.0
1267,-1.0
1268,-1.0
1269,-1.0
1270,-1.0
1271,-1.0
1272,-1.0
1273,-1.0
1274,-1.0
1275,-1.0
1276,-1.0
1277,-1.0
1278,-1.0
1279,-1.0
1280,-1.0
1281,-1.0
1282,-1.0
1283,-1.0
1284,-1.0
1285,-1.0
1286,-1.0
1287,-1.0
1288,-1.0
1289,-1.0
1290,-1.0
1291,-1.0
1292,-1.0
1293,-1.0
1294,-1.0
1295,-1.0
1296,-1.0
1297,-1.0
1298,-1.0
1299,-1.0
1300,-1.0
1301,-1.0
1302,-1.0
1303,-1.0
1304,-1.0
1305,-1.0
1306,-1.0
1307,-1.0
1308,-1.0
1309,-1.0
1310,-1.0
1311,-1.0
1312,-1.0
1313,-1.0
1314,-1.0
1315,-1.0
1316,-1.0
1317,-1.0
1318,-1.0
1319,-1.0
1320,-1.0
1321,-1.0
1322,-1.0
1323,-1.0
1324,-1.0
1325,-1.0
1326,-1.0
1327,-1.0
1328,-1.0
1329,-1.0
1330,-1.0
1331,-1.0
1332,-1.0
1333,-1.0
1334,-1.0
1335,-1.0
1336,-1.0
1337,-1.0
1338,-1.0
1339,-1.0
1340,-1.0
1341,-1.0
1342,-1.0
1343,-1.0
1344,-1.0
1345,-1.0
1346,-1.0
1347,-1.0
1348,-1.0
1349,-1.0
1350,-1.0
1351,-1.0
1352,-1.0
1353,-1.0
1354,-1.0
1355,-1.0
1356,-1.0
1357,-1.0
1358,-1.0
1359,-1.0
1360,-1.0
1361,-1.0
1362,-1.0
1363,-1.0
1364,-1.0
1365,-1.0
1366,-1.0
1367,-1.0
1368,-1.0
1369,-1.0
1370,-1.0
1371,-1.0
1372,-1.0
1373,-1.0
1374,-1.0
1375,-1.0
1376,-1.0
1377,-1.0
1378,-1.0
1379,-1.0
1380,-1.0
1381,-1.0
1382,-1.0
1383,-1.0
1384,-1.0
1385,-1.0
1386,-1.0
1387,-1.0
1388,-1.0
1389,-1.0
1390,-1.0
1391,-1.0
1392,-1.0
1393,-1.0
1394,-1.0
1395,-1.0
1396,-1.0
1397,-1.0
1398,-1.0
1399,-1.0
1400,-1.0
1401,-1.0
1402,-1.0
1403,-1.0
1404,-1.0
1405,-1.0
1406,-1.0
1407,-1.0
1408,-1.0
1409,-1.0
1410,-1.0
1411,-1.0
1412,-1.0
1413,-1.0
1414,-1.0
1415,-1.0
1416,-1.0
1417,-1.0
1418,-1.0
1419,-1.0
1420,-1.0
1421,-1.0
1422,-1.0
1423,-1.0
1424,-1.0
1425,-1.0
1426,-1.0
1427,-1.0
1428,-1.0
1429,-1.0
1430,-1.0
1431,-1.0
1432,-1.0
1433,-1.0
1434,-1.0
1435,-1.0
1436,-1.0
1437,-1.0
1438,-1.0
1439,-1.0
1440,-1.0
1441,-1.0
1442,-1.0
1443,-1.0
1444,-1.0
1445,-1.0
1446,-1.0
1447,-1.0
1448,-1.0
1449,-1.0
1450,-1.0
1451,-1.0
1452,-1.0
1453,-1.0
1454,-1.0
1455,-1.0
1456,-1.0
1457,-1.0
1458,-1.0
1459,-1.0
1460,-1.0
1461,-1.0
1462,-1.0
1463,-1.0
1464,-1.0
1465,-1.0
1466,-1.0
1467,-1.0
1468,-1.0
1469,-1.0
1470,-1.0
1471,-1.0
1472,-1.0
1473,-1.0
1474,-1.0
1475,-1.0
1476,-1.0
1477,-1.0
1478,-1.0
1479,-1.0
1480,-1.0
1481,-1.0
1482,-1.0
1483,-1.0
1484,-1.0
1485,-1.0
1486,-1.0
1487,-1.0
1488,-1.0
1489,-1.0
1490,-1.0
1491,-1.0
1492,-1.0
1493,-1.0
1494,-1.0
1495,-1.0
1496,-1.0
1497,-1.0
1498,-1.0
1499,-1.0
1500,-1.0
1501,-1.0
1502,-1.0
1503,-1.0
1504,-1.0
1505,-1.0
1506,-1.0
1507,-1.0
1508,-1.0
1509,-1.0
1510,-1.0
1511,-1.0
1512,-1.0
1513,-1.0
1514,-1.0
1515,-1.0
1516,-1.0
1517,-1.0
1518,-1.0
1519,-1.0
1520,-1.0
1521,-1.0
1522,-1.0
1523,-1.0
1524,-1.0
1525,-1.0
1526,-1.0
1527,-1.0
1528,-1.0
1529,-1.0
1530,-1.0
1531,-1.0
1532,-1.0
1533,-1.0
1534,-1.0
1535,-1.0
1536,-1.0
1537,-1.0
1538,-1.0
1539,-1.0
1540,-1.0
1541,-1.0
1542,-1.0
1543,-1.0
1544,-1.0
1545,-1.0
1546,-1.0
1547,-1.0
1548,-1.0
1549,-1.0
1550,-1.0
1551,-1.0
1552,-1.0
1553,-1.0
1554,-1.0
1555,-1.0
1556,-1.0
1557,-1.0
1558,-1.0
1559,-1.0
1560,-1.0
1561,-1.0
1562,-1.0
1563,-1.0
1564,-1.0
1565,-1.0
1566,-1.0
1567,-1.0
1568,-1.0
1569,-1.0
1570,-1.0
1571,-1.0
1572,-1.0
1573,-1.0
1574,-1.0
1575,-1.0
1576,-1.0
1577,-1.0
1578,-1.0
1579,-1.0
1580,-1.0
1581,-1.0
1582,-1.0
1583,-1.0
1584,-1.0
1585,-1.0
1586,-1.0
1587,-1.0
1588,-1.0
1589,-1.0
1590,-1.0
1591,-1.0
1592,-1.0
1593,-1.0
1594,-1.0
1595,-1.0
1596,-1.0
1597,-1.0
1598,-1.0
1599,-1.0
1600,-1.0
1601,-1.0
1602,-1.0
1603,-1.0
1604,-1.0
1605,-1.0
1606,-1.0
1607,-1.0
1608,-1.0
1609,-1.0
1610,-1.0
1611,-1.0
1612,-1.0
1613,-1.0
1614,-1.0
1615,-1.0
1616,-1.0
1617,-1.0
1618,-1.0
1619,-1.0
1620,-1.0
1621,-1.0
1622,-1.0
1623,-1.0
1624,-1.0
1625,-1.0
1626,-1.0
1627,-1.0
1628,-1.0
1629,-1.0
1630,-1.0
1631,-1.0
1632,-1.0
1633,-1.0
1634,-1.0
1635,-1.0
1636,-1.0
1637,-1.0
1638,-1.0
1639,-1.0
1640,-1.0
1641,-1.0
1642,-1.0
1643,-1.0
1644,-1.0
1645,-1.0
1646,-1.0
1647,-1.0
1648,-1.0
1649,-1.0
1650,-1.0
1651,-1.0
1652,-1.0
1653,-1.0
1654,-1.0
1655,-1.0
1656,-1.0
1657,-1.0
1658,-1.0
1659,-1.0
1660,-1.0
1661,-1.0
1662,-1.0
1663,-1.0
1664,-1.0
1665,-1.0
1666,-1.0
1667,-1.0
1668,-1.0
1669,-1.0
1670,-1.0
1671,-1.0
1672,-1.0
1673,-1.0
1674,-1.0
1675,-1.0
1676,-1.0
1677,-1.0
1678,-1.0
1679,-1.0
1680,-1.0
1681,-1.0
1682,-1.0
1683,-1.0
1684,-1.0
1685,-1.0
1686,-1.0
1687,-1.0
1688,-1.0
1689,-1.0
1690,-1.0
1691,-1.0
1692,-1.0
1693,-1.0
1694,-1.0
1695,-1.0
1696,-1.0
1697,-1.0
1698,-1.0
1699,-1.0
1700,-1.0
1701,-1.0
1702,-1.0
1703,-1.0
1704,-1.0
1705,-1.0
1706,-1.0
1707,-1.0
1708,-1.0
1709,-1.0
1710,-1.0
1711,-1.0
1712,-1.0
1713,-1.0
1714,-1.0
1715,-1.0
1716,-1.0
1717,-1.0
1718,-1.0
1719,-1.0
1720,-1.0
1721,-1.0
1722,-1.0
1723,-1.0
1724,-1.0
1725,-1.0
1726,-1.0
1727,-1.0
1728,-1.0
1729,-1.0
1730,-1.0
1731,-1.0
1732,-1.0
1733,-1.0
1734,-1.0
1735,-1.0
1736,-1.0
1737,-1.0
1738,-1.0
1739,-1.0
1740,-1.0
1741,-1.0
1742,-1.0
1743,-1.0
1744,-1.0
1745,-1.0
1746,-1.0
1747,-1.0
1748,-1.0
1749,-1.0
1750,-1.0
1751,-1.0
1752,-1.0
1753,-1.0
1754,-1.0
1755,-1.0
1756,-1.0
1757,-1.0
1758,-1.0
1759,-1.0
1760,-1.0
1761,-1.0
1762,-1.0
1763,-1.0
1764,-1.0
1765,-1.0
1766,-1.0
1767,-1.0
1768,-1.0
1769,-1.0
1770,-1.0
1771,-1.0
1772,-1.0
1773,-1.0
1774,-1.0
1775,-1.0
1776,-1.0
1777,-1.0
1778,-1.0
1779,-1.0
1780,-1.0
1781,-1.0
1782,-1.0
1783,-1.0
1784,-1.0
1785,-1.0
1786,-1.0
1787,-1.0
1788,-1.0
1789,-1.0
1790,-1.0
1791,-1.0
1792,-1.0
1793,-1.0
1794,-1.0
1795,-1.0
1796,-1.0
1797,-1.0
1798,-1.0
1799,-1.0
1800,-1.0
1801,-1.0
1802,-1.0
1803,-1.0
1804,-1.0
1805,-1.0
1806,-1.0
1807,-1.0
1808,-1.0
1809,-1.0
1810,-1.0
1811,-1.0
1812,-1.0
1813,-1.0
1814,-1.0
1815,-1.0
1816,-1.0
1817,-1.0
1818,-1.0
1819,-1.0
1820,-1.0
1821,-1.0
1822,-1.0
1823,-1.0
1824,-1.0
1825,-1.0
1826,-1.0
1827,-1.0
1828,-1.0
1829,-1.0
1830,-1.0
1831,-1.0
1832,-1.0
1833,-1.0
1834,-1.0
1835,-1.0
1836,-1.0
1837,-1.0
1838,-1.0
1839,-1.0
1840,-1.0
1841,-1.0
1842,-1.0
1843,-1.0
1844,-1.0
1845,-1.0
1846,-1.0
1847,-1.0
1848,-1.0
1849,-1.0
1850,-1.0
1851,-1.0
1852,-1.0
1853,-1.0
1854,-1.0
1855,-1.0
1856,-1.0
1857,-1.0
1858,-1.0
1859,-1.0
1860,-1.0
1861,-1.0
1862,-1.0
1863,-1.0
1864,-1.0
1865,-1.0
1866,-1.0
1867,-1.0
1868,-1.0
1869,-1.0
1870,-1.0
1871,-1.0
1872,-1.0
1873,-1.0
1874,-1.0
1875,-1.0
1876,-1.0
1877,-1.0
1878,-1.0
1879,-1.0
1880,-1.0
1881,-1.0
1882,-1.0
1883,-1.0
1884,-1.0
1885,-1.0
1886,-1.0
1887,-1.0
1888,-1.0
1889,-1.0
1890,-1.0
1891,-1.0
1892,-1.0
1893,-1.0
1894,-1.0
1895,-1.0
1896,-1.0
1897,-1.0
1898,-1.0
1899,-1.0
1900,-1.0
1901,-1.0
1902,-1.0
1903,-1.0
1904,-1.0
1905,-1.0
1906,-1.0
1907,-1.0
1908,-1.0
1909,-1.0
1910,-1.0
1911,-1.0
1912,-1.0
1913,-1.0
1914,-1.0
1915,-1.0
1916,-1.0
1917,-1.0
1918,-1.0
1919,-1.0
1920,-1.0
1921,-1.0
1922,-1.0
1923,-1.0
1924,-1.0
1925,-1.0
1926,-1.0
1927,-1.0
1928,-1.0
1929,-1.0
1930,-1.0
1931,-1.0
1932,-1.0
1933,-1.0
1934,-1.0
1935,-1.0
1936,-1.0
1937,-1.0
1938,-1.0
1939,-1.0
1940,-1.0
1941,-1.0
1942,-1.0
1943,-1.0
1944,-1.0
1945,-1.0
1946,-1.0
1947,-1.0
1948,-1.0
1949,-1.0
1950,-1.0
1951,-1.0
1952,-1.0
1953,-1.0
1954,-1.0
1955,-1.0
1956,-1.0
1957,-1.0
1958,-1.0
1959,-1.0
1960,-1.0
1961,-1.0
1962,-1.0
1963,-1.0
1964,-1.0
1965,-1.0
1966,-1.0
1967,-1.0
1968,-1.0
1969,-1.0
1970,-1.0
1971,-1.0
1972,-1.0
1973,-1.0
1974,-1.0
1975,-1.0
1976,-1.0
1977,-1.0
1978,-1.0
1979,-1.0
1980,-1.0
1981,-1.0
1982,-1.0
1983,-1.0
1984,-1.0
1985,-1.0
1986,-1.0
1987,-1.0
1988,-1.0
1989,-1.0
1990,-1.0
1991,-1.0
1992,-1.0
1993,-1.0
1994,-1.0
1995,-1.0
1996,-1.0
1997,-1.0
1998,-1.0
1999,-1.0
2000,-1.0
2001,-1.0
2002,-1.0
2003,-1.0
2004,-1.0
2005,-1.0
2006,-1.0
2007,-1.0
2008,-1.0
2009,-1.0
2010,-1.0
2011,-1.0
2012,-1.0
2013,-1.0
2014,-1.0
2015,-1.0
2016,-1.0
2017,-1.0
2018,-1.0
2019,-1.0
2020,-1.0
2021,-1.0
2022,-1.0
2023,-1.0
2024,-1.0
2025,-1.0
2026,-1.0
2027,-1.0
2028,-1.0
2029,-1.0
2030,-1.0
2031,-1.0
2032,-1.0
2033,-1.0
2034,-1.0
2035,-1.0
2036,-1.0
2037,-1.0
2038,-1.0
2039,-1.0
2040,-1.0
2041,-1.0
2042,-1.0
2043,-1.0
2044,-1.0
2045,-1.0
2046,-1.0
2047,-1.0
2048,-1.0
2049,-1.0
2050,-1.0
2051,-1.0
2052,-1.0
2053,-1.0
2054,-1.0
2055,-1.0
2056,-1.0
2057,-1.0
2058,-1.0
2059,-1.0
2060,-1.0
2061,-1.0
2062,-1.0
2063,-1.0
2064,-1.0
2065,-1.0
2066,-1.0
2067,-1.0
2068,-1.0
2069,-1.0
2070,-1.0
2071,-1.0
2072,-1.0
2073,-1.0
2074,-1.0
2075,-1.0
2076,-1.0
2077,-1.0
2078,-1.0
2079,-1.0
2080,-1.0
2081,-1.0
2082,-1.0
2083,-1.0
2084,-1.0
2085,-1.0
2086,-1.0
2087,-1.0
2088,-1.0
2089,-1.0
2090,-1.0
2091,-1.0
2092,-1.0
2093,-1.0
2094,-1.0
2095,-1.0
2096,-1.0
2097,-1.0
2098,-1.0
2099,-1.0
2100,-1.0
2101,-1.0
2102,-1.0
2103,-1.0
2104,-1.0
2105,-1.0
2106,-1.0
2107,-1.0
2108,-1.0
2109,-1.0
2110,-1.0
2111,-1.0
2112,-1.0
2113,-1.0
2114,-1.0
2115,-1.0
2116,-1.0
2117,-1.0
2118,-1.0
2119,-1.0
2120,-1.0
2121,-1.0
2122,-1.0
2123,-1.0
2124,-1.0
2125,-1.0
2126,-1.0
2127,-1.0
2128,-1.0
2129,-1.0
2130,-1.0
2131,-1.0
2132,-1.0
2133,-1.0
2134,-1.0
2135,-1.0
2136,-1.0
2137,-1.0
2138,-1.0
2139,-1.0
2140,-1.0
2141,-1.0
2142,-1.0
2143,-1.0
2144,-1.0
2145,-1.0
2146,-1.0
2147,-1.0
2148,-1.0
2149,-1.0
2150,-1.0
2151,-1.0
2152,-1.0
2153,-1.0
2154,-1.0
2155,-1.0
2156,-1.0
2157,-1.0
2158,-1.0
2159,-1.0
2160,-1.0
2161,-1.0
2162,-1.0
2163,-1.0
2164,-1.0
2165,-1.0
2166,-1.0
2167,-1.0
2168,-1.0
2169,-1.0
2170,-1.0
2171,-1.0
2172,-1.0
2173,-1.0
2174,-1.0
2175,-1.0
2176,-1.0
2177,-1.0
2178,-1.0
2179,-1.0
2180,-1.0
2181,-1.0
2182,-1.0
2183,-1.0
2184,-1.0
2185,-1.0
2186,-1.0
2187,-1.0
2188,-1.0
2189,-1.0
2190,-1.0
2191,-1.0
2192,-1.0
2193,-1.0
2194,-1.0
2195,-1.0
2196,-1.0
2197,-1.0
2198,-1.0
2199,-1.0
2200,-1.0
2201,-1.0
2202,-1.0
2203,-1.0
2204,-1.0
2205,-1.0
2206,-1.0
2207,-1.0
2208,-1.0
2209,-1.0
2210,-1.0
2211,-1.0
2212,-1.0
2213,-1.0
2214,-1.0
2215,-1.0
2216,-1.0
2217,-1.0
2218,-1.0
2219,-1.0
2220,-1.0
2221,-1.0
2222,-1.0
2223,-1.0
2224,-1.0
2225,-1.0
2226,-1.0
2227,-1.0
2228,-1.0
2229,-1.0
2230,-1.0
2231,-1.0
2232,-1.0
2233,-1.0
2234,-1.0
2235,-1.0
2236,-1.0
2237,-1.0
2238,-1.0
2239,-1.0
2240,-1.0
2241,-0.75
2242,-0.75
2243,-0.75
2244,-0.75
2245,-0.75
2246,-0.75
2247,-0.75
2248,-0.75
2249,-0.75
2250,-0.75
2251,-0.75
2252,-0.75
2253,-0.75
2254,-0.75
2255,-0.75
2256,-0.75
2257,-0.75
2258,-0.75
2259,-0.75
2260,-0.75
2261,-0.75
2262,-0.75
2263,-0.75
2264,-0.75
2265,-0.75
2266,-0.75
2267,-0.75
2268,-0.75
2269,-0.75
2270,-0.75
2271,-0.75
2272,-0.75
2273,-1.0
2274,-1.0
2275,-1.0
2276,-1.0
2277,-1.0
2278,-1.0
2279,-1.0
2280,-1.0
2281,-1.0
2282,-1.0
2283,-1.0
2284,-1.0
2285,-1.0
2286,-1.0
2287,-1.0
2288,-1.0
2289,-1.0
2290,-1.0
2291,-1.0
2292,-1.0
2293,-1.0
2294,-1.0
2295,-1.0
2296,-1.0
2297,-1.0
2298,-1.0
2299,-1.0
2300,-1.0
2301,-1.0
2302,-1.0
2303,-1.0
2304,-1.0
2305,-1.0
2306,-1.0
2307,-1.0
2308,-1.0
2309,-1.0
2310,-1.0
2311,-1.0
2312,-1.0
2313,-1.0
2314,-1.0
2315,-1.0
2316,-1.0
2317,-1.0
2318,-1.0
2319,-1.0
2320,-1.0
2321,-1.0
2322,-1.0
2323,-1.0
2324,-1.0
2325,-1.0
2326,-1.0
2327,-1.0
2328,-1.0
2329,-1.0
2330,-1.0
2331,-1.0
2332,-1.0
2333,-1.0
2334,-1.0
2335,-1.0
2336,-1.0
2337,-1.0
2338,-1.0
2339,-1.0
2340,-1.0
2341,-1.0
2342,-1.0
2343,-1.0
2344,-1.0
2345,-1.0
2346,-1.0
2347,-1.0
2348,-1.0
2349,-1.0
2350,-1.0
2351,-1.0
2352,-1.0
2353,-1.0
2354,-1.0
2355,-1.0
2356,-1.0
2357,-1.0
2358,-1.0
2359,-1.0
2360,-1.0
2361,-1.0
2362,-1.0
2363,-1.0
2364,-1.0
2365,-1.0
2366,-1.0
2367,-1.0
2368,-1.0
2369,-1.0
2370,-1.0
2371,-1.0
2372,-1.0
2373,-1.0
2374,-1.0
2375,-1.0
2376,-1.0
2377,-1.0
2378,-1.0
2379,-1.0
2380,-1.0
2381,-1.0
2382,-1.0
2383,-1.0
2384,-1.0
2385,-1.0
2386,-1.0
2387,-1.0
2388,-1.0
2389,-1.0
2390,-1.0
2391,-1.0
2392,-1.0
2393,-1.0
2394,-1.0
2395,-1.0
2396,-1.0
2397,-1.0
2398,-1.0
2399,-1.0
2400,-1.0
2401,-1.0
2402,-1.0
2403,-1.0
2404,-1.0
2405,-1.0
2406,-1.0
2407,-1.0
2408,-1.0
2409,-1.0
2410,-1.0
2411,-1.0
2412,-1.0
2413,-1.0
2414,-1.0
2415,-1.0
2416,-1.0
2417,-1.0
2418,-1.0
2419,-1.0
2420,-1.0
2421,-1.0
2422,-1.0
2423,-1.0
2424,-1.0
2425,-1.0
2426,-1.0
2427,-1.0
2428,-1.0
2429,-1.0
2430,-1.0
2431,-1.0
2432,-1.0
2433,-1.0
2434,-1.0
2435,-1.0
2436,-1.0
2437,-1.0
2438,-1.0
2439,-1.0
2440,-1.0
2441,-1.0
2442,-1.0
2443,-1.0
2444,-1.0
2445,-1.0
2446,-1.0
2447,-1.0
2448,-1.0
2449,-1.0
2450,-1.0
2451,-1.0
2452,-1.0
2453,-1.0
2454,-1.0
2455,-1.0
2456,-1.0
2457,-1.0
2458,-1.0
2459,-1.0
2460,-1.0
2461,-1.0
2462,-1.0
2463,-1.0
2464,-1.0
2465,-0.25
2466,-0.25
2467,-0.25
2468,-0.25
2469,-0.25
2470,-0.25
2471,-0.25
2472,-0.25
2473,-0.25
2474,-0.25
2475,-0.25
2476,-0.25
2477,-0.25
2478,-0.25
2479,-0.25
2480,-0.25
2481,-0.25
2482,-0.25
2483,-0.25
2484,-0.25
2485,-0.25
2486,-0.25
2487,-0.25
2488,-0.25
2489,-0.25
2490,-0.25
2491,-0.25
2492,-0.25
2493,-0.25
2494,-0.25
2495,-0.25
2496,-0.25
2497,-0.25
2498,-0.25
2499,-0.25
2500,-0.25
2501,-0.25
2502,-0.25
2503,-0.25
2504,-0.25
2505,-0.25
2506,-0.25
2507,-0.25
2508,-0.25
2509,-0.25
2510,-0.25
2511,-0.25
2512,-0.25
2513,-0.25
2514,-0.25
2515,-0.25
2516,-0.25
2517,-0.25
2518,-0.25
2519,-0.25
2520,-0.25
2521,-0.25
2522,-0.25
2523,-0.25
2524,-0.25
2525,-0.25
2526,-0.25
2527,-0.25
2528,-0.25
2529,-1.0
2530,-1.0
2531,-1.0
2532,-1.0
2533,-1.0
2534,-1.0
2535,-1.0
2536,-1.0
2537,-1.0
2538,-1.0
2539,-1.0
2540,-1.0
2541,-1.0
2542,-1.0
2543,-1.0
2544,-1.0
2545,-1.0
2546,-1.0
2547,-1.0
2548,-1.0
2549,-1.0
2550,-1.0
2551,-1.0
2552,-1.0
2553,-1.0
2554,-1.0
2555,-1.0
2556,-1.0
2557,-1.0
2558,-1.0
2559,-1.0
2560,-1.0
2561,-0.25
2562,-0.25
2563,-0.25
2564,-0.25
2565,-0.25
2566,-0.25
2567,-0.25
2568,-0.25
2569,-0.25
2570,-0.25
2571,-0.25
2572,-0.25
2573,-0.25
2574,-0.25
2575,-0.25
2576,-0.25
2577,-0.25
2578,-0.25
2579,-0.25
2580,-0.25
2581,-0.25
2582,-0.25
2583,-0.25
2584,-0.25
2585,-0.25
2586,-0.25
2587,-0.25
2588,-0.25
2589,-0.25
2590,-0.25
2591,-0.25
2592,-0.25
2593,-0.5
2594,-0.5
2595,-0.5
2596,-0.5
2597,-0.5
2598,-0.5
2599,-0.5
2600,-0.5
2601,-0.5
2602,-0.5
2603,-0.5
2604,-0.5
2605,-0.5
2606,-0.5
2607,-0.5
2608,-0.5
2609,-0.5
2610,-0.5
2611,-0.5
2612,-0.5
2613,-0.5
2614,-0.5
2615,-0.5
2616,-0.5
2617,-0.5
2618,-0.5
2619,-0.5
2620,-0.5
2621,-0.5
2622,-0.5
2623,-0.5
2624,-0.5
2625,-0.5
2626,-0.5
2627,-0.5
2628,-0.5
2629,-0.5
2630,-0.5
2631,-0.5
2632,-0.5
2633,-0.5
2634,-0.5
2635,-0.5
2636,-0.5
2637,-0.5
2638,-0.5
2639,-0.5
2640,-0.5
2641,-0.5
2642,-0.5
2643,-0.5
2644,-0.5
2645,-0.5
2646,-0.5
2647,-0.5
2648,-0.5
2649,-0.5
2650,-0.5
2651,-0.5
2652,-0.5
2653,-0.5
2654,-0.5
2655,-0.5
2656,-0.5
2657,-0.33333334
2658,-0.33333334
2659,-0.33333334
2660,-0.33333334
2661,-0.33333334
2662,-0.33333334
2663,-0.33333334
2664,-0.33333334
2665,-0.33333334
2666,-0.33333334
2667,-0.33333334
2668,-0.33333334
2669,-0.33333334
2670,-0.33333334
2671,-0.33333334
2672,-0.33333334
2673,-0.33333334
2674,-0.33333334
2675,-0.33333334
2676,-0.33333334
2677,-0.33333334
2678,-0.33333334
2679,-0.33333334
2680,-0.33333334
2681,-0.33333334
2682,-0.33333334
2683,-0.33333334
2684,-0.33333334
2685,-0.33333334
2686,-0.33333334
2687,-0.33333334
2688,-0.33333334
2689,-0.7777778
2690,-0.7777778
2691,-0.7777778
2692,-0.7777778
2693,-0.7777778
2694,-0.7777778
2695,-0.7777778
2696,-0.7777778
2697,-0.7777778
2698,-0.7777778
2699,-0.7777778
2700,-0.7777778
2701,-0.7777778
2702,-0.7777778
2703,-0.7777778
2704,-0.7777778
2705,-0.7777778
2706,-0.7777778
2707,-0.7777778
2708,-0.7777778
2709,-0.7777778
2710,-0.7777778
2711,-0.7777778
2712,-0.7777778
2713,-0.7777778
2714,-0.7777778
2715,-0.7777778
2716,-0.7777778
2717,-0.7777778
2718,-0.7777778
2719,-0.7777778
2720,-0.7777778
2721,-0.25
2722,-0.25
2723,-0.25
2724,-0.25
2725,-0.25
2726,-0.25
2727,-0.25
2728,-0.25
2729,-0.25
2730,-0.25
2731,-0.25
2732,-0.25
2733,-0.25
2734,-0.25
2735,-0.25
2736,-0.25
2737,-0.25
2738,-0.25
2739,-0.25
2740,-0.25
2741,-0.25
2742,-0.25
2743,-0.25
2744,-0.25
2745,-0.25
2746,-0.25
2747,-0.25
2748,-0.25
2749,-0.25
2750,-0.25
2751,-0.25
2752,-0.25
2753,-0.7777778
2754,-0.7777778
2755,-0.7777778
2756,-0.7777778
2757,-0.7777778
2758,-0.7777778
2759,-0.7777778
2760,-0.7777778
2761,-0.7777778
2762,-0.7777778
2763,-0.7777778
2764,-0.7777778
2765,-0.7777778
2766,-0.7777778
2767,-0.7777778
2768,-0.7777778
2769,-0.7777778
2770,-0.7777778
2771,-0.7777778
2772,-0.7777778
2773,-0.7777778
2774,-0.7777778
2775,-0.7777778
2776,-0.7777778
2777,-0.7777778
2778,-0.7777778
2779,-0.7777778
2780,-0.7777778
2781,-0.7777778
2782,-0.7777778
2783,-0.7777778
2784,-0.7777778
2785,-0.7777778
2786,-0.7777778
2787,-0.7777778
2788,-0.7777778
2789,-0.7777778
2790,-0.7777778
2791,-0.7777778
2792,-0.7777778
2793,-0.7777778
2794,-0.7777778
2795,-0.7777778
2796,-0.7777778
2797,-0.7777778
2798,-0.7777778
2799,-0.7777778
2800,-0.7777778
2801,-0.7777778
2802,-0.7777778
2803,-0.7777778
2804,-0.7777778
2805,-0.7777778
2806,-0.7777778
2807,-0.7777778
2808,-0.7777778
2809,-0.7777778
2810,-0.7777778
2811,-0.7777778
2812,-0.7777778
2813,-0.7777778
2814,-0.7777778
2815,-0.7777778
2816,-0.7777778
2817,-0.5
2818,-0.5
2819,-0.5
2820,-0.5
2821,-0.5
2822,-0.5
2823,-0.5
2824,-0.5
2825,-0.5
2826,-0.5
2827,-0.5
2828,-0.5
2829,-0.5
2830,-0.5
2831,-0.5
2832,-0.5
2833,-0.5
2834,-0.5
2835,-0.5
2836,-0.5
2837,-0.5
2838,-0.5
2839,-0.5
2840,-0.5
2841,-0.5
2842,-0.5
2843,-0.5
2844,-0.5
2845,-0.5
2846,-0.5
2847,-0.5
2848,-0.5
2849,-0.5
2850,-0.5
2851,-0.5
2852,-0.5
2853,-0.5
2854,-0.5
2855,-0.5
2856,-0.5
2857,-0.5
2858,-0.5
2859,-0.5
2860,-0.5
2861,-0.5
2862,-0.5
2863,-0.5
2864,-0.5
2865,-0.5
2866,-0.5
2867,-0.5
2868,-0.5
2869,-0.5
2870,-0.5
2871,-0.5
2872,-0.5
2873,-0.5
2874,-0.5
2875,-0.5
2876,-0.5
2877,-0.5
2878,-0.5
2879,-0.5
2880,-0.5
2881,-0.5
2882,-0.5
2883,-0.5
2884,-0.5
2885,-0.5
2886,-0.5
2887,-0.5
2888,-0.5
2889,-0.5
2890,-0.5
2891,-0.5
2892,-0.5
2893,-0.5
2894,-0.5
2895,-0.5
2896,-0.5
2897,-0.5
2898,-0.5
2899,-0.5
2900,-0.5
2901,-0.5
2902,-0.5
2903,-0.5
2904,-0.5
2905,-0.5
2906,-0.5
2907,-0.5
2908,-0.5
2909,-0.5
2910,-0.5
2911,-0.5
2912,-0.5
2913,-0.5
2914,-0.5
2915,-0.5
2916,-0.5
2917,-0.5
2918,-0.5
2919,-0.5
2920,-0.5
2921,-0.5
2922,-0.5
2923,-0.5
2924,-0.5
2925,-0.5
2926,-0.5
2927,-0.5
2928,-0.5
2929,-0.5
2930,-0.5
2931,-0.5
2932,-0.5
2933,-0.5
2934,-0.5
2935,-0.5
2936,-0.5
2937,-0.5
2938,-0.5
2939,-0.5
2940,-0.5
2941,-0.5
2942,-0.5
2943,-0.5
2944,-0.5
2945,-0.5
2946,-0.5
2947,-0.5
2948,-0.5
2949,-0.5
2950,-0.5
2951,-0.5
2952,-0.5
2953,-0.5
2954,-0.5
2955,-0.5
2956,-0.5
2957,-0.5
2958,-0.5
2959,-0.5
2960,-0.5
2961,-0.5
2962,-0.5
2963,-0.5
2964,-0.5
2965,-0.5
2966,-0.5
2967,-0.5
2968,-0.5
2969,-0.5
2970,-0.5
2971,-0.5
2972,-0.5
2973,-0.5
2974,-0.5
2975,-0.5
2976,-0.5
2977,-0.5
2978,-0.5
2979,-0.5
2980,-0.5
2981,-0.5
2982,-0.5
2983,-0.5
2984,-0.5
2985,-0.5
2986,-0.5
2987,-0.5
2988,-0.5
2989,-0.5
2990,-0.5
2991,-0.5
2992,-0.5
2993,-0.5
2994,-0.5
2995,-0.5
2996,-0.5
2997,-0.5
2998,-0.5
2999,-0.5
3000,-0.5
3001,-0.5
3002,-0.5
3003,-0.5
3004,-0.5
3005,-0.5
3006,-0.5
3007,-0.5
3008,-0.5
3009,-0.5
3010,-0.5
3011,-0.5
3012,-0.5
3013,-0.5
3014,-0.5
3015,-0.5
3016,-0.5
3017,-0.5
3018,-0.5
3019,-0.5
3020,-0.5
3021,-0.5
3022,-0.5
3023,-0.5
3024,-0.5
3025,-0.5
3026,-0.5
3027,-0.5
3028,-0.5
3029,-0.5
3030,-0.5
3031,-0.5
3032,-0.5
3033,-0.5
3034,-0.5
3035,-0.5
3036,-0.5
3037,-0.5
3038,-0.5
3039,-0.5
3040,-0.5
3041,-0.5
3042,-0.5
3043,-0.5
3044,-0.5
3045,-0.5
3046,-0.5
3047,-0.5
3048,-0.5
3049,-0.5
3050,-0.5
3051,-0.5
3052,-0.5
3053,-0.5
3054,-0.5
3055,-0.5
3056,-0.5
3057,-0.5
3058,-0.5
3059,-0.5
3060,-0.5
3061,-0.5
3062,-0.5
3063,-0.5
3064,-0.5
3065,-0.5
3066,-0.5
3067,-0.5
3068,-0.5
3069,-0.5
3070,-0.5
3071,-0.5
3072,-0.5
3073,-0.5
3074,-0.5
3075,-0.5
3076,-0.5
3077,-0.5
3078,-0.5
3079,-0.5
3080,-0.5
3081,-0.5
3082,-0.5
3083,-0.5
3084,-0.5
3085,-0.5
3086,-0.5
3087,-0.5
3088,-0.5
3089,-0.5
3090,-0.5
3091,-0.5
3092,-0.5
3093,-0.5
3094,-0.5
3095,-0.5
3096,-0.5
3097,-0.5
3098,-0.5
3099,-0.5
3100,-0.5
3101,-0.5
3102,-0.5
3103,-0.5
3104,-0.5
3105,-0.5
3106,-0.5
3107,-0.5
3108,-0.5
3109,-0.5
3110,-0.5
3111,-0.5
3112,-0.5
3113,-0.5
3114,-0.5
3115,-0.5
3116,-0.5
3117,-0.5
3118,-0.5
3119,-0.5
3120,-0.5
3121,-0.5
3122,-0.5
3123,-0.5
3124,-0.5
3125,-0.5
3126,-0.5
3127,-0.5
3128,-0.5
3129,-0.5
3130,-0.5
3131,-0.5
3132,-0.5
3133,-0.5
3134,-0.5
3135,-0.5
3136,-0.5
3137,-0.5
3138,-0.5
3139,-0.5
3140,-0.5
3141,-0.5
3142,-0.5
3143,-0.5
3144,-0.5
3145,-0.5
3146,-0.5
3147,-0.5
3148,-0.5
3149,-0.5
3150,-0.5
3151,-0.5
3152,-0.5
3153,-0.5
3154,-0.5
3155,-0.5
3156,-0.5
3157,-0.5
3158,-0.5
3159,-0.5
3160,-0.5
3161,-0.5
3162,-0.5
3163,-0.5
3164,-0.5
3165,-0.5
3166,-0.5
3167,-0.5
3168,-0.5
3169,-1.0
3170,-1.0
3171,-1.0
3172,-1.0
3173,-1.0
3174,-1.0
3175,-1.0
3176,-1.0
3177,-1.0
3178,-1.0
3179,-1.0
3180,-1.0
3181,-1.0
3182,-1.0
3183,-1.0
3184,-1.0
3185,-1.0
3186,-1.0
3187,-1.0
3188,-1.0
3189,-1.0
3190,-1.0
3191,-1.0
3192,-1.0
3193,-1.0
3194,-1.0
3195,-1.0
3196,-1.0
3197,-1.0
3198,-1.0
3199,-1.0
3200,-1.0
3201,-0.75
3202,-0.75
3203,-0.75
3204,-0.75
3205,-0.75
3206,-0.75
3207,-0.75
3208,-0.75
3209,-0.75
3210,-0.75
3211,-0.75
3212,-0.75
3213,-0.75
3214,-0.75
3215,-0.75
3216,-0.75
3217,-0.75
3218,-0.75
3219,-0.75
3220,-0.75
3221,-0.75
3222,-0.75
3223,-0.75
3224,-0.75
3225,-0.75
3226,-0.75
3227,-0.75
3228,-0.75
3229,-0.75
3230,-0.75
3231,-0.75
3232,-0.75
3233,-0.75
3234,-0.75
3235,-0.75
3236,-0.75
3237,-0.75
3238,-0.75
3239,-0.75
3240,-0.75
3241,-0.75
3242,-0.75
3243,-0.75
3244,-0.75
3245,-0.75
3246,-0.75
3247,-0.75
3248,-0.75
3249,-0.75
3250,-0.75
3251,-0.75
3252,-0.75
3253,-0.75
3254,-0.75
3255,-0.75
3256,-0.75
3257,-0.75
3258,-0.75
3259,-0.75
3260,-0.75
3261,-0.75
3262,-0.75
3263,-0.75
3264,-0.75
3265,-0.75
3266,-0.75
3267,-0.75
3268,-0.75
3269,-0.75
3270,-0.75
3271,-0.75
3272,-0.75
3273,-0.75
3274,-0.75
3275,-0.75
3276,-0.75
3277,-0.75
3278,-0.75
3279,-0.75
3280,-0.75
3281,-0.75
3282,-0.75
3283,-0.75
3284,-0.75
3285,-0.75
3286,-0.75
3287,-0.75
3288,-0.75
3289,-0.75
3290,-0.75
3291,-0.75
3292,-0.75
3293,-0.75
3294,-0.75
3295,-0.75
3296,-0.75
3297,-0.75
3298,-0.75
3299,-0.75
3300,-0.75
3301,-0.75
3302,-0.75
3303,-0.75
3304,-0.75
3305,-0.75
3306,-0.75
3307,-0.75
3308,-0.75
3309,-0.75
3310,-0.75
3311,-0.75
3312,-0.75
3313,-0.75
3314,-0.75
3315,-0.75
3316,-0.75
3317,-0.75
3318,-0.75
3319,-0.75
3320,-0.75
3321,-0.75
3322,-0.75
3323,-0.75
3324,-0.75
3325,-0.75
3326,-0.75
3327,-0.75
3328,-0.75
3329,-0.75
3330,-0.75
3331,-0.75
3332,-0.75
3333,-0.75
3334,-0.75
3335,-0.75
3336,-0.75
3337,-0.75
3338,-0.75
3339,-0.75
3340,-0.75
3341,-0.75
3342,-0.75
3343,-0.75
3344,-0.75
3345,-0.75
3346,-0.75
3347,-0.75
3348,-0.75
3349,-0.75
3350,-0.75
3351,-0.75
3352,-0.75
3353,-0.75
3354,-0.75
3355,-0.75
3356,-0.75
3357,-0.75
3358,-0.75
3359,-0.75
3360,-0.75
3361,-0.75
3362,-0.75
3363,-0.75
3364,-0.75
3365,-0.75
3366,-0.75
3367,-0.75
3368,-0.75
3369,-0.75
3370,-0.75
3371,-0.75
3372,-0.75
3373,-0.75
3374,-0.75
3375,-0.75
3376,-0.75
3377,-0.75
3378,-0.75
3379,-0.75
3380,-0.75
3381,-0.75
3382,-0.75
3383,-0.75
3384,-0.75
3385,-0.75
3386,-0.75
3387,-0.75
3388,-0.75
3389,-0.75
3390,-0.75
3391,-0.75
3392,-0.75
3393,-1.0
3394,-1.0
3395,-1.0
3396,-1.0
3397,-1.0
3398,-1.0
3399,-1.0
3400,-1.0
3401,-1.0
3402,-1.0
3403,-1.0
3404,-1.0
3405,-1.0
3406,-1.0
3407,-1.0
3408,-1.0
3409,-1.0
3410,-1.0
3411,-1.0
3412,-1.0
3413,-1.0
3414,-1.0
3415,-1.0
3416,-1.0
3417,-1.0
3418,-1.0
3419,-1.0
3420,-1.0
3421,-1.0
3422,-1.0
3423,-1.0
3424,-1.0
3425,-1.0
3426,-1.0
3427,-1.0
3428,-1.0
3429,-1.0
3430,-1.0
3431,-1.0
3432,-1.0
3433,-1.0
3434,-1.0
3435,-1.0
3436,-1.0
3437,-1.0
3438,-1.0
3439,-1.0
3440,-1.0
3441,-1.0
3442,-1.0
3443,-1.0
3444,-1.0
3445,-1.0
3446,-1.0
3447,-1.0
3448,-1.0
3449,-1.0
3450,-1.0
3451,-1.0
3452,-1.0
3453,-1.0
3454,-1.0
3455,-1.0
3456,-1.0
3457,-1.0
3458,-1.0
3459,-1.0
3460,-1.0
3461,-1.0
3462,-1.0
3463,-1.0
3464,-1.0
3465,-1.0
3466,-1.0
3467,-1.0
3468,-1.0
3469,-1.0
3470,-1.0
3471,-1.0
3472,-1.0
3473,-1.0
3474,-1.0
3475,-1.0
3476,-1.0
3477,-1.0
3478,-1.0
3479,-1.0
3480,-1.0
3481,-1.0
3482,-1.0
3483,-1.0
3484,-1.0
3485,-1.0
3486,-1.0
3487,-1.0
3488,-1.0
3489,-0.75
3490,-0.75
3491,-0.75
3492,-0.75
3493,-0.75
3494,-0.75
3495,-0.75
3496,-0.75
3497,-0.75
3498,-0.75
3499,-0.75
3500,-0.75
3501,-0.75
3502,-0.75
3503,-0.75
3504,-0.75
3505,-0.75
3506,-0.75
3507,-0.75
3508,-0.75
3509,-0.75
3510,-0.75
3511,-0.75
3512,-0.75
3513,-0.75
3514,-0.75
3515,-0.75
3516,-0.75
3517,-0.75
3518,-0.75
3519,-0.75
3520,-0.75
3521,-0.75
3522,-0.75
3523,-0.75
3524,-0.75
3525,-0.75
3526,-0.75
3527,-0.75
3528,-0.75
3529,-0.75
3530,-0.75
3531,-0.75
3532,-0.75
3533,-0.75
3534,-0.75
3535,-0.75
3536,-0.75
3537,-0.75
3538,-0.75
3539,-0.75
3540,-0.75
3541,-0.75
3542,-0.75
3543,-0.75
3544,-0.75
3545,-0.75
3546,-0.75
3547,-0.75
3548,-0.75
3549,-0.75
3550,-0.75
3551,-0.75
3552,-0.75
3553,-0.75
3554,-0.75
3555,-0.75
3556,-0.75
3557,-0.75
3558,-0.75
3559,-0.75
3560,-0.75
3561,-0.75
3562,-0.75
3563,-0.75
3564,-0.75
3565,-0.75
3566,-0.75
3567,-0.75
3568,-0.75
3569,-0.75
3570,-0.75
3571,-0.75
3572,-0.75
3573,-0.75
3574,-0.75
3575,-0.75
3576,-0.75
3577,-0.75
3578,-0.75
3579,-0.75
3580,-0.75
3581,-0.75
3582,-0.75
3583,-0.75
3584,-0.75
3585,-0.75
3586,-0.75
3587,-0.75
3588,-0.75
3589,-0.75
3590,-0.75
3591,-0.75
3592,-0.75
3593,-0.75
3594,-0.75
3595,-0.75
3596,-0.75
3597,-0.75
3598,-0.75
3599,-0.75
3600,-0.75
3601,-0.75
3602,-0.75
3603,-0.75
3604,-0.75
3605,-0.75
3606,-0.75
3607,-0.75
3608,-0.75
3609,-0.75
3610,-0.75
3611,-0.75
3612,-0.75
3613,-0.75
3614,-0.75
3615,-0.75
3616,-0.75
3617,-0.75
3618,-0.75
3619,-0.75
3620,-0.75
3621,-0.75
3622,-0.75
3623,-0.75
3624,-0.75
3625,-0.75
3626,-0.75
3627,-0.75
3628,-0.75
3629,-0.75
3630,-0.75
3631,-0.75
3632,-0.75
3633,-0.75
3634,-0.75
3635,-0.75
3636,-0.75
3637,-0.75
3638,-0.75
3639,-0.75
3640,-0.75
3641,-0.75
3642,-0.75
3643,-0.75
3644,-0.75
3645,-0.75
3646,-0.75
3647,-0.75
3648,-0.75
3649,-0.75
3650,-0.75
3651,-0.75
3652,-0.75
3653,-0.75
3654,-0.75
3655,-0.75
3656,-0.75
3657,-0.75
3658,-0.75
3659,-0.75
3660,-0.75
3661,-0.75
3662,-0.75
3663,-0.75
3664,-0.75
3665,-0.75
3666,-0.75
3667,-0.75
3668,-0.75
3669,-0.75
3670,-0.75
3671,-0.75
3672,-0.75
3673,-0.75
3674,-0.75
3675,-0.75
3676,-0.75
3677,-0.75
3678,-0.75
3679,-0.75
3680,-0.75
3681,-0.75
3682,-0.75
3683,-0.75
3684,-0.75
3685,-0.75
3686,-0.75
3687,-0.75
3688,-0.75
3689,-0.75
3690,-0.75
3691,-0.75
3692,-0.75
3693,-0.75
3694,-0.75
3695,-0.75
3696,-0.75
3697,-0.75
3698,-0.75
3699,-0.75
3700,-0.75
3701,-0.75
3702,-0.75
3703,-0.75
3704,-0.75
3705,-0.75
3706,-0.75
3707,-0.75
3708,-0.75
3709,-0.75
3710,-0.75
3711,-0.75
3712,-0.75
3713,-0.75
3714,-0.75
3715,-0.75
3716,-0.75
3717,-0.75
3718,-0.75
3719,-0.75
3720,-0.75
3721,-0.75
3722,-0.75
3723,-0.75
3724,-0.75
3725,-0.75
3726,-0.75
3727,-0.75
3728,-0.75
3729,-0.75
3730,-0.75
3731,-0.75
3732,-0.75
3733,-0.75
3734,-0.75
3735,-0.75
3736,-0.75
3737,-0.75
3738,-0.75
3739,-0.75
3740,-0.75
3741,-0.75
3742,-0.75
3743,-0.75
3744,-0.75
3745,-0.75
3746,-0.75
3747,-0.75
3748,-0.75
3749,-0.75
3750,-0.75
3751,-0.75
3752,-0.75
3753,-0.75
3754,-0.75
3755,-0.75
3756,-0.75
3757,-0.75
3758,-0.75
3759,-0.75
3760,-0.75
3761,-0.75
3762,-0.75
3763,-0.75
3764,-0.75
3765,-0.75
3766,-0.75
3767,-0.75
3768,-0.75
3769,-0.75
3770,-0.75
3771,-0.75
3772,-0.75
3773,-0.75
3774,-0.75
3775,-0.75
3776,-0.75
3777,-0.75
3778,-0.75
3779,-0.75
3780,-0.75
3781,-0.75
3782,-0.75
3783,-0.75
3784,-0.75
3785,-0.75
3786,-0.75
3787,-0.75
3788,-0.75
3789,-0.75
3790,-0.75
3791,-0.75
3792,-0.75
3793,-0.75
3794,-0.75
3795,-0.75
3796,-0.75
3797,-0.75
3798,-0.75
3799,-0.75
3800,-0.75
3801,-0.75
3802,-0.75
3803,-0.75
3804,-0.75
3805,-0.75
3806,-0.75
3807,-0.75
3808,-0.75
3809,-0.75
3810,-0.75
3811,-0.75
3812,-0.75
3813,-0.75
3814,-0.75
3815,-0.75
3816,-0.75
3817,-0.75
3818,-0.75
3819,-0.75
3820,-0.75
3821,-0.75
3822,-0.75
3823,-0.75
3824,-0.75
3825,-0.75
3826,-0.75
3827,-0.75
3828,-0.75
3829,-0.75
3830,-0.75
3831,-0.75
3832,-0.75
3833,-0.75
3834,-0.75
3835,-0.75
3836,-0.75
3837,-0.75
3838,-0.75
3839,-0.75
3840,-0.75
3841,-0.75
3842,-0.75
3843,-0.75
3844,-0.75
3845,-0.75
3846,-0.75
3847,-0.75
3848,-0.75
3849,-0.75
3850,-0.75
3851,-0.75
3852,-0.75
3853,-0.75
3854,-0.75
3855,-0.75
3856,-0.75
3857,-0.75
3858,-0.75
3859,-0.75
3860,-0.75
3861,-0.75
3862,-0.75
3863,-0.75
3864,-0.75
3865,-0.75
3866,-0.75
3867,-0.75
3868,-0.75
3869,-0.75
3870,-0.75
3871,-0.75
3872,-0.75
3873,-0.75
3874,-0.75
3875,-0.75
3876,-0.75
3877,-0.75
3878,-0.75
3879,-0.75
3880,-0.75
3881,-0.75
3882,-0.75
3883,-0.75
3884,-0.75
3885,-0.75
3886,-0.75
3887,-0.75
3888,-0.75
3889,-0.75
3890,-0.75
3891,-0.75
3892,-0.75
3893,-0.75
3894,-0.75
3895,-0.75
3896,-0.75
3897,-0.75
3898,-0.75
3899,-0.75
3900,-0.75
3901,-0.75
3902,-0.75
3903,-0.75
3904,-0.75
3905,-0.75
3906,-0.75
3907,-0.75
3908,-0.75
3909,-0.75
3910,-0.75
3911,-0.75
3912,-0.75
3913,-0.75
3914,-0.75
3915,-0.75
3916,-0.75
3917,-0.75
3918,-0.75
3919,-0.75
3920,-0.75
3921,-0.75
3922,-0.75
3923,-0.75
3924,-0.75
3925,-0.75
3926,-0.75
3927,-0.75
3928,-0.75
3929,-0.75
3930,-0.75
3931,-0.75
3932,-0.75
3933,-0.75
3934,-0.75
3935,-0.75
3936,-0.75
3937,-0.75
3938,-0.75
3939,-0.75
3940,-0.75
3941,-0.75
3942,-0.75
3943,-0.75
3944,-0.75
3945,-0.75
3946,-0.75
3947,-0.75
3948,-0.75
3949,-0.75
3950,-0.75
3951,-0.75
3952,-0.75
3953,-0.75
3954,-0.75
3955,-0.75
3956,-0.75
3957,-0.75
3958,-0.75
3959,-0.75
3960,-0.75
3961,-0.75
3962,-0.75
3963,-0.75
3964,-0.75
3965,-0.75
3966,-0.75
3967,-0.75
3968,-0.75
3969,-0.5555556
3970,-0.5555556
3971,-0.5555556
3972,-0.5555556
3973,-0.5555556
3974,-0.5555556
3975,-0.5555556
3976,-0.5555556
3977,-0.5555556
3978,-0.5555556
3979,-0.5555556
3980,-0.5555556
3981,-0.5555556
3982,-0.5555556
3983,-0.5555556
3984,-0.5555556
3985,-0.5555556
3986,-0.5555556
3987,-0.5555556
3988,-0.5555556
3989,-0.5555556
3990,-0.5555556
3991,-0.5555556
3992,-0.5555556
3993,-0.5555556
3994,-0.5555556
3995,-0.5555556
3996,-0.5555556
3997,-0.5555556
3998,-0.5555556
3999,-0.5555556
4000,-0.5555556
4001,-0.5555556
4002,-0.5555556
4003,-0.5555556
4004,-0.5555556
4005,-0.5555556
4006,-0.5555556
4007,-0.5555556
4008,-0.5555556
4009,-0.5555556
4010,-0.5555556
4011,-0.5555556
4012,-0.5555556
4013,-0.5555556
4014,-0.5555556
4015,-0.5555556
4016,-0.5555556
4017,-0.5555556
4018,-0.5555556
4019,-0.5555556
4020,-0.5555556
4021,-0.5555556
4022,-0.5555556
4023,-0.5555556
4024,-0.5555556
4025,-0.5555556
4026,-0.5555556
4027,-0.5555556
4028,-0.5555556
4029,-0.5555556
4030,-0.5555556
4031,-0.5555556
4032,-0.5555556
4033,-0.33333334
4034,-0.33333334
4035,-0.33333334
4036,-0.33333334
4037,-0.33333334
4038,-0.33333334
4039,-0.33333334
4040,-0.33333334
4041,-0.33333334
4042,-0.33333334
4043,-0.33333334
4044,-0.33333334
4045,-0.33333334
4046,-0.33333334
4047,-0.33333334
4048,-0.33333334
4049,-0.33333334
4050,-0.33333334
4051,-0.33333334
4052,-0.33333334
4053,-0.33333334
4054,-0.33333334
4055,-0.33333334
4056,-0.33333334
4057,-0.33333334
4058,-0.33333334
4059,-0.33333334
4060,-0.33333334
4061,-0.33333334
4062,-0.33333334
4063,-0.33333334
4064,-0.33333334
4065,-0.5555556
4066,-0.5555556
4067,-0.5555556
4068,-0.5555556
4069,-0.5555556
4070,-0.5555556
4071,-0.5555556
4072,-0.5555556
4073,-0.5555556
4074,-0.5555556
4075,-0.5555556
4076,-0.5555556
4077,-0.5555556
4078,-0.5555556
4079,-0.5555556
4080,-0.5555556
4081,-0.5555556
4082,-0.5555556
4083,-0.5555556
4084,-0.5555556
4085,-0.5555556
4086,-0.5555556
4087,-0.5555556
4088,-0.5555556
4089,-0.5555556
4090,-0.5555556
4091,-0.5555556
4092,-0.5555556
4093,-0.5555556
4094,-0.5555556
4095,-0.5555556
4096,-0.5555556
4097,-0.5555556
4098,-0.5555556
4099,-0.5555556
4100,-0.5555556
4101,-0.5555556
4102,-0.5555556
4103,-0.5555556
4104,-0.5555556
4105,-0.5555556
4106,-0.5555556
4107,-0.5555556
4108,-0.5555556
4109,-0.5555556
4110,-0.5555556
4111,-0.5555556
4112,-0.5555556
4113,-0.5555556
4114,-0.5555556
4115,-0.5555556
4116,-0.5555556
4117,-0.5555556
4118,-0.5555556
4119,-0.5555556
4120,-0.5555556
4121,-0.5555556
4122,-0.5555556
4123,-0.5555556
4124,-0.5555556
4125,-0.5555556
4126,-0.5555556
4127,-0.5555556
4128,-0.5555556
4129,-0.5555556
4130,-0.5555556
4131,-0.5555556
4132,-0.5555556
4133,-0.5555556
4134,-0.5555556
4135,-0.5555556
4136,-0.5555556
4137,-0.5555556
4138,-0.5555556
4139,-0.5555556
4140,-0.5555556
4141,-0.5555556
4142,-0.5555556
4143,-0.5555556
4144,-0.5555556
4145,-0.5555556
4146,-0.5555556
4147,-0.5555556
4148,-0.5555556
4149,-0.5555556
4150,-0.5555556
4151,-0.5555556
4152,-0.5555556
4153,-0.5555556
4154,-0.5555556
4155,-0.5555556
4156,-0.5555556
4157,-0.5555556
4158,-0.5555556
4159,-0.5555556
4160,-0.5555556
4161,-0.33333334
4162,-0.33333334
4163,-0.33333334
4164,-0.33333334
4165,-0.33333334
4166,-0.33333334
4167,-0.33333334
4168,-0.33333334
4169,-0.33333334
4170,-0.33333334
4171,-0.33333334
4172,-0.33333334
4173,-0.33333334
4174,-0.33333334
4175,-0.33333334
4176,-0.33333334
4177,-0.33333334
4178,-0.33333334
4179,-0.33333334
4180,-0.33333334
4181,-0.33333334
4182,-0.33333334
4183,-0.33333334
4184,-0.33333334
4185,-0.33333334
4186,-0.33333334
4187,-0.33333334
4188,-0.33333334
4189,-0.33333334
4190,-0.33333334
4191,-0.33333334
4192,-0.33333334
4193,-0.33333334
4194,-0.33333334
4195,-0.33333334
4196,-0.33333334
4197,-0.33333334
4198,-0.33333334
4199,-0.33333334
4200,-0.33333334
4201,-0.33333334
4202,-0.33333334
4203,-0.33333334
4204,-0.33333334
4205,-0.33333334
4206,-0.33333334
4207,-0.33333334
4208,-0.33333334
4209,-0.33333334
4210,-0.33333334
4211,-0.33333334
4212,-0.33333334
4213,-0.33333334
4214,-0.33333334
4215,-0.33333334
4216,-0.33333334
4217,-0.33333334
4218,-0.33333334
4219,-0.33333334
4220,-0.33333334
4221,-0.33333334
4222,-0.33333334
4223,-0.33333334
4224,-0.33333334
4225,-0.75
4226,-0.75
4227,-0.75
4228,-0.75
4229,-0.75
4230,-0.75
4231,-0.75
4232,-0.75
4233,-0.75
4234,-0.75
4235,-0.75
4236,-0.75
4237,-0.75
4238,-0.75
4239,-0.75
4240,-0.75
4241,-0.75
4242,-0.75
4243,-0.75
4244,-0.75
4245,-0.75
4246,-0.75
4247,-0.75
4248,-0.75
4249,-0.75
4250,-0.75
4251,-0.75
4252,-0.75
4253,-0.75
4254,-0.75
4255,-0.75
4256,-0.75
4257,-0.33333334
4258,-0.33333334
4259,-0.33333334
4260,-0.33333334
4261,-0.33333334
4262,-0.33333334
4263,-0.33333334
4264,-0.33333334
4265,-0.33333334
4266,-0.33333334
4267,-0.33333334
4268,-0.33333334
4269,-0.33333334
4270,-0.33333334
4271,-0.33333334
4272,-0.33333334
4273,-0.33333334
4274,-0.33333334
4275,-0.33333334
4276,-0.33333334
4277,-0.33333334
4278,-0.33333334
4279,-0.33333334
4280,-0.33333334
4281,-0.33333334
4282,-0.33333334
4283,-0.33333334
4284,-0.33333334
4285,-0.33333334
4286,-0.33333334
4287,-0.33333334
4288,-0.33333334
4289,-0.33333334
4290,-0.33333334
4291,-0.33333334
4292,-0.33333334
4293,-0.33333334
4294,-0.33333334
4295,-0.33333334
4296,-0.33333334
4297,-0.33333334
4298,-0.33333334
4299,-0.33333334
4300,-0.33333334
4301,-0.33333334
4302,-0.33333334
4303,-0.33333334
4304,-0.33333334
4305,-0.33333334
4306,-0.33333334
4307,-0.33333334
4308,-0.33333334
4309,-0.33333334
4310,-0.33333334
4311,-0.33333334
4312,-0.33333334
4313,-0.33333334
4314,-0.33333334
4315,-0.33333334
4316,-0.33333334
4317,-0.33333334
4318,-0.33333334
4319,-0.33333334
4320,-0.33333334
4321,-0.33333334
4322,-0.33333334
4323,-0.33333334
4324,-0.33333334
4325,-0.33333334
4326,-0.33333334
4327,-0.33333334
4328,-0.33333334
4329,-0.33333334
4330,-0.33333334
4331,-0.33333334
4332,-0.33333334
4333,-0.33333334
4334,-0.33333334
4335,-0.33333334
4336,-0.33333334
4337,-0.33333334
4338,-0.33333334
4339,-0.33333334
4340,-0.33333334
4341,-0.33333334
4342,-0.33333334
4343,-0.33333334
4344,-0.33333334
4345,-0.33333334
4346,-0.33333334
4347,-0.33333334
4348,-0.33333334
4349,-0.33333334
4350,-0.33333334
4351,-0.33333334
4352,-0.33333334
4353,-0.33333334
4354,-0.33333334
4355,-0.33333334
4356,-0.33333334
4357,-0.33333334
4358,-0.33333334
4359,-0.33333334
4360,-0.33333334
4361,-0.33333334
4362,-0.33333334
4363,-0.33333334
4364,-0.33333334
4365,-0.33333334
4366,-0.33333334
4367,-0.33333334
4368,-0.33333334
4369,-0.33333334
4370,-0.33333334
4371,-0.33333334
4372,-0.33333334
4373,-0.33333334
4374,-0.33333334
4375,-0.33333334
4376,-0.33333334
4377,-0.33333334
4378,-0.33333334
4379,-0.33333334
4380,-0.33333334
4381,-0.33333334
4382,-0.33333334
4383,-0.33333334
4384,-0.33333334
4385,-0.33333334
4386,-0.33333334
4387,-0.33333334
4388,-0.33333334
4389,-0.33333334
4390,-0.33333334
4391,-0.33333334
4392,-0.33333334
4393,-0.33333334
4394,-0.33333334
4395,-0.33333334
4396,-0.33333334
4397,-0.33333334
4398,-0.33333334
4399,-0.33333334
4400,-0.33333334
4401,-0.33333334
4402,-0.33333334
4403,-0.33333334
4404,-0.33333334
4405,-0.33333334
4406,-0.33333334
4407,-0.33333334
4408,-0.33333334
4409,-0.33333334
4410,-0.33333334
4411,-0.33333334
4412,-0.33333334
4413,-0.33333334
4414,-0.33333334
4415,-0.33333334
4416,-0.33333334
4417,-0.33333334
4418,-0.33333334
4419,-0.33333334
4420,-0.33333334
4421,-0.33333334
4422,-0.33333334
4423,-0.33333334
4424,-0.33333334
4425,-0.33333334
4426,-0.33333334
4427,-0.33333334
4428,-0.33333334
4429,-0.33333334
4430,-0.33333334
4431,-0.33333334
4432,-0.33333334
4433,-0.33333334
4434,-0.33333334
4435,-0.33333334
4436,-0.33333334
4437,-0.33333334
4438,-0.33333334
4439,-0.33333334
4440,-0.33333334
4441,-0.33333334
4442,-0.33333334
4443,-0.33333334
4444,-0.33333334
4445,-0.33333334
4446,-0.33333334
4447,-0.33333334
4448,-0.33333334
4449,-0.75
4450,-0.75
4451,-0.75
4452,-0.75
4453,-0.75
4454,-0.75
4455,-0.75
4456,-0.75
4457,-0.75
4458,-0.75
4459,-0.75
4460,-0.75
4461,-0.75
4462,-0.75
4463,-0.75
4464,-0.75
4465,-0.75
4466,-0.75
4467,-0.75
4468,-0.75
4469,-0.75
4470,-0.75
4471,-0.75
4472,-0.75
4473,-0.75
4474,-0.75
4475,-0.75
4476,-0.75
4477,-0.75
4478,-0.75
4479,-0.75
4480,-0.75
4481,-0.75
4482,-0.75
4483,-0.75
4484,-0.75
4485,-0.75
4486,-0.75
4487,-0.75
4488,-0.75
4489,-0.75
4490,-0.75
4491,-0.75
4492,-0.75
4493,-0.75
4494,-0.75
4495,-0.75
4496,-0.75
4497,-0.75
4498,-0.75
4499,-0.75
4500,-0.75
4501,-0.75
4502,-0.75
4503,-0.75
4504,-0.75
4505,-0.75
4506,-0.75
4507,-0.75
4508,-0.75
4509,-0.75
4510,-0.75
4511,-0.75
4512,-0.75
4513,-0.75
4514,-0.75
4515,-0.75
4516,-0.75
4517,-0.75
4518,-0.75
4519,-0.75
4520,-0.75
4521,-0.75
4522,-0.75
4523,-0.75
4524,-0.75
4525,-0.75
4526,-0.75
4527,-0.75
4528,-0.75
4529,-0.75
4530,-0.75
4531,-0.75
4532,-0.75
4533,-0.75
4534,-0.75
4535,-0.75
4536,-0.75
4537,-0.75
4538,-0.75
4539,-0.75
4540,-0.75
4541,-0.75
4542,-0.75
4543,-0.75
4544,-0.75
4545,-0.75
4546,-0.75
4547,-0.75
4548,-0.75
4549,-0.75
4550,-0.75
4551,-0.75
4552,-0.75
4553,-0.75
4554,-0.75
4555,-0.75
4556,-0.75
4557,-0.75
4558,-0.75
4559,-0.75
4560,-0.75
4561,-0.75
4562,-0.75
4563,-0.75
4564,-0.75
4565,-0.75
4566,-0.75
4567,-0.75
4568,-0.75
4569,-0.75
4570,-0.75
4571,-0.75
4572,-0.75
4573,-0.75
4574,-0.75
4575,-0.75
4576,-0.75
4577,-0.75
4578,-0.75
4579,-0.75
4580,-0.75
4581,-0.75
4582,-0.75
4583,-0.75
4584,-0.75
4585,-0.75
4586,-0.75
4587,-0.75
4588,-0.75
4589,-0.75
4590,-0.75
4591,-0.75
4592,-0.75
4593,-0.75
4594,-0.75
4595,-0.75
4596,-0.75
4597,-0.75
4598,-0.75
4599,-0.75
4600,-0.75
4601,-0.75
4602,-0.75
4603,-0.75
4604,-0.75
4605,-0.75
4606,-0.75
4607,-0.75
4608,-0.75
4609,-0.75
4610,-0.75
4611,-0.75
4612,-0.75
4613,-0.75
4614,-0.75
4615,-0.75
4616,-0.75
4617,-0.75
4618,-0.75
4619,-0.75
4620,-0.75
4621,-0.75
4622,-0.75
4623,-0.75
4624,-0.75
4625,-0.75
4626,-0.75
4627,-0.75
4628,-0.75
4629,-0.75
4630,-0.75
4631,-0.75
4632,-0.75
4633,-0.75
4634,-0.75
4635,-0.75
4636,-0.75
4637,-0.75
4638,-0.75
4639,-0.75
4640,-0.75
4641,-0.75
4642,-0.75
4643,-0.75
4644,-0.75
4645,-0.75
4646,-0.75
4647,-0.75
4648,-0.75
4649,-0.75
4650,-0.75
4651,-0.75
4652,-0.75
4653,-0.75
4654,-0.75
4655,-0.75
4656,-0.75
4657,-0.75
4658,-0.75
4659,-0.75
4660,-0.75
4661,-0.75
4662,-0.75
4663,-0.75
4664,-0.75
4665,-0.75
4666,-0.75
4667,-0.75
4668,-0.75
4669,-0.75
4670,-0.75
4671,-0.75
4672,-0.75
4673,-0.75
4674,-0.75
4675,-0.75
4676,-0.75
4677,-0.75
4678,-0.75
4679,-0.75
4680,-0.75
4681,-0.75
4682,-0.75
4683,-0.75
4684,-0.75
4685,-0.75
4686,-0.75
4687,-0.75
4688,-0.75
4689,-0.75
4690,-0.75
4691,-0.75
4692,-0.75
4693,-0.75
4694,-0.75
4695,-0.75
4696,-0.75
4697,-0.75
4698,-0.75
4699,-0.75
4700,-0.75
4701,-0.75
4702,-0.75
4703,-0.75
4704,-0.75
4705,-0.75
4706,-0.75
4707,-0.75
4708,-0.75
4709,-0.75
4710,-0.75
4711,-0.75
4712,-0.75
4713,-0.75
4714,-0.75
4715,-0.75
4716,-0.75
4717,-0.75
4718,-0.75
4719,-0.75
4720,-0.75
4721,-0.75
4722,-0.75
4723,-0.75
4724,-0.75
4725,-0.75
4726,-0.75
4727,-0.75
4728,-0.75
4729,-0.75
4730,-0.75
4731,-0.75
4732,-0.75
4733,-0.75
4734,-0.75
4735,-0.75
4736,-0.75
4737,-0.75
4738,-0.75
4739,-0.75
4740,-0.75
4741,-0.75
4742,-0.75
4743,-0.75
4744,-0.75
4745,-0.75
4746,-0.75
4747,-0.75
4748,-0.75
4749,-0.75
4750,-0.75
4751,-0.75
4752,-0.75
4753,-0.75
4754,-0.75
4755,-0.75
4756,-0.75
4757,-0.75
4758,-0.75
4759,-0.75
4760,-0.75
4761,-0.75
4762,-0.75
4763,-0.75
4764,-0.75
4765,-0.75
4766,-0.75
4767,-0.75
4768,-0.75
4769,-0.75
4770,-0.75
4771,-0.75
4772,-0.75
4773,-0.75
4774,-0.75
4775,-0.75
4776,-0.75
4777,-0.75
4778,-0.75
4779,-0.75
4780,-0.75
4781,-0.75
4782,-0.75
4783,-0.75
4784,-0.75
4785,-0.75
4786,-0.75
4787,-0.75
4788,-0.75
4789,-0.75
4790,-0.75
4791,-0.75
4792,-0.75
4793,-0.75
4794,-0.75
4795,-0.75
4796,-0.75
4797,-0.75
4798,-0.75
4799,-0.75
4800,-0.75
4801,-0.75
4802,-0.75
4803,-0.75
4804,-0.75
4805,-0.75
4806,-0.75
4807,-0.75
4808,-0.75
4809,-0.75
4810,-0.75
4811,-0.75
4812,-0.75
4813,-0.75
4814,-0.75
4815,-0.75
4816,-0.75
4817,-0.75
4818,-0.75
4819,-0.75
4820,-0.75
4821,-0.75
4822,-0.75
4823,-0.75
4824,-0.75
4825,-0.75
4826,-0.75
4827,-0.75
4828,-0.75
4829,-0.75
4830,-0.75
4831,-0.75
4832,-0.75
4833,-0.75
4834,-0.75
4835,-0.75
4836,-0.75
4837,-0.75
4838,-0.75
4839,-0.75
4840,-0.75
4841,-0.75
4842,-0.75
4843,-0.75
4844,-0.75
4845,-0.75
4846,-0.75
4847,-0.75
4848,-0.75
4849,-0.75
4850,-0.75
4851,-0.75
4852,-0.75
4853,-0.75
4854,-0.75
4855,-0.75
4856,-0.75
4857,-0.75
4858,-0.75
4859,-0.75
4860,-0.75
4861,-0.75
4862,-0.75
4863,-0.75
4864,-0.75
4865,-0.75
4866,-0.75
4867,-0.75
4868,-0.75
4869,-0.75
4870,-0.75
4871,-0.75
4872,-0.75
4873,-0.75
4874,-0.75
4875,-0.75
4876,-0.75
4877,-0.75
4878,-0.75
4879,-0.75
4880,-0.75
4881,-0.75
4882,-0.75
4883,-0.75
4884,-0.75
4885,-0.75
4886,-0.75
4887,-0.75
4888,-0.75
4889,-0.75
4890,-0.75
4891,-0.75
4892,-0.75
4893,-0.75
4894,-0.75
4895,-0.75
4896,-0.75
4897,-0.75
4898,-0.75
4899,-0.75
4900,-0.75
4901,-0.75
4902,-0.75
4903,-0.75
4904,-0.75
4905,-0.75
4906,-0.75
4907,-0.75
4908,-0.75
4909,-0.75
4910,-0.75
4911,-0.75
4912,-0.75
4913,-0.75
4914,-0.75
4915,-0.75
4916,-0.75
4917,-0.75
4918,-0.75
4919,-0.75
4920,-0.75
4921,-0.75
4922,-0.75
4923,-0.75
4924,-0.75
4925,-0.75
4926,-0.75
4927,-0.75
4928,-0.75
4929,-0.75
4930,-0.75
4931,-0.75
4932,-0.75
4933,-0.75
4934,-0.75
4935,-0.75
4936,-0.75
4937,-0.75
4938,-0.75
4939,-0.75
4940,-0.75
4941,-0.75
4942,-0.75
4943,-0.75
4944,-0.75
4945,-0.75
4946,-0.75
4947,-0.75
4948,-0.75
4949,-0.75
4950,-0.75
4951,-0.75
4952,-0.75
4953,-0.75
4954,-0.75
4955,-0.75
4956,-0.75
4957,-0.75
4958,-0.75
4959,-0.75
4960,-0.75
4961,-0.75
4962,-0.75
4963,-0.75
4964,-0.75
4965,-0.75
4966,-0.75
4967,-0.75
4968,-0.75
4969,-0.75
4970,-0.75
4971,-0.75
4972,-0.75
4973,-0.75
4974,-0.75
4975,-0.75
4976,-0.75
4977,-0.75
4978,-0.75
4979,-0.75
4980,-0.75
4981,-0.75
4982,-0.75
4983,-0.75
4984,-0.75
4985,-0.75
4986,-0.75
4987,-0.75
4988,-0.75
4989,-0.75
4990,-0.75
4991,-0.75
4992,-0.75
4993,-0.75
4994,-0.75
4995,-0.75
4996,-0.75
4997,-0.75
4998,-0.75
4999,-0.75
5000,-0.75
5001,-0.75
5002,-0.75
5003,-0.75
5004,-0.75
5005,-0.75
5006,-0.75
5007,-0.75
5008,-0.75
5009,-0.75
5010,-0.75
5011,-0.75
5012,-0.75
5013,-0.75
5014,-0.75
5015,-0.75
5016,-0.75
5017,-0.75
5018,-0.75
5019,-0.75
5020,-0.75
5021,-0.75
5022,-0.75
5023,-0.75
5024,-0.75
5025,-0.75
5026,-0.75
5027,-0.75
5028,-0.75
5029,-0.75
5030,-0.75
5031,-0.75
5032,-0.75
5033,-0.75
5034,-0.75
5035,-0.75
5036,-0.75
5037,-0.75
5038,-0.75
5039,-0.75
5040,-0.75
5041,-0.75
5042,-0.75
5043,-0.75
5044,-0.75
5045,-0.75
5046,-0.75
5047,-0.75
5048,-0.75
5049,-0.75
5050,-0.75
5051,-0.75
5052,-0.75
5053,-0.75
5054,-0.75
5055,-0.75
5056,-0.75
5057,-1.0
5058,-1.0
5059,-1.0
5060,-1.0
5061,-1.0
5062,-1.0
5063,-1.0
5064,-1.0
5065,-1.0
5066,-1.0
5067,-1.0
5068,-1.0
5069,-1.0
5070,-1.0
5071,-1.0
5072,-1.0
5073,-1.0
5074,-1.0
5075,-1.0
5076,-1.0
5077,-1.0
5078,-1.0
5079,-1.0
5080,-1.0
5081,-1.0
5082,-1.0
5083,-1.0
5084,-1.0
5085,-1.0
5086,-1.0
5087,-1.0
5088,-1.0
5089,-1.0
5090,-1.0
5091,-1.0
5092,-1.0
5093,-1.0
5094,-1.0
5095,-1.0
5096,-1.0
5097,-1.0
5098,-1.0
5099,-1.0
5100,-1.0
5101,-1.0
5102,-1.0
5103,-1.0
5104,-1.0
5105,-1.0
5106,-1.0
5107,-1.0
5108,-1.0
5109,-1.0
5110,-1.0
5111,-1.0
5112,-1.0
5113,-1.0
5114,-1.0
5115,-1.0
5116,-1.0
5117,-1.0
5118,-1.0
5119,-1.0
5120,-1.0
5121,-1.0
5122,-1.0
5123,-1.0
5124,-1.0
5125,-1.0
5126,-1.0
5127,-1.0
5128,-1.0
5129,-1.0
5130,-1.0
5131,-1.0
5132,-1.0
5133,-1.0
5134,-1.0
5135,-1.0
5136,-1.0
5137,-1.0
5138,-1.0
5139,-1.0
5140,-1.0
5141,-1.0
5142,-1.0
5143,-1.0
5144,-1.0
5145,-1.0
5146,-1.0
5147,-1.0
5148,-1.0
5149,-1.0
5150,-1.0
5151,-1.0
5152,-1.0
5153,-1.0
5154,-1.0
5155,-1.0
5156,-1.0
5157,-1.0
5158,-1.0
5159,-1.0
5160,-1.0
5161,-1.0
5162,-1.0
5163,-1.0
5164,-1.0
5165,-1.0
5166,-1.0
5167,-1.0
5168,-1.0
5169,-1.0
5170,-1.0
5171,-1.0
5172,-1.0
5173,-1.0
5174,-1.0
5175,-1.0
5176,-1.0
5177,-1.0
5178,-1.0
5179,-1.0
5180,-1.0
5181,-1.0
5182,-1.0
5183,-1.0
5184,-1.0
5185,-1.0
5186,-1.0
5187,-1.0
5188,-1.0
5189,-1.0
5190,-1.0
5191,-1.0
5192,-1.0
5193,-1.0
5194,-1.0
5195,-1.0
5196,-1.0
5197,-1.0
5198,-1.0
5199,-1.0
5200,-1.0
5201,-1.0
5202,-1.0
5203,-1.0
5204,-1.0
5205,-1.0
5206,-1.0
5207,-1.0
5208,-1.0
5209,-1.0
5210,-1.0
5211,-1.0
5212,-1.0
5213,-1.0
5214,-1.0
5215,-1.0
5216,-1.0
5217,-1.0
5218,-1.0
5219,-1.0
5220,-1.0
5221,-1.0
5222,-1.0
5223,-1.0
5224,-1.0
5225,-1.0
5226,-1.0
5227,-1.0
5228,-1.0
5229,-1.0
5230,-1.0
5231,-1.0
5232,-1.0
5233,-1.0
5234,-1.0
5235,-1.0
5236,-1.0
5237,-1.0
5238,-1.0
5239,-1.0
5240,-1.0
5241,-1.0
5242,-1.0
5243,-1.0
5244,-1.0
5245,-1.0
5246,-1.0
5247,-1.0
5248,-1.0
5249,-1.0
5250,-1.0
5251,-1.0
5252,-1.0
5253,-1.0
5254,-1.0
5255,-1.0
5256,-1.0
5257,-1.0
5258,-1.0
5259,-1.0
5260,-1.0
5261,-1.0
5262,-1.0
5263,-1.0
5264,-1.0
5265,-1.0
5266,-1.0
5267,-1.0
5268,-1.0
5269,-1.0
5270,-1.0
5271,-1.0
5272,-1.0
5273,-1.0
5274,-1.0
5275,-1.0
5276,-1.0
5277,-1.0
5278,-1.0
5279,-1.0
5280,-1.0
5281,-1.0
5282,-1.0
5283,-1.0
5284,-1.0
5285,-1.0
5286,-1.0
5287,-1.0
5288,-1.0
5289,-1.0
5290,-1.0
5291,-1.0
5292,-1.0
5293,-1.0
5294,-1.0
5295,-1.0
5296,-1.0
5297,-1.0
5298,-1.0
5299,-1.0
5300,-1.0
5301,-1.0
5302,-1.0
5303,-1.0
5304,-1.0
5305,-1.0
5306,-1.0
5307,-1.0
5308,-1.0
5309,-1.0
5310,-1.0
5311,-1.0
5312,-1.0
5313,-1.0
5314,-1.0
5315,-1.0
5316,-1.0
5317,-1.0
5318,-1.0
5319,-1.0
5320,-1.0
5321,-1.0
5322,-1.0
5323,-1.0
5324,-1.0
5325,-1.0
5326,-1.0
5327,-1.0
5328,-1.0
5329,-1.0
5330,-1.0
5331,-1.0
5332,-1.0
5333,-1.0
5334,-1.0
5335,-1.0
5336,-1.0
5337,-1.0
5338,-1.0
5339,-1.0
5340,-1.0
5341,-1.0
5342,-1.0
5343,-1.0
5344,-1.0
5345,-1.0
5346,-1.0
5347,-1.0
5348,-1.0
5349,-1.0
5350,-1.0
5351,-1.0
5352,-1.0
5353,-1.0
5354,-1.0
5355,-1.0
5356,-1.0
5357,-1.0
5358,-1.0
5359,-1.0
5360,-1.0
5361,-1.0
5362,-1.0
5363,-1.0
5364,-1.0
5365,-1.0
5366,-1.0
5367,-1.0
5368,-1.0
5369,-1.0
5370,-1.0
5371,-1.0
5372,-1.0
5373,-1.0
5374,-1.0
5375,-1.0
5376,-1.0
5377,-1.0
5378,-1.0
5379,-1.0
5380,-1.0
5381,-1.0
5382,-1.0
5383,-1.0
5384,-1.0
5385,-1.0
5386,-1.0
5387,-1.0
5388,-1.0
5389,-1.0
5390,-1.0
5391,-1.0
5392,-1.0
5393,-1.0
5394,-1.0
5395,-1.0
5396,-1.0
5397,-1.0
5398,-1.0
5399,-1.0
5400,-1.0
5401,-1.0
5402,-1.0
5403,-1.0
5404,-1.0
5405,-1.0
5406,-1.0
5407,-1.0
5408,-1.0
5409,-1.0
5410,-1.0
5411,-1.0
5412,-1.0
5413,-1.0
5414,-1.0
5415,-1.0
5416,-1.0
5417,-1.0
5418,-1.0
5419,-1.0
5420,-1.0
5421,-1.0
5422,-1.0
5423,-1.0
5424,-1.0
5425,-1.0
5426,-1.0
5427,-1.0
5428,-1.0
5429,-1.0
5430,-1.0
5431,-1.0
5432,-1.0
5433,-1.0
5434,-1.0
5435,-1.0
5436,-1.0
5437,-1.0
5438,-1.0
5439,-1.0
5440,-1.0
5441,-1.0
5442,-1.0
5443,-1.0
5444,-1.0
5445,-1.0
5446,-1.0
5447,-1.0
5448,-1.0
5449,-1.0
5450,-1.0
5451,-1.0
5452,-1.0
5453,-1.0
5454,-1.0
5455,-1.0
5456,-1.0
5457,-1.0
5458,-1.0
5459,-1.0
5460,-1.0
5461,-1.0
5462,-1.0
5463,-1.0
5464,-1.0
5465,-1.0
5466,-1.0
5467,-1.0
5468,-1.0
5469,-1.0
5470,-1.0
5471,-1.0
5472,-1.0
5473,-1.0
5474,-1.0
5475,-1.0
5476,-1.0
5477,-1.0
5478,-1.0
5479,-1.0
5480,-1.0
5481,-1.0
5482,-1.0
5483,-1.0
5484,-1.0
5485,-1.0
5486,-1.0
5487,-1.0
5488,-1.0
5489,-1.0
5490,-1.0
5491,-1.0
5492,-1.0
5493,-1.0
5494,-1.0
5495,-1.0
5496,-1.0
5497,-1.0
5498,-1.0
5499,-1.0
5500,-1.0
5501,-1.0
5502,-1.0
5503,-1.0
5504,-1.0
5505,-1.0
5506,-1.0
5507,-1.0
5508,-1.0
5509,-1.0
5510,-1.0
5511,-1.0
5512,-1.0
5513,-1.0
5514,-1.0
5515,-1.0
5516,-1.0
5517,-1.0
5518,-1.0
5519,-1.0
5520,-1.0
5521,-1.0
5522,-1.0
5523,-1.0
5524,-1.0
5525,-1.0
5526,-1.0
5527,-1.0
5528,-1.0
5529,-1.0
5530,-1.0
5531,-1.0
5532,-1.0
5533,-1.0
5534,-1.0
5535,-1.0
5536,-1.0
5537,-1.0
5538,-1.0
5539,-1.0
5540,-1.0
5541,-1.0
5542,-1.0
5543,-1.0
5544,-1.0
5545,-1.0
5546,-1.0
5547,-1.0
5548,-1.0
5549,-1.0
5550,-1.0
5551,-1.0
5552,-1.0
5553,-1.0
5554,-1.0
5555,-1.0
5556,-1.0
5557,-1.0
5558,-1.0
5559,-1.0
5560,-1.0
5561,-1.0
5562,-1.0
5563,-1.0
5564,-1.0
5565,-1.0
5566,-1.0
5567,-1.0
5568,-1.0
5569,-1.0
5570,-1.0
5571,-1.0
5572,-1.0
5573,-1.0
5574,-1.0
5575,-1.0
5576,-1.0
5577,-1.0
5578,-1.0
5579,-1.0
5580,-1.0
5581,-1.0
5582,-1.0
5583,-1.0
5584,-1.0
5585,-1.0
5586,-1.0
5587,-1.0
5588,-1.0
5589,-1.0
5590,-1.0
5591,-1.0
5592,-1.0
5593,-1.0
5594,-1.0
5595,-1.0
5596,-1.0
5597,-1.0
5598,-1.0
5599,-1.0
5600,-1.0
5601,-1.0
5602,-1.0
5603,-1.0
5604,-1.0
5605,-1.0
5606,-1.0
5607,-1.0
5608,-1.0
5609,-1.0
5610,-1.0
5611,-1.0
5612,-1.0
5613,-1.0
5614,-1.0
5615,-1.0
5616,-1.0
5617,-1.0
5618,-1.0
5619,-1.0
5620,-1.0
5621,-1.0
5622,-1.0
5623,-1.0
5624,-1.0
5625,-1.0
5626,-1.0
5627,-1.0
5628,-1.0
5629,-1.0
5630,-1.0
5631,-1.0
5632,-1.0
5633,-1.0
5634,-1.0
5635,-1.0
5636,-1.0
5637,-1.0
5638,-1.0
5639,-1.0
5640,-1.0
5641,-1.0
5642,-1.0
5643,-1.0
5644,-1.0
5645,-1.0
5646,-1.0
5647,-1.0
5648,-1.0
5649,-1.0
5650,-1.0
5651,-1.0
5652,-1.0
5653,-1.0
5654,-1.0
5655,-1.0
5656,-1.0
5657,-1.0
5658,-1.0
5659,-1.0
5660,-1.0
5661,-1.0
5662,-1.0
5663,-1.0
5664,-1.0
5665,-1.0
5666,-1.0
5667,-1.0
5668,-1.0
5669,-1.0
5670,-1.0
5671,-1.0
5672,-1.0
5673,-1.0
5674,-1.0
5675,-1.0
5676,-1.0
5677,-1.0
5678,-1.0
5679,-1.0
5680,-1.0
5681,-1.0
5682,-1.0
5683,-1.0
5684,-1.0
5685,-1.0
5686,-1.0
5687,-1.0
5688,-1.0
5689,-1.0
5690,-1.0
5691,-1.0
5692,-1.0
5693,-1.0
5694,-1.0
5695,-1.0
5696,-1.0
5697,-1.0
5698,-1.0
5699,-1.0
5700,-1.0
5701,-1.0
5702,-1.0
5703,-1.0
5704,-1.0
5705,-1.0
5706,-1.0
5707,-1.0
5708,-1.0
5709,-1.0
5710,-1.0
5711,-1.0
5712,-1.0
5713,-1.0
5714,-1.0
5715,-1.0
5716,-1.0
5717,-1.0
5718,-1.0
5719,-1.0
5720,-1.0
5721,-1.0
5722,-1.0
5723,-1.0
5724,-1.0
5725,-1.0
5726,-1.0
5727,-1.0
5728,-1.0
5729,-1.0
5730,-1.0
5731,-1.0
5732,-1.0
5733,-1.0
5734,-1.0
5735,-1.0
5736,-1.0
5737,-1.0
5738,-1.0
5739,-1.0
5740,-1.0
5741,-1.0
5742,-1.0
5743,-1.0
5744,-1.0
5745,-1.0
5746,-1.0
5747,-1.0
5748,-1.0
5749,-1.0
5750,-1.0
5751,-1.0
5752,-1.0
5753,-1.0
5754,-1.0
5755,-1.0
5756,-1.0
5757,-1.0
5758,-1.0
5759,-1.0
5760,-1.0
5761,-1.0
5762,-1.0
5763,-1.0
5764,-1.0
5765,-1.0
5766,-1.0
5767,-1.0
5768,-1.0
5769,-1.0
5770,-1.0
5771,-1.0
5772,-1.0
5773,-1.0
5774,-1.0
5775,-1.0
5776,-1.0
5777,-1.0
5778,-1.0
5779,-1.0
5780,-1.0
5781,-1.0
5782,-1.0
5783,-1.0
5784,-1.0
5785,-1.0
5786,-1.0
5787,-1.0
5788,-1.0
5789,-1.0
5790,-1.0
5791,-1.0
5792,-1.0
5793,-1.0
5794,-1.0
5795,-1.0
5796,-1.0
5797,-1.0
5798,-1.0
5799,-1.0
5800,-1.0
5801,-1.0
5802,-1.0
5803,-1.0
5804,-1.0
5805,-1.0
5806,-1.0
5807,-1.0
5808,-1.0
5809,-1.0
5810,-1.0
5811,-1.0
5812,-1.0
5813,-1.0
5814,-1.0
5815,-1.0
5816,-1.0
5817,-1.0
5818,-1.0
5819,-1.0
5820,-1.0
5821,-1.0
5822,-1.0
5823,-1.0
5824,-1.0
5825,-1.0
5826,-1.0
5827,-1.0
5828,-1.0
5829,-1.0
5830,-1.0
5831,-1.0
5832,-1.0
5833,-1.0
5834,-1.0
5835,-1.0
5836,-1.0
5837,-1.0
5838,-1.0
5839,-1.0
5840,-1.0
5841,-1.0
5842,-1.0
5843,-1.0
5844,-1.0
5845,-1.0
5846,-1.0
5847,-1.0
5848,-1.0
5849,-1.0
5850,-1.0
5851,-1.0
5852,-1.0
5853,-1.0
5854,-1.0
5855,-1.0
5856,-1.0
5857,-1.0
5858,-1.0
5859,-1.0
5860,-1.0
5861,-1.0
5862,-1.0
5863,-1.0
5864,-1.0
5865,-1.0
5866,-1.0
5867,-1.0
5868,-1.0
5869,-1.0
5870,-1.0
5871,-1.0
5872,-1.0
5873,-1.0
5874,-1.0
5875,-1.0
5876,-1.0
5877,-1.0
5878,-1.0
5879,-1.0
5880,-1.0
5881,-1.0
5882,-1.0
5883,-1.0
5884,-1.0
5885,-1.0
5886,-1.0
5887,-1.0
5888,-1.0
5889,-1.0
5890,-1.0
5891,-1.0
5892,-1.0
5893,-1.0
5894,-1.0
5895,-1.0
5896,-1.0
5897,-1.0
5898,-1.0
5899,-1.0
5900,-1.0
5901,-1.0
5902,-1.0
5903,-1.0
5904,-1.0
5905,-1.0
5906,-1.0
5907,-1.0
5908,-1.0
5909,-1.0
5910,-1.0
5911,-1.0
5912,-1.0
5913,-1.0
5914,-1.0
5915,-1.0
5916,-1.0
5917,-1.0
5918,-1.0
5919,-1.0
5920,-1.0
5921,-1.0
5922,-1.0
5923,-1.0
5924,-1.0
5925,-1.0
5926,-1.0
5927,-1.0
5928,-1.0
5929,-1.0
5930,-1.0
5931,-1.0
5932,-1.0
5933,-1.0
5934,-1.0
5935,-1.0
5936,-1.0
5937,-1.0
5938,-1.0
5939,-1.0
5940,-1.0
5941,-1.0
5942,-1.0
5943,-1.0
5944,-1.0
5945,-1.0
5946,-1.0
5947,-1.0
5948,-1.0
5949,-1.0
5950,-1.0
5951,-1.0
5952,-1.0
5953,-1.0
5954,-1.0
5955,-1.0
5956,-1.0
5957,-1.0
5958,-1.0
5959,-1.0
5960,-1.0
5961,-1.0
5962,-1.0
5963,-1.0
5964,-1.0
5965,-1.0
5966,-1.0
5967,-1.0
5968,-1.0
5969,-1.0
5970,-1.0
5971,-1.0
5972,-1.0
5973,-1.0
5974,-1.0
5975,-1.0
5976,-1.0
5977,-1.0
5978,-1.0
5979,-1.0
5980,-1.0
5981,-1.0
5982,-1.0
5983,-1.0
5984,-1.0
5985,-1.0
5986,-1.0
5987,-1.0
5988,-1.0
5989,-1.0
5990,-1.0
5991,-1.0
5992,-1.0
5993,-1.0
5994,-1.0
5995,-1.0
5996,-1.0
5997,-1.0
5998,-1.0
5999,-1.0
6000,-1.0
6001,-1.0
6002,-1.0
6003,-1.0
6004,-1.0
6005,-1.0
6006,-1.0
6007,-1.0
6008,-1.0
6009,-1.0
6010,-1.0
6011,-1.0
6012,-1.0
6013,-1.0
6014,-1.0
6015,-1.0
6016,-1.0
6017,-1.0
6018,-1.0
6019,-1.0
6020,-1.0
6021,-1.0
6022,-1.0
6023,-1.0
6024,-1.0
6025,-1.0
6026,-1.0
6027,-1.0
6028,-1.0
6029,-1.0
6030,-1.0
6031,-1.0
6032,-1.0
6033,-1.0
6034,-1.0
6035,-1.0
6036,-1.0
6037,-1.0
6038,-1.0
6039,-1.0
6040,-1.0
6041,-1.0
6042,-1.0
6043,-1.0
6044,-1.0
6045,-1.0
6046,-1.0
6047,-1.0
6048,-1.0
6049,-1.0
6050,-1.0
6051,-1.0
6052,-1.0
6053,-1.0
6054,-1.0
6055,-1.0
6056,-1.0
6057,-1.0
6058,-1.0
6059,-1.0
6060,-1.0
6061,-1.0
6062,-1.0
6063,-1.0
6064,-1.0
6065,-1.0
6066,-1.0
6067,-1.0
6068,-1.0
6069,-1.0
6070,-1.0
6071,-1.0
6072,-1.0
6073,-1.0
6074,-1.0
6075,-1.0
6076,-1.0
6077,-1.0
6078,-1.0
6079,-1.0
6080,-1.0
6081,-1.0
6082,-1.0
6083,-1.0
6084,-1.0
6085,-1.0
6086,-1.0
6087,-1.0
6088,-1.0
6089,-1.0
6090,-1.0
6091,-1.0
6092,-1.0
6093,-1.0
6094,-1.0
6095,-1.0
6096,-1.0
6097,-1.0
6098,-1.0
6099,-1.0
6100,-1.0
6101,-1.0
6102,-1.0
6103,-1.0
6104,-1.0
6105,-1.0
6106,-1.0
6107,-1.0
6108,-1.0
6109,-1.0
6110,-1.0
6111,-1.0
6112,-1.0
6113,-1.0
6114,-1.0
6115,-1.0
6116,-1.0
6117,-1.0
6118,-1.0
6119,-1.0
6120,-1.0
6121,-1.0
6122,-1.0
6123,-1.0
6124,-1.0
6125,-1.0
6126,-1.0
6127,-1.0
6128,-1.0
6129,-1.0
6130,-1.0
6131,-1.0
6132,-1.0
6133,-1.0
6134,-1.0
6135,-1.0
6136,-1.0
6137,-1.0
6138,-1.0
6139,-1.0
6140,-1.0
6141,-1.0
6142,-1.0
6143,-1.0
6144,-1.0
6145,-1.0
6146,-1.0
6147,-1.0
6148,-1.0
6149,-1.0
6150,-1.0
6151,-1.0
6152,-1.0
6153,-1.0
6154,-1.0
6155,-1.0
6156,-1.0
6157,-1.0
6158,-1.0
6159,-1.0
6160,-1.0
6161,-1.0
6162,-1.0
6163,-1.0
6164,-1.0
6165,-1.0
6166,-1.0
6167,-1.0
6168,-1.0
6169,-1.0
6170,-1.0
6171,-1.0
6172,-1.0
6173,-1.0
6174,-1.0
6175,-1.0
6176,-1.0
6177,-1.0
6178,-1.0
6179,-1.0
6180,-1.0
6181,-1.0
6182,-1.0
6183,-1.0
6184,-1.0
6185,-1.0
6186,-1.0
6187,-1.0
6188,-1.0
6189,-1.0
6190,-1.0
6191,-1.0
6192,-1.0
6193,-1.0
6194,-1.0
6195,-1.0
6196,-1.0
6197,-1.0
6198,-1.0
6199,-1.0
6200,-1.0
6201,-1.0
6202,-1.0
6203,-1.0
6204,-1.0
6205,-1.0
6206,-1.0
6207,-1.0
6208,-1.0
6209,-1.0
6210,-1.0
6211,-1.0
6212,-1.0
6213,-1.0
6214,-1.0
6215,-1.0
6216,-1.0
6217,-1.0
6218,-1.0
6219,-1.0
6220,-1.0
6221,-1.0
6222,-1.0
6223,-1.0
6224,-1.0
6225,-1.0
6226,-1.0
6227,-1.0
6228,-1.0
6229,-1.0
6230,-1.0
6231,-1.0
6232,-1.0
6233,-1.0
6234,-1.0
6235,-1.0
6236,-1.0
6237,-1.0
6238,-1.0
6239,-1.0
6240,-1.0
6241,-1.0
6242,-1.0
6243,-1.0
6244,-1.0
6245,-1.0
6246,-1.0
6247,-1.0
6248,-1.0
6249,-1.0
6250,-1.0
6251,-1.0
6252,-1.0
6253,-1.0
6254,-1.0
6255,-1.0
6256,-1.0
6257,-1.0
6258,-1.0
6259,-1.0
6260,-1.0
6261,-1.0
6262,-1.0
6263,-1.0
6264,-1.0
6265,-1.0
6266,-1.0
6267,-1.0
6268,-1.0
6269,-1.0
6270,-1.0
6271,-1.0
6272,-1.0
6273,-1.0
6274,-1.0
6275,-1.0
6276,-1.0
6277,-1.0
6278,-1.0
6279,-1.0
6280,-1.0
6281,-1.0
6282,-1.0
6283,-1.0
6284,-1.0
6285,-1.0
6286,-1.0
6287,-1.0
6288,-1.0
6289,-1.0
6290,-1.0
6291,-1.0
6292,-1.0
6293,-1.0
6294,-1.0
6295,-1.0
6296,-1.0
6297,-1.0
6298,-1.0
6299,-1.0
6300,-1.0
6301,-1.0
6302,-1.0
6303,-1.0
6304,-1.0
6305,-1.0
6306,-1.0
6307,-1.0
6308,-1.0
6309,-1.0
6310,-1.0
6311,-1.0
6312,-1.0
6313,-1.0
6314,-1.0
6315,-1.0
6316,-1.0
6317,-1.0
6318,-1.0
6319,-1.0
6320,-1.0
6321,-1.0
6322,-1.0
6323,-1.0
6324,-1.0
6325,-1.0
6326,-1.0
6327,-1.0
6328,-1.0
6329,-1.0
6330,-1.0
6331,-1.0
6332,-1.0
6333,-1.0
6334,-1.0
6335,-1.0
6336,-1.0
6337,-1.0
6338,-1.0
6339,-1.0
6340,-1.0
6341,-1.0
6342,-1.0
6343,-1.0
6344,-1.0
6345,-1.0
6346,-1.0
6347,-1.0
6348,-1.0
6349,-1.0
6350,-1.0
6351,-1.0
6352,-1.0
6353,-1.0
6354,-1.0
6355,-1.0
6356,-1.0
6357,-1.0
6358,-1.0
6359,-1.0
6360,-1.0
6361,-1.0
6362,-1.0
6363,-1.0
6364,-1.0
6365,-1.0
6366,-1.0
6367,-1.0
6368,-1.0
6369,-1.0
6370,-1.0
6371,-1.0
6372,-1.0
6373,-1.0
6374,-1.0
6375,-1.0
6376,-1.0
6377,-1.0
6378,-1.0
6379,-1.0
6380,-1.0
6381,-1.0
6382,-1.0
6383,-1.0
6384,-1.0
6385,-1.0
6386,-1.0
6387,-1.0
6388,-1.0
6389,-1.0
6390,-1.0
6391,-1.0
6392,-1.0
6393,-1.0
6394,-1.0
6395,-1.0
6396,-1.0
6397,-1.0
6398,-1.0
6399,-1.0
6400,-1.0
6401,-1.0
6402,-1.0
6403,-1.0
6404,-1.0
6405,-1.0
6406,-1.0
6407,-1.0
6408,-1.0
6409,-1.0
6410,-1.0
6411,-1.0
6412,-1.0
6413,-1.0
6414,-1.0
6415,-1.0
6416,-1.0
6417,-1.0
6418,-1.0
6419,-1.0
6420,-1.0
6421,-1.0
6422,-1.0
6423,-1.0
6424,-1.0
6425,-1.0
6426,-1.0
6427,-1.0
6428,-1.0
6429,-1.0
6430,-1.0
6431,-1.0
6432,-1.0
6433,-1.0
6434,-1.0
6435,-1.0
6436,-1.0
6437,-1.0
6438,-1.0
6439,-1.0
6440,-1.0
6441,-1.0
6442,-1.0
6443,-1.0
6444,-1.0
6445,-1.0
6446,-1.0
6447,-1.0
6448,-1.0
6449,-1.0
6450,-1.0
6451,-1.0
6452,-1.0
6453,-1.0
6454,-1.0
6455,-1.0
6456,-1.0
6457,-1.0
6458,-1.0
6459,-1.0
6460,-1.0
6461,-1.0
6462,-1.0
6463,-1.0
6464,-1.0
6465,-1.0
6466,-1.0
6467,-1.0
6468,-1.0
6469,-1.0
6470,-1.0
6471,-1.0
6472,-1.0
6473,-1.0
6474,-1.0
6475,-1.0
6476,-1.0
6477,-1.0
6478,-1.0
6479,-1.0
6480,-1.0
6481,-1.0
6482,-1.0
6483,-1.0
6484,-1.0
6485,-1.0
6486,-1.0
6487,-1.0
6488,-1.0
6489,-1.0
6490,-1.0
6491,-1.0
6492,-1.0
6493,-1.0
6494,-1.0
6495,-1.0
6496,-1.0
6497,-1.0
6498,-1.0
6499,-1.0
6500,-1.0
6501,-1.0
6502,-1.0
6503,-1.0
6504,-1.0
6505,-1.0
6506,-1.0
6507,-1.0
6508,-1.0
6509,-1.0
6510,-1.0
6511,-1.0
6512,-1.0
6513,-1.0
6514,-1.0
6515,-1.0
6516,-1.0
6517,-1.0
6518,-1.0
6519,-1.0
6520,-1.0
6521,-1.0
6522,-1.0
6523,-1.0
6524,-1.0
6525,-1.0
6526,-1.0
6527,-1.0
6528,-1.0
6529,-1.0
6530,-1.0
6531,-1.0
6532,-1.0
6533,-1.0
6534,-1.0
6535,-1.0
6536,-1.0
6537,-1.0
6538,-1.0
6539,-1.0
6540,-1.0
6541,-1.0
6542,-1.0
6543,-1.0
6544,-1.0
6545,-1.0
6546,-1.0
6547,-1.0
6548,-1.0
6549,-1.0
6550,-1.0
6551,-1.0
6552,-1.0
6553,-1.0
6554,-1.0
6555,-1.0
6556,-1.0
6557,-1.0
6558,-1.0
6559,-1.0
6560,-1.0
6561,-1.0
6562,-1.0
6563,-1.0
6564,-1.0
6565,-1.0
6566,-1.0
6567,-1.0
6568,-1.0
6569,-1.0
6570,-1.0
6571,-1.0
6572,-1.0
6573,-1.0
6574,-1.0
6575,-1.0
6576,-1.0
6577,-1.0
6578,-1.0
6579,-1.0
6580,-1.0
6581,-1.0
6582,-1.0
6583,-1.0
6584,-1.0
6585,-1.0
6586,-1.0
6587,-1.0
6588,-1.0
6589,-1.0
6590,-1.0
6591,-1.0
6592,-1.0
6593,-1.0
6594,-1.0
6595,-1.0
6596,-1.0
6597,-1.0
6598,-1.0
6599,-1.0
6600,-1.0
6601,-1.0
6602,-1.0
6603,-1.0
6604,-1.0
6605,-1.0
6606,-1.0
6607,-1.0
6608,-1.0
6609,-1.0
6610,-1.0
6611,-1.0
6612,-1.0
6613,-1.0
6614,-1.0
6615,-1.0
6616,-1.0
6617,-1.0
6618,-1.0
6619,-1.0
6620,-1.0
6621,-1.0
6622,-1.0
6623,-1.0
6624,-1.0
6625,-1.0
6626,-1.0
6627,-1.0
6628,-1.0
6629,-1.0
6630,-1.0
6631,-1.0
6632,-1.0
6633,-1.0
6634,-1.0
6635,-1.0
6636,-1.0
6637,-1.0
6638,-1.0
6639,-1.0
6640,-1.0
6641,-1.0
6642,-1.0
6643,-1.0
6644,-1.0
6645,-1.0
6646,-1.0
6647,-1.0
6648,-1.0
6649,-1.0
6650,-1.0
6651,-1.0
6652,-1.0
6653,-1.0
6654,-1.0
6655,-1.0
6656,-1.0
6657,-1.0
6658,-1.0
6659,-1.0
6660,-1.0
6661,-1.0
6662,-1.0
6663,-1.0
6664,-1.0
6665,-1.0
6666,-1.0
6667,-1.0
6668,-1.0
6669,-1.0
6670,-1.0
6671,-1.0
6672,-1.0
6673,-1.0
6674,-1.0
6675,-1.0
6676,-1.0
6677,-1.0
6678,-1.0
6679,-1.0
6680,-1.0
6681,-1.0
6682,-1.0
6683,-1.0
6684,-1.0
6685,-1.0
6686,-1.0
6687,-1.0
6688,-1.0
6689,-1.0
6690,-1.0
6691,-1.0
6692,-1.0
6693,-1.0
6694,-1.0
6695,-1.0
6696,-1.0
6697,-1.0
6698,-1.0
6699,-1.0
6700,-1.0
6701,-1.0
6702,-1.0
6703,-1.0
6704,-1.0
6705,-1.0
6706,-1.0
6707,-1.0
6708,-1.0
6709,-1.0
6710,-1.0
6711,-1.0
6712,-1.0
6713,-1.0
6714,-1.0
6715,-1.0
6716,-1.0
6717,-1.0
6718,-1.0
6719,-1.0
6720,-1.0
6721,-1.0
6722,-1.0
6723,-1.0
6724,-1.0
6725,-1.0
6726,-1.0
6727,-1.0
6728,-1.0
6729,-1.0
6730,-1.0
6731,-1.0
6732,-1.0
6733,-1.0
6734,-1.0
6735,-1.0
6736,-1.0
6737,-1.0
6738,-1.0
6739,-1.0
6740,-1.0
6741,-1.0
6742,-1.0
6743,-1.0
6744,-1.0
6745,-1.0
6746,-1.0
6747,-1.0
6748,-1.0
6749,-1.0
6750,-1.0
6751,-1.0
6752,-1.0
6753,-1.0
6754,-1.0
6755,-1.0
6756,-1.0
6757,-1.0
6758,-1.0
6759,-1.0
6760,-1.0
6761,-1.0
6762,-1.0
6763,-1.0
6764,-1.0
6765,-1.0
6766,-1.0
6767,-1.0
6768,-1.0
6769,-1.0
6770,-1.0
6771,-1.0
6772,-1.0
6773,-1.0
6774,-1.0
6775,-1.0
6776,-1.0
6777,-1.0
6778,-1.0
6779,-1.0
6780,-1.0
6781,-1.0
6782,-1.0
6783,-1.0
6784,-1.0
6785,-1.0
6786,-1.0
6787,-1.0
6788,-1.0
6789,-1.0
6790,-1.0
6791,-1.0
6792,-1.0
6793,-1.0
6794,-1.0
6795,-1.0
6796,-1.0
6797,-1.0
6798,-1.0
6799,-1.0
6800,-1.0
6801,-1.0
6802,-1.0
6803,-1.0
6804,-1.0
6805,-1.0
6806,-1.0
6807,-1.0
6808,-1.0
6809,-1.0
6810,-1.0
6811,-1.0
6812,-1.0
6813,-1.0
6814,-1.0
6815,-1.0
6816,-1.0
6817,-1.0
6818,-1.0
6819,-1.0
6820,-1.0
6821,-1.0
6822,-1.0
6823,-1.0
6824,-1.0
6825,-1.0
6826,-1.0
6827,-1.0
6828,-1.0
6829,-1.0
6830,-1.0
6831,-1.0
6832,-1.0
6833,-1.0
6834,-1.0
6835,-1.0
6836,-1.0
6837,-1.0
6838,-1.0
6839,-1.0
6840,-1.0
6841,-1.0
6842,-1.0
6843,-1.0
6844,-1.0
6845,-1.0
6846,-1.0
6847,-1.0
6848,-1.0
6849,-1.0
6850,-1.0
6851,-1.0
6852,-1.0
6853,-1.0
6854,-1.0
6855,-1.0
6856,-1.0
6857,-1.0
6858,-1.0
6859,-1.0
6860,-1.0
6861,-1.0
6862,-1.0
6863,-1.0
6864,-1.0
6865,-1.0
6866,-1.0
6867,-1.0
6868,-1.0
6869,-1.0
6870,-1.0
6871,-1.0
6872,-1.0
6873,-1.0
6874,-1.0
6875,-1.0
6876,-1.0
6877,-1.0
6878,-1.0
6879,-1.0
6880,-1.0
6881,-1.0
6882,-1.0
6883,-1.0
6884,-1.0
6885,-1.0
6886,-1.0
6887,-1.0
6888,-1.0
6889,-1.0
6890,-1.0
6891,-1.0
6892,-1.0
6893,-1.0
6894,-1.0
6895,-1.0
6896,-1.0
6897,-1.0
6898,-1.0
6899,-1.0
6900,-1.0
6901,-1.0
6902,-1.0
6903,-1.0
6904,-1.0
6905,-1.0
6906,-1.0
6907,-1.0
6908,-1.0
6909,-1.0
6910,-1.0
6911,-1.0
6912,-1.0
6913,-1.0
6914,-1.0
6915,-1.0
6916,-1.0
6917,-1.0
6918,-1.0
6919,-1.0
6920,-1.0
6921,-1.0
6922,-1.0
6923,-1.0
6924,-1.0
6925,-1.0
6926,-1.0
6927,-1.0
6928,-1.0
6929,-1.0
6930,-1.0
6931,-1.0
6932,-1.0
6933,-1.0
6934,-1.0
6935,-1.0
6936,-1.0
6937,-1.0
6938,-1.0
6939,-1.0
6940,-1.0
6941,-1.0
6942,-1.0
6943,-1.0
6944,-1.0
6945,-1.0
6946,-1.0
6947,-1.0
6948,-1.0
6949,-1.0
6950,-1.0
6951,-1.0
6952,-1.0
6953,-1.0
6954,-1.0
6955,-1.0
6956,-1.0
6957,-1.0
6958,-1.0
6959,-1.0
6960,-1.0
6961,-1.0
6962,-1.0
6963,-1.0
6964,-1.0
6965,-1.0
6966,-1.0
6967,-1.0
6968,-1.0
6969,-1.0
6970,-1.0
6971,-1.0
6972,-1.0
6973,-1.0
6974,-1.0
6975,-1.0
6976,-1.0
6977,-1.0
6978,-1.0
6979,-1.0
6980,-1.0
6981,-1.0
6982,-1.0
6983,-1.0
6984,-1.0
6985,-1.0
6986,-1.0
6987,-1.0
6988,-1.0
6989,-1.0
6990,-1.0
6991,-1.0
6992,-1.0
6993,-1.0
6994,-1.0
6995,-1.0
6996,-1.0
6997,-1.0
6998,-1.0
6999,-1.0
7000,-1.0
7001,-1.0
7002,-1.0
7003,-1.0
7004,-1.0
7005,-1.0
7006,-1.0
7007,-1.0
7008,-1.0
7009,-1.0
7010,-1.0
7011,-1.0
7012,-1.0
7013,-1.0
7014,-1.0
7015,-1.0
7016,-1.0
7017,-1.0
7018,-1.0
7019,-1.0
7020,-1.0
7021,-1.0
7022,-1.0
7023,-1.0
7024,-1.0
7025,-1.0
7026,-1.0
7027,-1.0
7028,-1.0
7029,-1.0
7030,-1.0
7031,-1.0
7032,-1.0
7033,-1.0
7034,-1.0
7035,-1.0
7036,-1.0
7037,-1.0
7038,-1.0
7039,-1.0
7040,-1.0
7041,-1.0
7042,-1.0
7043,-1.0
7044,-1.0
7045,-1.0
7046,-1.0
7047,-1.0
7048,-1.0
7049,-1.0
7050,-1.0
7051,-1.0
7052,-1.0
7053,-1.0
7054,-1.0
7055,-1.0
7056,-1.0
7057,-1.0
7058,-1.0
7059,-1.0
7060,-1.0
7061,-1.0
7062,-1.0
7063,-1.0
7064,-1.0
7065,-1.0
7066,-1.0
7067,-1.0
7068,-1.0
7069,-1.0
7070,-1.0
7071,-1.0
7072,-1.0
7073,-1.0
7074,-1.0
7075,-1.0
7076,-1.0
7077,-1.0
7078,-1.0
7079,-1.0
7080,-1.0
7081,-1.0
7082,-1.0
7083,-1.0
7084,-1.0
7085,-1.0
7086,-1.0
7087,-1.0
7088,-1.0
7089,-1.0
7090,-1.0
7091,-1.0
7092,-1.0
7093,-1.0
7094,-1.0
7095,-1.0
7096,-1.0
7097,-1.0
7098,-1.0
7099,-1.0
7100,-1.0
7101,-1.0
7102,-1.0
7103,-1.0
7104,-1.0
7105,-1.0
7106,-1.0
7107,-1.0
7108,-1.0
7109,-1.0
7110,-1.0
7111,-1.0
7112,-1.0
7113,-1.0
7114,-1.0
7115,-1.0
7116,-1.0
7117,-1.0
7118,-1.0
7119,-1.0
7120,-1.0
7121,-1.0
7122,-1.0
7123,-1.0
7124,-1.0
7125,-1.0
7126,-1.0
7127,-1.0
7128,-1.0
7129,-1.0
7130,-1.0
7131,-1.0
7132,-1.0
7133,-1.0
7134,-1.0
7135,-1.0
7136,-1.0
7137,-1.0
7138,-1.0
7139,-1.0
7140,-1.0
7141,-1.0
7142,-1.0
7143,-1.0
7144,-1.0
7145,-1.0
7146,-1.0
7147,-1.0
7148,-1.0
7149,-1.0
7150,-1.0
7151,-1.0
7152,-1.0
7153,-1.0
7154,-1.0
7155,-1.0
7156,-1.0
7157,-1.0
7158,-1.0
7159,-1.0
7160,-1.0
7161,-1.0
7162,-1.0
7163,-1.0
7164,-1.0
7165,-1.0
7166,-1.0
7167,-1.0
7168,-1.0
7169,-1.0
7170,-1.0
7171,-1.0
7172,-1.0
7173,-1.0
7174,-1.0
7175,-1.0
7176,-1.0
7177,-1.0
7178,-1.0
7179,-1.0
7180,-1.0
7181,-1.0
7182,-1.0
7183,-1.0
7184,-1.0
7185,-1.0
7186,-1.0
7187,-1.0
7188,-1.0
7189,-1.0
7190,-1.0
7191,-1.0
7192,-1.0
7193,-1.0
7194,-1.0
7195,-1.0
7196,-1.0
7197,-1.0
7198,-1.0
7199,-1.0
7200,-1.0
7201,-1.0
7202,-1.0
7203,-1.0
7204,-1.0
7205,-1.0
7206,-1.0
7207,-1.0
7208,-1.0
7209,-1.0
7210,-1.0
7211,-1.0
7212,-1.0
7213,-1.0
7214,-1.0
7215,-1.0
7216,-1.0
7217,-1.0
7218,-1.0
7219,-1.0
7220,-1.0
7221,-1.0
7222,-1.0
7223,-1.0
7224,-1.0
7225,-1.0
7226,-1.0
7227,-1.0
7228,-1.0
7229,-1.0
7230,-1.0
7231,-1.0
7232,-1.0
7233,-1.0
7234,-1.0
7235,-1.0
7236,-1.0
7237,-1.0
7238,-1.0
7239,-1.0
7240,-1.0
7241,-1.0
7242,-1.0
7243,-1.0
7244,-1.0
7245,-1.0
7246,-1.0
7247,-1.0
7248,-1.0
7249,-1.0
7250,-1.0
7251,-1.0
7252,-1.0
7253,-1.0
7254,-1.0
7255,-1.0
7256,-1.0
7257,-1.0
7258,-1.0
7259,-1.0
7260,-1.0
7261,-1.0
7262,-1.0
7263,-1.0
7264,-1.0
7265,-1.0
7266,-1.0
7267,-1.0
7268,-1.0
7269,-1.0
7270,-1.0
7271,-1.0
7272,-1.0
7273,-1.0
7274,-1.0
7275,-1.0
7276,-1.0
7277,-1.0
7278,-1.0
7279,-1.0
7280,-1.0
7281,-1.0
7282,-1.0
7283,-1.0
7284,-1.0
7285,-1.0
7286,-1.0
7287,-1.0
7288,-1.0
7289,-1.0
7290,-1.0
7291,-1.0
7292,-1.0
7293,-1.0
7294,-1.0
7295,-1.0
7296,-1.0
7297,-1.0
7298,-1.0
7299,-1.0
7300,-1.0
7301,-1.0
7302,-1.0
7303,-1.0
7304,-1.0
7305,-1.0
7306,-1.0
7307,-1.0
7308,-1.0
7309,-1.0
7310,-1.0
7311,-1.0
7312,-1.0
7313,-1.0
7314,-1.0
7315,-1.0
7316,-1.0
7317,-1.0
7318,-1.0
7319,-1.0
7320,-1.0
7321,-1.0
7322,-1.0
7323,-1.0
7324,-1.0
7325,-1.0
7326,-1.0
7327,-1.0
7328,-1.0
7329,-1.0
7330,-1.0
7331,-1.0
7332,-1.0
7333,-1.0
7334,-1.0
7335,-1.0
7336,-1.0
7337,-1.0
7338,-1.0
7339,-1.0
7340,-1.0
7341,-1.0
7342,-1.0
7343,-1.0
7344,-1.0
7345,-1.0
7346,-1.0
7347,-1.0
7348,-1.0
7349,-1.0
7350,-1.0
7351,-1.0
7352,-1.0
7353,-1.0
7354,-1.0
7355,-1.0
7356,-1.0
7357,-1.0
7358,-1.0
7359,-1.0
7360,-1.0
7361,-1.0
7362,-1.0
7363,-1.0
7364,-1.0
7365,-1.0
7366,-1.0
7367,-1.0
7368,-1.0
7369,-1.0
7370,-1.0
7371,-1.0
7372,-1.0
7373,-1.0
7374,-1.0
7375,-1.0
7376,-1.0
7377,-1.0
7378,-1.0
7379,-1.0
7380,-1.0
7381,-1.0
7382,-1.0
7383,-1.0
7384,-1.0
7385,-1.0
7386,-1.0
7387,-1.0
7388,-1.0
7389,-1.0
7390,-1.0
7391,-1.0
7392,-1.0
7393,-1.0
7394,-1.0
7395,-1.0
7396,-1.0
7397,-1.0
7398,-1.0
7399,-1.0
7400,-1.0
7401,-1.0
7402,-1.0
7403,-1.0
7404,-1.0
7405,-1.0
7406,-1.0
7407,-1.0
7408,-1.0
7409,-1.0
7410,-1.0
7411,-1.0
7412,-1.0
7413,-1.0
7414,-1.0
7415,-1.0
7416,-1.0
7417,-1.0
7418,-1.0
7419,-1.0
7420,-1.0
7421,-1.0
7422,-1.0
7423,-1.0
7424,-1.0
7425,-1.0
7426,-1.0
7427,-1.0
7428,-1.0
7429,-1.0
7430,-1.0
7431,-1.0
7432,-1.0
7433,-1.0
7434,-1.0
7435,-1.0
7436,-1.0
7437,-1.0
7438,-1.0
7439,-1.0
7440,-1.0
7441,-1.0
7442,-1.0
7443,-1.0
7444,-1.0
7445,-1.0
7446,-1.0
7447,-1.0
7448,-1.0
7449,-1.0
7450,-1.0
7451,-1.0
7452,-1.0
7453,-1.0
7454,-1.0
7455,-1.0
7456,-1.0
7457,-1.0
7458,-1.0
7459,-1.0
7460,-1.0
7461,-1.0
7462,-1.0
7463,-1.0
7464,-1.0
7465,-1.0
7466,-1.0
7467,-1.0
7468,-1.0
7469,-1.0
7470,-1.0
7471,-1.0
7472,-1.0
7473,-1.0
7474,-1.0
7475,-1.0
7476,-1.0
7477,-1.0
7478,-1.0
7479,-1.0
7480,-1.0
7481,-1.0
7482,-1.0
7483,-1.0
7484,-1.0
7485,-1.0
7486,-1.0
7487,-1.0
7488,-1.0
7489,-1.0
7490,-1.0
7491,-1.0
7492,-1.0
7493,-1.0
7494,-1.0
7495,-1.0
7496,-1.0
7497,-1.0
7498,-1.0
7499,-1.0
7500,-1.0
7501,-1.0
7502,-1.0
7503,-1.0
7504,-1.0
7505,-1.0
7506,-1.0
7507,-1.0
7508,-1.0
7509,-1.0
7510,-1.0
7511,-1.0
7512,-1.0
7513,-1.0
7514,-1.0
7515,-1.0
7516,-1.0
7517,-1.0
7518,-1.0
7519,-1.0
7520,-1.0
7521,-1.0
7522,-1.0
7523,-1.0
7524,-1.0
7525,-1.0
7526,-1.0
7527,-1.0
7528,-1.0
7529,-1.0
7530,-1.0
7531,-1.0
7532,-1.0
7533,-1.0
7534,-1.0
7535,-1.0
7536,-1.0
7537,-1.0
7538,-1.0
7539,-1.0
7540,-1.0
7541,-1.0
7542,-1.0
7543,-1.0
7544,-1.0
7545,-1.0
7546,-1.0
7547,-1.0
7548,-1.0
7549,-1.0
7550,-1.0
7551,-1.0
7552,-1.0
7553,-1.0
7554,-1.0
7555,-1.0
7556,-1.0
7557,-1.0
7558,-1.0
7559,-1.0
7560,-1.0
7561,-1.0
7562,-1.0
7563,-1.0
7564,-1.0
7565,-1.0
7566,-1.0
7567,-1.0
7568,-1.0
7569,-1.0
7570,-1.0
7571,-1.0
7572,-1.0
7573,-1.0
7574,-1.0
7575,-1.0
7576,-1.0
7577,-1.0
7578,-1.0
7579,-1.0
7580,-1.0
7581,-1.0
7582,-1.0
7583,-1.0
7584,-1.0
7585,-1.0
7586,-1.0
7587,-1.0
7588,-1.0
7589,-1.0
7590,-1.0
7591,-1.0
7592,-1.0
7593,-1.0
7594,-1.0
7595,-1.0
7596,-1.0
7597,-1.0
7598,-1.0
7599,-1.0
7600,-1.0
7601,-1.0
7602,-1.0
7603,-1.0
7604,-1.0
7605,-1.0
7606,-1.0
7607,-1.0
7608,-1.0
7609,-1.0
7610,-1.0
7611,-1.0
7612,-1.0
7613,-1.0
7614,-1.0
7615,-1.0
7616,-1.0
7617,-1.0
7618,-1.0
7619,-1.0
7620,-1.0
7621,-1.0
7622,-1.0
7623,-1.0
7624,-1.0
7625,-1.0
7626,-1.0
7627,-1.0
7628,-1.0
7629,-1.0
7630,-1.0
7631,-1.0
7632,-1.0
7633,-1.0
7634,-1.0
7635,-1.0
7636,-1.0
7637,-1.0
7638,-1.0
7639,-1.0
7640,-1.0
7641,-1.0
7642,-1.0
7643,-1.0
7644,-1.0
7645,-1.0
7646,-1.0
7647,-1.0
7648,-1.0
7649,-1.0
7650,-1.0
7651,-1.0
7652,-1.0
7653,-1.0
7654,-1.0
7655,-1.0
7656,-1.0
7657,-1.0
7658,-1.0
7659,-1.0
7660,-1.0
7661,-1.0
7662,-1.0
7663,-1.0
7664,-1.0
7665,-1.0
7666,-1.0
7667,-1.0
7668,-1.0
7669,-1.0
7670,-1.0
7671,-1.0
7672,-1.0
7673,-1.0
7674,-1.0
7675,-1.0
7676,-1.0
7677,-1.0
7678,-1.0
7679,-1.0
7680,-1.0
7681,-1.0
7682,-1.0
7683,-1.0
7684,-1.0
7685,-1.0
7686,-1.0
7687,-1.0
7688,-1.0
7689,-1.0
7690,-1.0
7691,-1.0
7692,-1.0
7693,-1.0
7694,-1.0
7695,-1.0
7696,-1.0
7697,-1.0
7698,-1.0
7699,-1.0
7700,-1.0
7701,-1.0
7702,-1.0
7703,-1.0
7704,-1.0
7705,-1.0
7706,-1.0
7707,-1.0
7708,-1.0
7709,-1.0
7710,-1.0
7711,-1.0
7712,-1.0
7713,-1.0
7714,-1.0
7715,-1.0
7716,-1.0
7717,-1.0
7718,-1.0
7719,-1.0
7720,-1.0
7721,-1.0
7722,-1.0
7723,-1.0
7724,-1.0
7725,-1.0
7726,-1.0
7727,-1.0
7728,-1.0
7729,-1.0
7730,-1.0
7731,-1.0
7732,-1.0
7733,-1.0
7734,-1.0
7735,-1.0
7736,-1.0
7737,-1.0
7738,-1.0
7739,-1.0
7740,-1.0
7741,-1.0
7742,-1.0
7743,-1.0
7744,-1.0
7745,-1.0
7746,-1.0
7747,-1.0
7748,-1.0
7749,-1.0
7750,-1.0
7751,-1.0
7752,-1.0
7753,-1.0
7754,-1.0
7755,-1.0
7756,-1.0
7757,-1.0
7758,-1.0
7759,-1.0
7760,-1.0
7761,-1.0
7762,-1.0
7763,-1.0
7764,-1.0
7765,-1.0
7766,-1.0
7767,-1.0
7768,-1.0
7769,-1.0
7770,-1.0
7771,-1.0
7772,-1.0
7773,-1.0
7774,-1.0
7775,-1.0
7776,-1.0
7777,-1.0
7778,-1.0
7779,-1.0
7780,-1.0
7781,-1.0
7782,-1.0
7783,-1.0
7784,-1.0
7785,-1.0
7786,-1.0
7787,-1.0
7788,-1.0
7789,-1.0
7790,-1.0
7791,-1.0
7792,-1.0
7793,-1.0
7794,-1.0
7795,-1.0
7796,-1.0
7797,-1.0
7798,-1.0
7799,-1.0
7800,-1.0
7801,-1.0
7802,-1.0
7803,-1.0
7804,-1.0
7805,-1.0
7806,-1.0
7807,-1.0
7808,-1.0
7809,-1.0
7810,-1.0
7811,-1.0
7812,-1.0
7813,-1.0
7814,-1.0
7815,-1.0
7816,-1.0
7817,-1.0
7818,-1.0
7819,-1.0
7820,-1.0
7821,-1.0
7822,-1.0
7823,-1.0
7824,-1.0
7825,-1.0
7826,-1.0
7827,-1.0
7828,-1.0
7829,-1.0
7830,-1.0
7831,-1.0
7832,-1.0
7833,-1.0
7834,-1.0
7835,-1.0
7836,-1.0
7837,-1.0
7838,-1.0
7839,-1.0
7840,-1.0
7841,-1.0
7842,-1.0
7843,-1.0
7844,-1.0
7845,-1.0
7846,-1.0
7847,-1.0
7848,-1.0
7849,-1.0
7850,-1.0
7851,-1.0
7852,-1.0
7853,-1.0
7854,-1.0
7855,-1.0
7856,-1.0
7857,-1.0
7858,-1.0
7859,-1.0
7860,-1.0
7861,-1.0
7862,-1.0
7863,-1.0
7864,-1.0
7865,-1.0
7866,-1.0
7867,-1.0
7868,-1.0
7869,-1.0
7870,-1.0
7871,-1.0
7872,-1.0
7873,-1.0
7874,-1.0
7875,-1.0
7876,-1.0
7877,-1.0
7878,-1.0
7879,-1.0
7880,-1.0
7881,-1.0
7882,-1.0
7883,-1.0
7884,-1.0
7885,-1.0
7886,-1.0
7887,-1.0
7888,-1.0
7889,-1.0
7890,-1.0
7891,-1.0
7892,-1.0
7893,-1.0
7894,-1.0
7895,-1.0
7896,-1.0
7897,-1.0
7898,-1.0
7899,-1.0
7900,-1.0
7901,-1.0
7902,-1.0
7903,-1.0
7904,-1.0
7905,-1.0
7906,-1.0
7907,-1.0
7908,-1.0
7909,-1.0
7910,-1.0
7911,-1.0
7912,-1.0
7913,-1.0
7914,-1.0
7915,-1.0
7916,-1.0
7917,-1.0
7918,-1.0
7919,-1.0
7920,-1.0
7921,-1.0
7922,-1.0
7923,-1.0
7924,-1.0
7925,-1.0
7926,-1.0
7927,-1.0
7928,-1.0
7929,-1.0
7930,-1.0
7931,-1.0
7932,-1.0
7933,-1.0
7934,-1.0
7935,-1.0
7936,-1.0
7937,-1.0
7938,-1.0
7939,-1.0
7940,-1.0
7941,-1.0
7942,-1.0
7943,-1.0
7944,-1.0
7945,-1.0
7946,-1.0
7947,-1.0
7948,-1.0
7949,-1.0
7950,-1.0
7951,-1.0
7952,-1.0
7953,-1.0
7954,-1.0
7955,-1.0
7956,-1.0
7957,-1.0
7958,-1.0
7959,-1.0
7960,-1.0
7961,-1.0
7962,-1.0
7963,-1.0
7964,-1.0
7965,-1.0
7966,-1.0
7967,-1.0
7968,-1.0
7969,-1.0
7970,-1.0
7971,-1.0
7972,-1.0
7973,-1.0
7974,-1.0
7975,-1.0
7976,-1.0
7977,-1.0
7978,-1.0
7979,-1.0
7980,-1.0
7981,-1.0
7982,-1.0
7983,-1.0
7984,-1.0
7985,-1.0
7986,-1.0
7987,-1.0
7988,-1.0
7989,-1.0
7990,-1.0
7991,-1.0
7992,-1.0
7993,-1.0
7994,-1.0
7995,-1.0
7996,-1.0
7997,-1.0
7998,-1.0
7999,-1.0
8000,-1.0
8001,-1.0
8002,-1.0
8003,-1.0
8004,-1.0
8005,-1.0
8006,-1.0
8007,-1.0
8008,-1.0
8009,-1.0
8010,-1.0
8011,-1.0
8012,-1.0
8013,-1.0
8014,-1.0
8015,-1.0
8016,-1.0
8017,-1.0
8018,-1.0
8019,-1.0
8020,-1.0
8021,-1.0
8022,-1.0
8023,-1.0
8024,-1.0
8025,-1.0
8026,-1.0
8027,-1.0
8028,-1.0
8029,-1.0
8030,-1.0
8031,-1.0
8032,-1.0
8033,-1.0
8034,-1.0
8035,-1.0
8036,-1.0
8037,-1.0
8038,-1.0
8039,-1.0
8040,-1.0
8041,-1.0
8042,-1.0
8043,-1.0
8044,-1.0
8045,-1.0
8046,-1.0
8047,-1.0
8048,-1.0
8049,-1.0
8050,-1.0
8051,-1.0
8052,-1.0
8053,-1.0
8054,-1.0
8055,-1.0
8056,-1.0
8057,-1.0
8058,-1.0
8059,-1.0
8060,-1.0
8061,-1.0
8062,-1.0
8063,-1.0
8064,-1.0
8065,-1.0
8066,-1.0
8067,-1.0
8068,-1.0
8069,-1.0
8070,-1.0
8071,-1.0
8072,-1.0
8073,-1.0
8074,-1.0
8075,-1.0
8076,-1.0
8077,-1.0
8078,-1.0
8079,-1.0
8080,-1.0
8081,-1.0
8082,-1.0
8083,-1.0
8084,-1.0
8085,-1.0
8086,-1.0
8087,-1.0
8088,-1.0
8089,-1.0
8090,-1.0
8091,-1.0
8092,-1.0
8093,-1.0
8094,-1.0
8095,-1.0
8096,-1.0
8097,-1.0
8098,-1.0
8099,-1.0
8100,-1.0
8101,-1.0
8102,-1.0
8103,-1.0
8104,-1.0
8105,-1.0
8106,-1.0
8107,-1.0
8108,-1.0
8109,-1.0
8110,-1.0
8111,-1.0
8112,-1.0
8113,-1.0
8114,-1.0
8115,-1.0
8116,-1.0
8117,-1.0
8118,-1.0
8119,-1.0
8120,-1.0
8121,-1.0
8122,-1.0
8123,-1.0
8124,-1.0
8125,-1.0
8126,-1.0
8127,-1.0
8128,-1.0
8129,-1.0
8130,-1.0
8131,-1.0
8132,-1.0
8133,-1.0
8134,-1.0
8135,-1.0
8136,-1.0
8137,-1.0
8138,-1.0
8139,-1.0
8140,-1.0
8141,-1.0
8142,-1.0
8143,-1.0
8144,-1.0
8145,-1.0
8146,-1.0
8147,-1.0
8148,-1.0
8149,-1.0
8150,-1.0
8151,-1.0
8152,-1.0
8153,-1.0
8154,-1.0
8155,-1.0
8156,-1.0
8157,-1.0
8158,-1.0
8159,-1.0
8160,-1.0
8161,-1.0
8162,-1.0
8163,-1.0
8164,-1.0
8165,-1.0
8166,-1.0
8167,-1.0
8168,-1.0
8169,-1.0
8170,-1.0
8171,-1.0
8172,-1.0
8173,-1.0
8174,-1.0
8175,-1.0
8176,-1.0
8177,-1.0
8178,-1.0
8179,-1.0
8180,-1.0
8181,-1.0
8182,-1.0
8183,-1.0
8184,-1.0
8185,-1.0
8186,-1.0
8187,-1.0
8188,-1.0
8189,-1.0
8190,-1.0
8191,-1.0
8192,-1.0
8193,-1.0
8194,-1.0
8195,-1.0
8196,-1.0
8197,-1.0
8198,-1.0
8199,-1.0
8200,-1.0
8201,-1.0
8202,-1.0
8203,-1.0
8204,-1.0
8205,-1.0
8206,-1.0
8207,-1.0
8208,-1.0
8209,-1.0
8210,-1.0
8211,-1.0
8212,-1.0
8213,-1.0
8214,-1.0
8215,-1.0
8216,-1.0
8217,-1.0
8218,-1.0
8219,-1.0
8220,-1.0
8221,-1.0
8222,-1.0
8223,-1.0
8224,-1.0
8225,-1.0
8226,-1.0
8227,-1.0
8228,-1.0
8229,-1.0
8230,-1.0
8231,-1.0
8232,-1.0
8233,-1.0
8234,-1.0
8235,-1.0
8236,-1.0
8237,-1.0
8238,-1.0
8239,-1.0
8240,-1.0
8241,-1.0
8242,-1.0
8243,-1.0
8244,-1.0
8245,-1.0
8246,-1.0
8247,-1.0
8248,-1.0
8249,-1.0
8250,-1.0
8251,-1.0
8252,-1.0
8253,-1.0
8254,-1.0
8255,-1.0
8256,-1.0
8257,-1.0
8258,-1.0
8259,-1.0
8260,-1.0
8261,-1.0
8262,-1.0
8263,-1.0
8264,-1.0
8265,-1.0
8266,-1.0
8267,-1.0
8268,-1.0
8269,-1.0
8270,-1.0
8271,-1.0
8272,-1.0
8273,-1.0
8274,-1.0
8275,-1.0
8276,-1.0
8277,-1.0
8278,-1.0
8279,-1.0
8280,-1.0
8281,-1.0
8282,-1.0
8283,-1.0
8284,-1.0
8285,-1.0
8286,-1.0
8287,-1.0
8288,-1.0
8289,-1.0
8290,-1.0
8291,-1.0
8292,-1.0
8293,-1.0
8294,-1.0
8295,-1.0
8296,-1.0
8297,-1.0
8298,-1.0
8299,-1.0
8300,-1.0
8301,-1.0
8302,-1.0
8303,-1.0
8304,-1.0
8305,-1.0
8306,-1.0
8307,-1.0
8308,-1.0
8309,-1.0
8310,-1.0
8311,-1.0
8312,-1.0
8313,-1.0
8314,-1.0
8315,-1.0
8316,-1.0
8317,-1.0
8318,-1.0
8319,-1.0
8320,-1.0
8321,-1.0
8322,-1.0
8323,-1.0
8324,-1.0
8325,-1.0
8326,-1.0
8327,-1.0
8328,-1.0
8329,-1.0
8330,-1.0
8331,-1.0
8332,-1.0
8333,-1.0
8334,-1.0
8335,-1.0
8336,-1.0
8337,-1.0
8338,-1.0
8339,-1.0
8340,-1.0
8341,-1.0
8342,-1.0
8343,-1.0
8344,-1.0
8345,-1.0
8346,-1.0
8347,-1.0
8348,-1.0
8349,-1.0
8350,-1.0
8351,-1.0
8352,-1.0
8353,-1.0
8354,-1.0
8355,-1.0
8356,-1.0
8357,-1.0
8358,-1.0
8359,-1.0
8360,-1.0
8361,-1.0
8362,-1.0
8363,-1.0
8364,-1.0
8365,-1.0
8366,-1.0
8367,-1.0
8368,-1.0
8369,-1.0
8370,-1.0
8371,-1.0
8372,-1.0
8373,-1.0
8374,-1.0
8375,-1.0
8376,-1.0
8377,-1.0
8378,-1.0
8379,-1.0
8380,-1.0
8381,-1.0
8382,-1.0
8383,-1.0
8384,-1.0
8385,-1.0
8386,-1.0
8387,-1.0
8388,-1.0
8389,-1.0
8390,-1.0
8391,-1.0
8392,-1.0
8393,-1.0
8394,-1.0
8395,-1.0
8396,-1.0
8397,-1.0
8398,-1.0
8399,-1.0
8400,-1.0
8401,-1.0
8402,-1.0
8403,-1.0
8404,-1.0
8405,-1.0
8406,-1.0
8407,-1.0
8408,-1.0
8409,-1.0
8410,-1.0
8411,-1.0
8412,-1.0
8413,-1.0
8414,-1.0
8415,-1.0
8416,-1.0
8417,-1.0
8418,-1.0
8419,-1.0
8420,-1.0
8421,-1.0
8422,-1.0
8423,-1.0
8424,-1.0
8425,-1.0
8426,-1.0
8427,-1.0
8428,-1.0
8429,-1.0
8430,-1.0
8431,-1.0
8432,-1.0
8433,-1.0
8434,-1.0
8435,-1.0
8436,-1.0
8437,-1.0
8438,-1.0
8439,-1.0
8440,-1.0
8441,-1.0
8442,-1.0
8443,-1.0
8444,-1.0
8445,-1.0
8446,-1.0
8447,-1.0
8448,-1.0
8449,-1.0
8450,-1.0
8451,-1.0
8452,-1.0
8453,-1.0
8454,-1.0
8455,-1.0
8456,-1.0
8457,-1.0
8458,-1.0
8459,-1.0
8460,-1.0
8461,-1.0
8462,-1.0
8463,-1.0
8464,-1.0
8465,-1.0
8466,-1.0
8467,-1.0
8468,-1.0
8469,-1.0
8470,-1.0
8471,-1.0
8472,-1.0
8473,-1.0
8474,-1.0
8475,-1.0
8476,-1.0
8477,-1.0
8478,-1.0
8479,-1.0
8480,-1.0
8481,-1.0
8482,-1.0
8483,-1.0
8484,-1.0
8485,-1.0
8486,-1.0
8487,-1.0
8488,-1.0
8489,-1.0
8490,-1.0
8491,-1.0
8492,-1.0
8493,-1.0
8494,-1.0
8495,-1.0
8496,-1.0
8497,-1.0
8498,-1.0
8499,-1.0
8500,-1.0
8501,-1.0
8502,-1.0
8503,-1.0
8504,-1.0
8505,-1.0
8506,-1.0
8507,-1.0
8508,-1.0
8509,-1.0
8510,-1.0
8511,-1.0
8512,-1.0
8513,-1.0
8514,-1.0
8515,-1.0
8516,-1.0
8517,-1.0
8518,-1.0
8519,-1.0
8520,-1.0
8521,-1.0
8522,-1.0
8523,-1.0
8524,-1.0
8525,-1.0
8526,-1.0
8527,-1.0
8528,-1.0
8529,-1.0
8530,-1.0
8531,-1.0
8532,-1.0
8533,-1.0
8534,-1.0
8535,-1.0
8536,-1.0
8537,-1.0
8538,-1.0
8539,-1.0
8540,-1.0
8541,-1.0
8542,-1.0
8543,-1.0
8544,-1.0
8545,-1.0
8546,-1.0
8547,-1.0
8548,-1.0
8549,-1.0
8550,-1.0
8551,-1.0
8552,-1.0
8553,-1.0
8554,-1.0
8555,-1.0
8556,-1.0
8557,-1.0
8558,-1.0
8559,-1.0
8560,-1.0
8561,-1.0
8562,-1.0
8563,-1.0
8564,-1.0
8565,-1.0
8566,-1.0
8567,-1.0
8568,-1.0
8569,-1.0
8570,-1.0
8571,-1.0
8572,-1.0
8573,-1.0
8574,-1.0
8575,-1.0
8576,-1.0
8577,-1.0
8578,-1.0
8579,-1.0
8580,-1.0
8581,-1.0
8582,-1.0
8583,-1.0
8584,-1.0
8585,-1.0
8586,-1.0
8587,-1.0
8588,-1.0
8589,-1.0
8590,-1.0
8591,-1.0
8592,-1.0
8593,-1.0
8594,-1.0
8595,-1.0
8596,-1.0
8597,-1.0
8598,-1.0
8599,-1.0
8600,-1.0
8601,-1.0
8602,-1.0
8603,-1.0
8604,-1.0
8605,-1.0
8606,-1.0
8607,-1.0
8608,-1.0
8609,-1.0
8610,-1.0
8611,-1.0
8612,-1.0
8613,-1.0
8614,-1.0
8615,-1.0
8616,-1.0
8617,-1.0
8618,-1.0
8619,-1.0
8620,-1.0
8621,-1.0
8622,-1.0
8623,-1.0
8624,-1.0
8625,-1.0
8626,-1.0
8627,-1.0
8628,-1.0
8629,-1.0
8630,-1.0
8631,-1.0
8632,-1.0
8633,-1.0
8634,-1.0
8635,-1.0
8636,-1.0
8637,-1.0
8638,-1.0
8639,-1.0
8640,-1.0
8641,-1.0
8642,-1.0
8643,-1.0
8644,-1.0
8645,-1.0
8646,-1.0
8647,-1.0
8648,-1.0
8649,-1.0
8650,-1.0
8651,-1.0
8652,-1.0
8653,-1.0
8654,-1.0
8655,-1.0
8656,-1.0
8657,-1.0
8658,-1.0
8659,-1.0
8660,-1.0
8661,-1.0
8662,-1.0
8663,-1.0
8664,-1.0
8665,-1.0
8666,-1.0
8667,-1.0
8668,-1.0
8669,-1.0
8670,-1.0
8671,-1.0
8672,-1.0
8673,-1.0
8674,-1.0
8675,-1.0
8676,-1.0
8677,-1.0
8678,-1.0
8679,-1.0
8680,-1.0
8681,-1.0
8682,-1.0
8683,-1.0
8684,-1.0
8685,-1.0
8686,-1.0
8687,-1.0
8688,-1.0
8689,-1.0
8690,-1.0
8691,-1.0
8692,-1.0
8693,-1.0
8694,-1.0
8695,-1.0
8696,-1.0
8697,-1.0
8698,-1.0
8699,-1.0
8700,-1.0
8701,-1.0
8702,-1.0
8703,-1.0
8704,-1.0
8705,-1.0
8706,-1.0
8707,-1.0
8708,-1.0
8709,-1.0
8710,-1.0
8711,-1.0
8712,-1.0
8713,-1.0
8714,-1.0
8715,-1.0
8716,-1.0
8717,-1.0
8718,-1.0
8719,-1.0
8720,-1.0
8721,-1.0
8722,-1.0
8723,-1.0
8724,-1.0
8725,-1.0
8726,-1.0
8727,-1.0
8728,-1.0
8729,-1.0
8730,-1.0
8731,-1.0
8732,-1.0
8733,-1.0
8734,-1.0
8735,-1.0
8736,-1.0
8737,-1.0
8738,-1.0
8739,-1.0
8740,-1.0
8741,-1.0
8742,-1.0
8743,-1.0
8744,-1.0
8745,-1.0
8746,-1.0
8747,-1.0
8748,-1.0
8749,-1.0
8750,-1.0
8751,-1.0
8752,-1.0
8753,-1.0
8754,-1.0
8755,-1.0
8756,-1.0
8757,-1.0
8758,-1.0
8759,-1.0
8760,-1.0
8761,-1.0
8762,-1.0
8763,-1.0
8764,-1.0
8765,-1.0
8766,-1.0
8767,-1.0
8768,-1.0
8769,-1.0
8770,-1.0
8771,-1.0
8772,-1.0
8773,-1.0
8774,-1.0
8775,-1.0
8776,-1.0
8777,-1.0
8778,-1.0
8779,-1.0
8780,-1.0
8781,-1.0
8782,-1.0
8783,-1.0
8784,-1.0
8785,-1.0
8786,-1.0
8787,-1.0
8788,-1.0
8789,-1.0
8790,-1.0
8791,-1.0
8792,-1.0
8793,-1.0
8794,-1.0
8795,-1.0
8796,-1.0
8797,-1.0
8798,-1.0
8799,-1.0
8800,-1.0
8801,-1.0
8802,-1.0
8803,-1.0
8804,-1.0
8805,-1.0
8806,-1.0
8807,-1.0
8808,-1.0
8809,-1.0
8810,-1.0
8811,-1.0
8812,-1.0
8813,-1.0
8814,-1.0
8815,-1.0
8816,-1.0
8817,-1.0
8818,-1.0
8819,-1.0
8820,-1.0
8821,-1.0
8822,-1.0
8823,-1.0
8824,-1.0
8825,-1.0
8826,-1.0
8827,-1.0
8828,-1.0
8829,-1.0
8830,-1.0
8831,-1.0
8832,-1.0
8833,-1.0
8834,-1.0
8835,-1.0
8836,-1.0
8837,-1.0
8838,-1.0
8839,-1.0
8840,-1.0
8841,-1.0
8842,-1.0
8843,-1.0
8844,-1.0
8845,-1.0
8846,-1.0
8847,-1.0
8848,-1.0
8849,-1.0
8850,-1.0
8851,-1.0
8852,-1.0
8853,-1.0
8854,-1.0
8855,-1.0
8856,-1.0
8857,-1.0
8858,-1.0
8859,-1.0
8860,-1.0
8861,-1.0
8862,-1.0
8863,-1.0
8864,-1.0
8865,-1.0
8866,-1.0
8867,-1.0
8868,-1.0
8869,-1.0
8870,-1.0
8871,-1.0
8872,-1.0
8873,-1.0
8874,-1.0
8875,-1.0
8876,-1.0
8877,-1.0
8878,-1.0
8879,-1.0
8880,-1.0
8881,-1.0
8882,-1.0
8883,-1.0
8884,-1.0
8885,-1.0
8886,-1.0
8887,-1.0
8888,-1.0
8889,-1.0
8890,-1.0
8891,-1.0
8892,-1.0
8893,-1.0
8894,-1.0
8895,-1.0
8896,-1.0
8897,-1.0
8898,-1.0
8899,-1.0
8900,-1.0
8901,-1.0
8902,-1.0
8903,-1.0
8904,-1.0
8905,-1.0
8906,-1.0
8907,-1.0
8908,-1.0
8909,-1.0
8910,-1.0
8911,-1.0
8912,-1.0
8913,-1.0
8914,-1.0
8915,-1.0
8916,-1.0
8917,-1.0
8918,-1.0
8919,-1.0
8920,-1.0
8921,-1.0
8922,-1.0
8923,-1.0
8924,-1.0
8925,-1.0
8926,-1.0
8927,-1.0
8928,-1.0
8929,-1.0
8930,-1.0
8931,-1.0
8932,-1.0
8933,-1.0
8934,-1.0
8935,-1.0
8936,-1.0
8937,-1.0
8938,-1.0
8939,-1.0
8940,-1.0
8941,-1.0
8942,-1.0
8943,-1.0
8944,-1.0
8945,-1.0
8946,-1.0
8947,-1.0
8948,-1.0
8949,-1.0
8950,-1.0
8951,-1.0
8952,-1.0
8953,-1.0
8954,-1.0
8955,-1.0
8956,-1.0
8957,-1.0
8958,-1.0
8959,-1.0
8960,-1.0
8961,-1.0
8962,-1.0
8963,-1.0
8964,-1.0
8965,-1.0
8966,-1.0
8967,-1.0
8968,-1.0
8969,-1.0
8970,-1.0
8971,-1.0
8972,-1.0
8973,-1.0
8974,-1.0
8975,-1.0
8976,-1.0
8977,-1.0
8978,-1.0
8979,-1.0
8980,-1.0
8981,-1.0
8982,-1.0
8983,-1.0
8984,-1.0
8985,-1.0
8986,-1.0
8987,-1.0
8988,-1.0
8989,-1.0
8990,-1.0
8991,-1.0
8992,-1.0
8993,-1.0
8994,-1.0
8995,-1.0
8996,-1.0
8997,-1.0
8998,-1.0
8999,-1.0
9000,-1.0
9001,-1.0
9002,-1.0
9003,-1.0
9004,-1.0
9005,-1.0
9006,-1.0
9007,-1.0
9008,-1.0
9009,-1.0
9010,-1.0
9011,-1.0
9012,-1.0
9013,-1.0
9014,-1.0
9015,-1.0
9016,-1.0
9017,-1.0
9018,-1.0
9019,-1.0
9020,-1.0
9021,-1.0
9022,-1.0
9023,-1.0
9024,-1.0
9025,-1.0
9026,-1.0
9027,-1.0
9028,-1.0
9029,-1.0
9030,-1.0
9031,-1.0
9032,-1.0
9033,-1.0
9034,-1.0
9035,-1.0
9036,-1.0
9037,-1.0
9038,-1.0
9039,-1.0
9040,-1.0
9041,-1.0
9042,-1.0
9043,-1.0
9044,-1.0
9045,-1.0
9046,-1.0
9047,-1.0
9048,-1.0
9049,-1.0
9050,-1.0
9051,-1.0
9052,-1.0
9053,-1.0
9054,-1.0
9055,-1.0
9056,-1.0
9057,-1.0
9058,-1.0
9059,-1.0
9060,-1.0
9061,-1.0
9062,-1.0
9063,-1.0
9064,-1.0
9065,-1.0
9066,-1.0
9067,-1.0
9068,-1.0
9069,-1.0
9070,-1.0
9071,-1.0
9072,-1.0
9073,-1.0
9074,-1.0
9075,-1.0
9076,-1.0
9077,-1.0
9078,-1.0
9079,-1.0
9080,-1.0
9081,-1.0
9082,-1.0
9083,-1.0
9084,-1.0
9085,-1.0
9086,-1.0
9087,-1.0
9088,-1.0
9089,-1.0
9090,-1.0
9091,-1.0
9092,-1.0
9093,-1.0
9094,-1.0
9095,-1.0
9096,-1.0
9097,-1.0
9098,-1.0
9099,-1.0
9100,-1.0
9101,-1.0
9102,-1.0
9103,-1.0
9104,-1.0
9105,-1.0
9106,-1.0
9107,-1.0
9108,-1.0
9109,-1.0
9110,-1.0
9111,-1.0
9112,-1.0
9113,-1.0
9114,-1.0
9115,-1.0
9116,-1.0
9117,-1.0
9118,-1.0
9119,-1.0
9120,-1.0
9121,-1.0
9122,-1.0
9123,-1.0
9124,-1.0
9125,-1.0
9126,-1.0
9127,-1.0
9128,-1.0
9129,-1.0
9130,-1.0
9131,-1.0
9132,-1.0
9133,-1.0
9134,-1.0
9135,-1.0
9136,-1.0
9137,-1.0
9138,-1.0
9139,-1.0
9140,-1.0
9141,-1.0
9142,-1.0
9143,-1.0
9144,-1.0
9145,-1.0
9146,-1.0
9147,-1.0
9148,-1.0
9149,-1.0
9150,-1.0
9151,-1.0
9152,-1.0
9153,-1.0
9154,-1.0
9155,-1.0
9156,-1.0
9157,-1.0
9158,-1.0
9159,-1.0
9160,-1.0
9161,-1.0
9162,-1.0
9163,-1.0
9164,-1.0
9165,-1.0
9166,-1.0
9167,-1.0
9168,-1.0
9169,-1.0
9170,-1.0
9171,-1.0
9172,-1.0
9173,-1.0
9174,-1.0
9175,-1.0
9176,-1.0
9177,-1.0
9178,-1.0
9179,-1.0
9180,-1.0
9181,-1.0
9182,-1.0
9183,-1.0
9184,-1.0
9185,-1.0
9186,-1.0
9187,-1.0
9188,-1.0
9189,-1.0
9190,-1.0
9191,-1.0
9192,-1.0
9193,-1.0
9194,-1.0
9195,-1.0
9196,-1.0
9197,-1.0
9198,-1.0
9199,-1.0
9200,-1.0
9201,-1.0
9202,-1.0
9203,-1.0
9204,-1.0
9205,-1.0
9206,-1.0
9207,-1.0
9208,-1.0
9209,-1.0
9210,-1.0
9211,-1.0
9212,-1.0
9213,-1.0
9214,-1.0
9215,-1.0
9216,-1.0
9217,-1.0
9218,-1.0
9219,-1.0
9220,-1.0
9221,-1.0
9222,-1.0
9223,-1.0
9224,-1.0
9225,-1.0
9226,-1.0
9227,-1.0
9228,-1.0
9229,-1.0
9230,-1.0
9231,-1.0
9232,-1.0
9233,-1.0
9234,-1.0
9235,-1.0
9236,-1.0
9237,-1.0
9238,-1.0
9239,-1.0
9240,-1.0
9241,-1.0
9242,-1.0
9243,-1.0
9244,-1.0
9245,-1.0
9246,-1.0
9247,-1.0
9248,-1.0
9249,-1.0
9250,-1.0
9251,-1.0
9252,-1.0
9253,-1.0
9254,-1.0
9255,-1.0
9256,-1.0
9257,-1.0
9258,-1.0
9259,-1.0
9260,-1.0
9261,-1.0
9262,-1.0
9263,-1.0
9264,-1.0
9265,-1.0
9266,-1.0
9267,-1.0
9268,-1.0
9269,-1.0
9270,-1.0
9271,-1.0
9272,-1.0
9273,-1.0
9274,-1.0
9275,-1.0
9276,-1.0
9277,-1.0
9278,-1.0
9279,-1.0
9280,-1.0
9281,-1.0
9282,-1.0
9283,-1.0
9284,-1.0
9285,-1.0
9286,-1.0
9287,-1.0
9288,-1.0
9289,-1.0
9290,-1.0
9291,-1.0
9292,-1.0
9293,-1.0
9294,-1.0
9295,-1.0
9296,-1.0
9297,-1.0
9298,-1.0
9299,-1.0
9300,-1.0
9301,-1.0
9302,-1.0
9303,-1.0
9304,-1.0
9305,-1.0
9306,-1.0
9307,-1.0
9308,-1.0
9309,-1.0
9310,-1.0
9311,-1.0
9312,-1.0
9313,-1.0
9314,-1.0
9315,-1.0
9316,-1.0
9317,-1.0
9318,-1.0
9319,-1.0
9320,-1.0
9321,-1.0
9322,-1.0
9323,-1.0
9324,-1.0
9325,-1.0
9326,-1.0
9327,-1.0
9328,-1.0
9329,-1.0
9330,-1.0
9331,-1.0
9332,-1.0
9333,-1.0
9334,-1.0
9335,-1.0
9336,-1.0
9337,-1.0
9338,-1.0
9339,-1.0
9340,-1.0
9341,-1.0
9342,-1.0
9343,-1.0
9344,-1.0
9345,-1.0
9346,-1.0
9347,-1.0
9348,-1.0
9349,-1.0
9350,-1.0
9351,-1.0
9352,-1.0
9353,-1.0
9354,-1.0
9355,-1.0
9356,-1.0
9357,-1.0
9358,-1.0
9359,-1.0
9360,-1.0
9361,-1.0
9362,-1.0
9363,-1.0
9364,-1.0
9365,-1.0
9366,-1.0
9367,-1.0
9368,-1.0
9369,-1.0
9370,-1.0
9371,-1.0
9372,-1.0
9373,-1.0
9374,-1.0
9375,-1.0
9376,-1.0
9377,-1.0
9378,-1.0
9379,-1.0
9380,-1.0
9381,-1.0
9382,-1.0
9383,-1.0
9384,-1.0
9385,-1.0
9386,-1.0
9387,-1.0
9388,-1.0
9389,-1.0
9390,-1.0
9391,-1.0
9392,-1.0
9393,-1.0
9394,-1.0
9395,-1.0
9396,-1.0
9397,-1.0
9398,-1.0
9399,-1.0
9400,-1.0
9401,-1.0
9402,-1.0
9403,-1.0
9404,-1.0
9405,-1.0
9406,-1.0
9407,-1.0
9408,-1.0
9409,-1.0
9410,-1.0
9411,-1.0
9412,-1.0
9413,-1.0
9414,-1.0
9415,-1.0
9416,-1.0
9417,-1.0
9418,-1.0
9419,-1.0
9420,-1.0
9421,-1.0
9422,-1.0
9423,-1.0
9424,-1.0
9425,-1.0
9426,-1.0
9427,-1.0
9428,-1.0
9429,-1.0
9430,-1.0
9431,-1.0
9432,-1.0
9433,-1.0
9434,-1.0
9435,-1.0
9436,-1.0
9437,-1.0
9438,-1.0
9439,-1.0
9440,-1.0
9441,-1.0
9442,-1.0
9443,-1.0
9444,-1.0
9445,-1.0
9446,-1.0
9447,-1.0
9448,-1.0
9449,-1.0
9450,-1.0
9451,-1.0
9452,-1.0
9453,-1.0
9454,-1.0
9455,-1.0
9456,-1.0
9457,-1.0
9458,-1.0
9459,-1.0
9460,-1.0
9461,-1.0
9462,-1.0
9463,-1.0
9464,-1.0
9465,-1.0
9466,-1.0
9467,-1.0
9468,-1.0
9469,-1.0
9470,-1.0
9471,-1.0
9472,-1.0
9473,-1.0
9474,-1.0
9475,-1.0
9476,-1.0
9477,-1.0
9478,-1.0
9479,-1.0
9480,-1.0
9481,-1.0
9482,-1.0
9483,-1.0
9484,-1.0
9485,-1.0
9486,-1.0
9487,-1.0
9488,-1.0
9489,-1.0
9490,-1.0
9491,-1.0
9492,-1.0
9493,-1.0
9494,-1.0
9495,-1.0
9496,-1.0
9497,-1.0
9498,-1.0
9499,-1.0
9500,-1.0
9501,-1.0
9502,-1.0
9503,-1.0
9504,-1.0
9505,-1.0
9506,-1.0
9507,-1.0
9508,-1.0
9509,-1.0
9510,-1.0
9511,-1.0
9512,-1.0
9513,-1.0
9514,-1.0
9515,-1.0
9516,-1.0
9517,-1.0
9518,-1.0
9519,-1.0
9520,-1.0
9521,-1.0
9522,-1.0
9523,-1.0
9524,-1.0
9525,-1.0
9526,-1.0
9527,-1.0
9528,-1.0
9529,-1.0
9530,-1.0
9531,-1.0
9532,-1.0
9533,-1.0
9534,-1.0
9535,-1.0
9536,-1.0
9537,-1.0
9538,-1.0
9539,-1.0
9540,-1.0
9541,-1.0
9542,-1.0
9543,-1.0
9544,-1.0
9545,-1.0
9546,-1.0
9547,-1.0
9548,-1.0
9549,-1.0
9550,-1.0
9551,-1.0
9552,-1.0
9553,-1.0
9554,-1.0
9555,-1.0
9556,-1.0
9557,-1.0
9558,-1.0
9559,-1.0
9560,-1.0
9561,-1.0
9562,-1.0
9563,-1.0
9564,-1.0
9565,-1.0
9566,-1.0
9567,-1.0
9568,-1.0
9569,-1.0
9570,-1.0
9571,-1.0
9572,-1.0
9573,-1.0
9574,-1.0
9575,-1.0
9576,-1.0
9577,-1.0
9578,-1.0
9579,-1.0
9580,-1.0
9581,-1.0
9582,-1.0
9583,-1.0
9584,-1.0
9585,-1.0
9586,-1.0
9587,-1.0
9588,-1.0
9589,-1.0
9590,-1.0
9591,-1.0
9592,-1.0
9593,-1.0
9594,-1.0
9595,-1.0
9596,-1.0
9597,-1.0
9598,-1.0
9599,-1.0
9600,-1.0
9601,-1.0
9602,-1.0
9603,-1.0
9604,-1.0
9605,-1.0
9606,-1.0
9607,-1.0
9608,-1.0
9609,-1.0
9610,-1.0
9611,-1.0
9612,-1.0
9613,-1.0
9614,-1.0
9615,-1.0
9616,-1.0
9617,-1.0
9618,-1.0
9619,-1.0
9620,-1.0
9621,-1.0
9622,-1.0
9623,-1.0
9624,-1.0
9625,-1.0
9626,-1.0
9627,-1.0
9628,-1.0
9629,-1.0
9630,-1.0
9631,-1.0
9632,-1.0
9633,-1.0
9634,-1.0
9635,-1.0
9636,-1.0
9637,-1.0
9638,-1.0
9639,-1.0
9640,-1.0
9641,-1.0
9642,-1.0
9643,-1.0
9644,-1.0
9645,-1.0
9646,-1.0
9647,-1.0
9648,-1.0
9649,-1.0
9650,-1.0
9651,-1.0
9652,-1.0
9653,-1.0
9654,-1.0
9655,-1.0
9656,-1.0
9657,-1.0
9658,-1.0
9659,-1.0
9660,-1.0
9661,-1.0
9662,-1.0
9663,-1.0
9664,-1.0
9665,-1.0
9666,-1.0
9667,-1.0
9668,-1.0
9669,-1.0
9670,-1.0
9671,-1.0
9672,-1.0
9673,-1.0
9674,-1.0
9675,-1.0
9676,-1.0
9677,-1.0
9678,-1.0
9679,-1.0
9680,-1.0
9681,-1.0
9682,-1.0
9683,-1.0
9684,-1.0
9685,-1.0
9686,-1.0
9687,-1.0
9688,-1.0
9689,-1.0
9690,-1.0
9691,-1.0
9692,-1.0
9693,-1.0
9694,-1.0
9695,-1.0
9696,-1.0
9697,-1.0
9698,-1.0
9699,-1.0
9700,-1.0
9701,-1.0
9702,-1.0
9703,-1.0
9704,-1.0
9705,-1.0
9706,-1.0
9707,-1.0
9708,-1.0
9709,-1.0
9710,-1.0
9711,-1.0
9712,-1.0
9713,-1.0
9714,-1.0
9715,-1.0
9716,-1.0
9717,-1.0
9718,-1.0
9719,-1.0
9720,-1.0
9721,-1.0
9722,-1.0
9723,-1.0
9724,-1.0
9725,-1.0
9726,-1.0
9727,-1.0
9728,-1.0
9729,-1.0
9730,-1.0
9731,-1.0
9732,-1.0
9733,-1.0
9734,-1.0
9735,-1.0
9736,-1.0
9737,-1.0
9738,-1.0
9739,-1.0
9740,-1.0
9741,-1.0
9742,-1.0
9743,-1.0
9744,-1.0
9745,-1.0
9746,-1.0
9747,-1.0
9748,-1.0
9749,-1.0
9750,-1.0
9751,-1.0
9752,-1.0
9753,-1.0
9754,-1.0
9755,-1.0
9756,-1.0
9757,-1.0
9758,-1.0
9759,-1.0
9760,-1.0
9761,-1.0
9762,-1.0
9763,-1.0
9764,-1.0
9765,-1.0
9766,-1.0
9767,-1.0
9768,-1.0
9769,-1.0
9770,-1.0
9771,-1.0
9772,-1.0
9773,-1.0
9774,-1.0
9775,-1.0
9776,-1.0
9777,-1.0
9778,-1.0
9779,-1.0
9780,-1.0
9781,-1.0
9782,-1.0
9783,-1.0
9784,-1.0
9785,-1.0
9786,-1.0
9787,-1.0
9788,-1.0
9789,-1.0
9790,-1.0
9791,-1.0
9792,-1.0
9793,-1.0
9794,-1.0
9795,-1.0
9796,-1.0
9797,-1.0
9798,-1.0
9799,-1.0
9800,-1.0
9801,-1.0
9802,-1.0
9803,-1.0
9804,-1.0
9805,-1.0
9806,-1.0
9807,-1.0
9808,-1.0
9809,-1.0
9810,-1.0
9811,-1.0
9812,-1.0
9813,-1.0
9814,-1.0
9815,-1.0
9816,-1.0
9817,-1.0
9818,-1.0
9819,-1.0
9820,-1.0
9821,-1.0
9822,-1.0
9823,-1.0
9824,-1.0
9825,-1.0
9826,-1.0
9827,-1.0
9828,-1.0
9829,-1.0
9830,-1.0
9831,-1.0
9832,-1.0
9833,-1.0
9834,-1.0
9835,-1.0
9836,-1.0
9837,-1.0
9838,-1.0
9839,-1.0
9840,-1.0
9841,-1.0
9842,-1.0
9843,-1.0
9844,-1.0
9845,-1.0
9846,-1.0
9847,-1.0
9848,-1.0
9849,-1.0
9850,-1.0
9851,-1.0
9852,-1.0
9853,-1.0
9854,-1.0
9855,-1.0
9856,-1.0
9857,-1.0
9858,-1.0
9859,-1.0
9860,-1.0
9861,-1.0
9862,-1.0
9863,-1.0
9864,-1.0
9865,-1.0
9866,-1.0
9867,-1.0
9868,-1.0
9869,-1.0
9870,-1.0
9871,-1.0
9872,-1.0
9873,-1.0
9874,-1.0
9875,-1.0
9876,-1.0
9877,-1.0
9878,-1.0
9879,-1.0
9880,-1.0
9881,-1.0
9882,-1.0
9883,-1.0
9884,-1.0
9885,-1.0
9886,-1.0
9887,-1.0
9888,-1.0
9889,-1.0
9890,-1.0
9891,-1.0
9892,-1.0
9893,-1.0
9894,-1.0
9895,-1.0
9896,-1.0
9897,-1.0
9898,-1.0
9899,-1.0
9900,-1.0
9901,-1.0
9902,-1.0
9903,-1.0
9904,-1.0
9905,-1.0
9906,-1.0
9907,-1.0
9908,-1.0
9909,-1.0
9910,-1.0
9911,-1.0
9912,-1.0
9913,-1.0
9914,-1.0
9915,-1.0
9916,-1.0
9917,-1.0
9918,-1.0
9919,-1.0
9920,-1.0
9921,-1.0
9922,-1.0
9923,-1.0
9924,-1.0
9925,-1.0
9926,-1.0
9927,-1.0
9928,-1.0
9929,-1.0
9930,-1.0
9931,-1.0
9932,-1.0
9933,-1.0
9934,-1.0
9935,-1.0
9936,-1.0
9937,-1.0
9938,-1.0
9939,-1.0
9940,-1.0
9941,-1.0
9942,-1.0
9943,-1.0
9944,-1.0
9945,-1.0
9946,-1.0
9947,-1.0
9948,-1.0
9949,-1.0
9950,-1.0
9951,-1.0
9952,-1.0
9953,-1.0
9954,-1.0
9955,-1.0
9956,-1.0
9957,-1.0
9958,-1.0
9959,-1.0
9960,-1.0
9961,-1.0
9962,-1.0
9963,-1.0
9964,-1.0
9965,-1.0
9966,-1.0
9967,-1.0
9968,-1.0
9969,-1.0
9970,-1.0
9971,-1.0
9972,-1.0
9973,-1.0
9974,-1.0
9975,-1.0
9976,-1.0
9977,-1.0
9978,-1.0
9979,-1.0
9980,-1.0
9981,-1.0
9982,-1.0
9983,-1.0
9984,-1.0
9985,-1.0
9986,-1.0
9987,-1.0
9988,-1.0
9989,-1.0
9990,-1.0
9991,-1.0
9992,-1.0
9993,-1.0
9994,-1.0
9995,-1.0
9996,-1.0
9997,-1.0
9998,-1.0
9999,-1.0
10000,-1.0
10001,-1.0
10002,-1.0
10003,-1.0
10004,-1.0
10005,-1.0
10006,-1.0
10007,-1.0
10008,-1.0
10009,-1.0
10010,-1.0
10011,-1.0
10012,-1.0
10013,-1.0
10014,-1.0
10015,-1.0
10016,-1.0
10017,-1.0
10018,-1.0
10019,-1.0
10020,-1.0
10021,-1.0
10022,-1.0
10023,-1.0
10024,-1.0
10025,-1.0
10026,-1.0
10027,-1.0
10028,-1.0
10029,-1.0
10030,-1.0
10031,-1.0
10032,-1.0
10033,-1.0
10034,-1.0
10035,-1.0
10036,-1.0
10037,-1.0
10038,-1.0
10039,-1.0
10040,-1.0
10041,-1.0
10042,-1.0
10043,-1.0
10044,-1.0
10045,-1.0
10046,-1.0
10047,-1.0
10048,-1.0
10049,-1.0
10050,-1.0
10051,-1.0
10052,-1.0
10053,-1.0
10054,-1.0
10055,-1.0
10056,-1.0
10057,-1.0
10058,-1.0
10059,-1.0
10060,-1.0
10061,-1.0
10062,-1.0
10063,-1.0
10064,-1.0
10065,-1.0
10066,-1.0
10067,-1.0
10068,-1.0
10069,-1.0
10070,-1.0
10071,-1.0
10072,-1.0
10073,-1.0
10074,-1.0
10075,-1.0
10076,-1.0
10077,-1.0
10078,-1.0
10079,-1.0
10080,-1.0
10081,-1.0
10082,-1.0
10083,-1.0
10084,-1.0
10085,-1.0
10086,-1.0
10087,-1.0
10088,-1.0
10089,-1.0
10090,-1.0
10091,-1.0
10092,-1.0
10093,-1.0
10094,-1.0
10095,-1.0
10096,-1.0
10097,-1.0
10098,-1.0
10099,-1.0
10100,-1.0
10101,-1.0
10102,-1.0
10103,-1.0
10104,-1.0
10105,-1.0
10106,-1.0
10107,-1.0
10108,-1.0
10109,-1.0
10110,-1.0
10111,-1.0
10112,-1.0
10113,-1.0
10114,-1.0
10115,-1.0
10116,-1.0
10117,-1.0
10118,-1.0
10119,-1.0
10120,-1.0
10121,-1.0
10122,-1.0
10123,-1.0
10124,-1.0
10125,-1.0
10126,-1.0
10127,-1.0
10128,-1.0
10129,-1.0
10130,-1.0
10131,-1.0
10132,-1.0
10133,-1.0
10134,-1.0
10135,-1.0
10136,-1.0
10137,-1.0
10138,-1.0
10139,-1.0
10140,-1.0
10141,-1.0
10142,-1.0
10143,-1.0
10144,-1.0
10145,-1.0
10146,-1.0
10147,-1.0
10148,-1.0
10149,-1.0
10150,-1.0
10151,-1.0
10152,-1.0
10153,-1.0
10154,-1.0
10155,-1.0
10156,-1.0
10157,-1.0
10158,-1.0
10159,-1.0
10160,-1.0
10161,-1.0
10162,-1.0
10163,-1.0
10164,-1.0
10165,-1.0
10166,-1.0
10167,-1.0
10168,-1.0
10169,-1.0
10170,-1.0
10171,-1.0
10172,-1.0
10173,-1.0
10174,-1.0
10175,-1.0
10176,-1.0
10177,-1.0
10178,-1.0
10179,-1.0
10180,-1.0
10181,-1.0
10182,-1.0
10183,-1.0
10184,-1.0
10185,-1.0
10186,-1.0
10187,-1.0
10188,-1.0
10189,-1.0
10190,-1.0
10191,-1.0
10192,-1.0
10193,-1.0
10194,-1.0
10195,-1.0
10196,-1.0
10197,-1.0
10198,-1.0
10199,-1.0
10200,-1.0
10201,-1.0
10202,-1.0
10203,-1.0
10204,-1.0
10205,-1.0
10206,-1.0
10207,-1.0
10208,-1.0
10209,-1.0
10210,-1.0
10211,-1.0
10212,-1.0
10213,-1.0
10214,-1.0
10215,-1.0
10216,-1.0
10217,-1.0
10218,-1.0
10219,-1.0
10220,-1.0
10221,-1.0
10222,-1.0
10223,-1.0
10224,-1.0
10225,-1.0
10226,-1.0
10227,-1.0
10228,-1.0
10229,-1.0
10230,-1.0
10231,-1.0
10232,-1.0
10233,-1.0
10234,-1.0
10235,-1.0
10236,-1.0
10237,-1.0
10238,-1.0
10239,-1.0
10240,-1.0
10241,-1.0
10242,-1.0
10243,-1.0
10244,-1.0
10245,-1.0
10246,-1.0
10247,-1.0
10248,-1.0
10249,-1.0
10250,-1.0
10251,-1.0
10252,-1.0
10253,-1.0
10254,-1.0
10255,-1.0
10256,-1.0
10257,-1.0
10258,-1.0
10259,-1.0
10260,-1.0
10261,-1.0
10262,-1.0
10263,-1.0
10264,-1.0
10265,-1.0
10266,-1.0
10267,-1.0
10268,-1.0
10269,-1.0
10270,-1.0
10271,-1.0
10272,-1.0
10273,-1.0
10274,-1.0
10275,-1.0
10276,-1.0
10277,-1.0
10278,-1.0
10279,-1.0
10280,-1.0
10281,-1.0
10282,-1.0
10283,-1.0
10284,-1.0
10285,-1.0
10286,-1.0
10287,-1.0
10288,-1.0
10289,-1.0
10290,-1.0
10291,-1.0
10292,-1.0
10293,-1.0
10294,-1.0
10295,-1.0
10296,-1.0
10297,-1.0
10298,-1.0
10299,-1.0
10300,-1.0
10301,-1.0
10302,-1.0
10303,-1.0
10304,-1.0
10305,-1.0
10306,-1.0
10307,-1.0
10308,-1.0
10309,-1.0
10310,-1.0
10311,-1.0
10312,-1.0
10313,-1.0
10314,-1.0
10315,-1.0
10316,-1.0
10317,-1.0
10318,-1.0
10319,-1.0
10320,-1.0
10321,-1.0
10322,-1.0
10323,-1.0
10324,-1.0
10325,-1.0
10326,-1.0
10327,-1.0
10328,-1.0
10329,-1.0
10330,-1.0
10331,-1.0
10332,-1.0
10333,-1.0
10334,-1.0
10335,-1.0
10336,-1.0
10337,-1.0
10338,-1.0
10339,-1.0
10340,-1.0
10341,-1.0
10342,-1.0
10343,-1.0
10344,-1.0
10345,-1.0
10346,-1.0
10347,-1.0
10348,-1.0
10349,-1.0
10350,-1.0
10351,-1.0
10352,-1.0
10353,-1.0
10354,-1.0
10355,-1.0
10356,-1.0
10357,-1.0
10358,-1.0
10359,-1.0
10360,-1.0
10361,-1.0
10362,-1.0
10363,-1.0
10364,-1.0
10365,-1.0
10366,-1.0
10367,-1.0
10368,-1.0
10369,-1.0
10370,-1.0
10371,-1.0
10372,-1.0
10373,-1.0
10374,-1.0
10375,-1.0
10376,-1.0
10377,-1.0
10378,-1.0
10379,-1.0
10380,-1.0
10381,-1.0
10382,-1.0
10383,-1.0
10384,-1.0
10385,-1.0
10386,-1.0
10387,-1.0
10388,-1.0
10389,-1.0
10390,-1.0
10391,-1.0
10392,-1.0
10393,-1.0
10394,-1.0
10395,-1.0
10396,-1.0
10397,-1.0
10398,-1.0
10399,-1.0
10400,-1.0
10401,-1.0
10402,-1.0
10403,-1.0
10404,-1.0
10405,-1.0
10406,-1.0
10407,-1.0
10408,-1.0
10409,-1.0
10410,-1.0
10411,-1.0
10412,-1.0
10413,-1.0
10414,-1.0
10415,-1.0
10416,-1.0
10417,-1.0
10418,-1.0
10419,-1.0
10420,-1.0
10421,-1.0
10422,-1.0
10423,-1.0
10424,-1.0
10425,-1.0
10426,-1.0
10427,-1.0
10428,-1.0
10429,-1.0
10430,-1.0
10431,-1.0
10432,-1.0
10433,-1.0
10434,-1.0
10435,-1.0
10436,-1.0
10437,-1.0
10438,-1.0
10439,-1.0
10440,-1.0
10441,-1.0
10442,-1.0
10443,-1.0
10444,-1.0
10445,-1.0
10446,-1.0
10447,-1.0
10448,-1.0
10449,-1.0
10450,-1.0
10451,-1.0
10452,-1.0
10453,-1.0
10454,-1.0
10455,-1.0
10456,-1.0
10457,-1.0
10458,-1.0
10459,-1.0
10460,-1.0
10461,-1.0
10462,-1.0
10463,-1.0
10464,-1.0
10465,-1.0
10466,-1.0
10467,-1.0
10468,-1.0
10469,-1.0
10470,-1.0
10471,-1.0
10472,-1.0
10473,-1.0
10474,-1.0
10475,-1.0
10476,-1.0
10477,-1.0
10478,-1.0
10479,-1.0
10480,-1.0
10481,-1.0
10482,-1.0
10483,-1.0
10484,-1.0
10485,-1.0
10486,-1.0
10487,-1.0
10488,-1.0
10489,-1.0
10490,-1.0
10491,-1.0
10492,-1.0
10493,-1.0
10494,-1.0
10495,-1.0
10496,-1.0
10497,-1.0
10498,-1.0
10499,-1.0
10500,-1.0
10501,-1.0
10502,-1.0
10503,-1.0
10504,-1.0
10505,-1.0
10506,-1.0
10507,-1.0
10508,-1.0
10509,-1.0
10510,-1.0
10511,-1.0
10512,-1.0
10513,-1.0
10514,-1.0
10515,-1.0
10516,-1.0
10517,-1.0
10518,-1.0
10519,-1.0
10520,-1.0
10521,-1.0
10522,-1.0
10523,-1.0
10524,-1.0
10525,-1.0
10526,-1.0
10527,-1.0
10528,-1.0
10529,-1.0
10530,-1.0
10531,-1.0
10532,-1.0
10533,-1.0
10534,-1.0
10535,-1.0
10536,-1.0
10537,-1.0
10538,-1.0
10539,-1.0
10540,-1.0
10541,-1.0
10542,-1.0
10543,-1.0
10544,-1.0
10545,-1.0
10546,-1.0
10547,-1.0
10548,-1.0
10549,-1.0
10550,-1.0
10551,-1.0
10552,-1.0
10553,-1.0
10554,-1.0
10555,-1.0
10556,-1.0
10557,-1.0
10558,-1.0
10559,-1.0
10560,-1.0
10561,-1.0
10562,-1.0
10563,-1.0
10564,-1.0
10565,-1.0
10566,-1.0
10567,-1.0
10568,-1.0
10569,-1.0
10570,-1.0
10571,-1.0
10572,-1.0
10573,-1.0
10574,-1.0
10575,-1.0
10576,-1.0
10577,-1.0
10578,-1.0
10579,-1.0
10580,-1.0
10581,-1.0
10582,-1.0
10583,-1.0
10584,-1.0
10585,-1.0
10586,-1.0
10587,-1.0
10588,-1.0
10589,-1.0
10590,-1.0
10591,-1.0
10592,-1.0
10593,-1.0
10594,-1.0
10595,-1.0
10596,-1.0
10597,-1.0
10598,-1.0
10599,-1.0
10600,-1.0
10601,-1.0
10602,-1.0
10603,-1.0
10604,-1.0
10605,-1.0
10606,-1.0
10607,-1.0
10608,-1.0
10609,-1.0
10610,-1.0
10611,-1.0
10612,-1.0
10613,-1.0
10614,-1.0
10615,-1.0
10616,-1.0
10617,-1.0
10618,-1.0
10619,-1.0
10620,-1.0
10621,-1.0
10622,-1.0
10623,-1.0
10624,-1.0
10625,-1.0
10626,-1.0
10627,-1.0
10628,-1.0
10629,-1.0
10630,-1.0
10631,-1.0
10632,-1.0
10633,-1.0
10634,-1.0
10635,-1.0
10636,-1.0
10637,-1.0
10638,-1.0
10639,-1.0
10640,-1.0
10641,-1.0
10642,-1.0
10643,-1.0
10644,-1.0
10645,-1.0
10646,-1.0
10647,-1.0
10648,-1.0
10649,-1.0
10650,-1.0
10651,-1.0
10652,-1.0
10653,-1.0
10654,-1.0
10655,-1.0
10656,-1.0
10657,-1.0
10658,-1.0
10659,-1.0
10660,-1.0
10661,-1.0
10662,-1.0
10663,-1.0
10664,-1.0
10665,-1.0
10666,-1.0
10667,-1.0
10668,-1.0
10669,-1.0
10670,-1.0
10671,-1.0
10672,-1.0
10673,-1.0
10674,-1.0
10675,-1.0
10676,-1.0
10677,-1.0
10678,-1.0
10679,-1.0
10680,-1.0
10681,-1.0
10682,-1.0
10683,-1.0
10684,-1.0
10685,-1.0
10686,-1.0
10687,-1.0
10688,-1.0
10689,-1.0
10690,-1.0
10691,-1.0
10692,-1.0
10693,-1.0
10694,-1.0
10695,-1.0
10696,-1.0
10697,-1.0
10698,-1.0
10699,-1.0
10700,-1.0
10701,-1.0
10702,-1.0
10703,-1.0
10704,-1.0
10705,-1.0
10706,-1.0
10707,-1.0
10708,-1.0
10709,-1.0
10710,-1.0
10711,-1.0
10712,-1.0
10713,-1.0
10714,-1.0
10715,-1.0
10716,-1.0
10717,-1.0
10718,-1.0
10719,-1.0
10720,-1.0
10721,-1.0
10722,-1.0
10723,-1.0
10724,-1.0
10725,-1.0
10726,-1.0
10727,-1.0
10728,-1.0
10729,-1.0
10730,-1.0
10731,-1.0
10732,-1.0
10733,-1.0
10734,-1.0
10735,-1.0
10736,-1.0
10737,-1.0
10738,-1.0
10739,-1.0
10740,-1.0
10741,-1.0
10742,-1.0
10743,-1.0
10744,-1.0
10745,-1.0
10746,-1.0
10747,-1.0
10748,-1.0
10749,-1.0
10750,-1.0
10751,-1.0
10752,-1.0
10753,-1.0
10754,-1.0
10755,-1.0
10756,-1.0
10757,-1.0
10758,-1.0
10759,-1.0
10760,-1.0
10761,-1.0
10762,-1.0
10763,-1.0
10764,-1.0
10765,-1.0
10766,-1.0
10767,-1.0
10768,-1.0
10769,-1.0
10770,-1.0
10771,-1.0
10772,-1.0
10773,-1.0
10774,-1.0
10775,-1.0
10776,-1.0
10777,-1.0
10778,-1.0
10779,-1.0
10780,-1.0
10781,-1.0
10782,-1.0
10783,-1.0
10784,-1.0
10785,-1.0
10786,-1.0
10787,-1.0
10788,-1.0
10789,-1.0
10790,-1.0
10791,-1.0
10792,-1.0
10793,-1.0
10794,-1.0
10795,-1.0
10796,-1.0
10797,-1.0
10798,-1.0
10799,-1.0
10800,-1.0
10801,-1.0
10802,-1.0
10803,-1.0
10804,-1.0
10805,-1.0
10806,-1.0
10807,-1.0
10808,-1.0
10809,-1.0
10810,-1.0
10811,-1.0
10812,-1.0
10813,-1.0
10814,-1.0
10815,-1.0
10816,-1.0
10817,-1.0
10818,-1.0
10819,-1.0
10820,-1.0
10821,-1.0
10822,-1.0
10823,-1.0
10824,-1.0
10825,-1.0
10826,-1.0
10827,-1.0
10828,-1.0
10829,-1.0
10830,-1.0
10831,-1.0
10832,-1.0
10833,-1.0
10834,-1.0
10835,-1.0
10836,-1.0
10837,-1.0
10838,-1.0
10839,-1.0
10840,-1.0
10841,-1.0
10842,-1.0
10843,-1.0
10844,-1.0
10845,-1.0
10846,-1.0
10847,-1.0
10848,-1.0
10849,-1.0
10850,-1.0
10851,-1.0
10852,-1.0
10853,-1.0
10854,-1.0
10855,-1.0
10856,-1.0
10857,-1.0
10858,-1.0
10859,-1.0
10860,-1.0
10861,-1.0
10862,-1.0
10863,-1.0
10864,-1.0
10865,-1.0
10866,-1.0
10867,-1.0
10868,-1.0
10869,-1.0
10870,-1.0
10871,-1.0
10872,-1.0
10873,-1.0
10874,-1.0
10875,-1.0
10876,-1.0
10877,-1.0
10878,-1.0
10879,-1.0
10880,-1.0
10881,-1.0
10882,-1.0
10883,-1.0
10884,-1.0
10885,-1.0
10886,-1.0
10887,-1.0
10888,-1.0
10889,-1.0
10890,-1.0
10891,-1.0
10892,-1.0
10893,-1.0
10894,-1.0
10895,-1.0
10896,-1.0
10897,-1.0
10898,-1.0
10899,-1.0
10900,-1.0
10901,-1.0
10902,-1.0
10903,-1.0
10904,-1.0
10905,-1.0
10906,-1.0
10907,-1.0
10908,-1.0
10909,-1.0
10910,-1.0
10911,-1.0
10912,-1.0
10913,-1.0
10914,-1.0
10915,-1.0
10916,-1.0
10917,-1.0
10918,-1.0
10919,-1.0
10920,-1.0
10921,-1.0
10922,-1.0
10923,-1.0
10924,-1.0
10925,-1.0
10926,-1.0
10927,-1.0
10928,-1.0
10929,-1.0
10930,-1.0
10931,-1.0
10932,-1.0
10933,-1.0
10934,-1.0
10935,-1.0
10936,-1.0
10937,-1.0
10938,-1.0
10939,-1.0
10940,-1.0
10941,-1.0
10942,-1.0
10943,-1.0
10944,-1.0
10945,-1.0
10946,-1.0
10947,-1.0
10948,-1.0
10949,-1.0
10950,-1.0
10951,-1.0
10952,-1.0
10953,-1.0
10954,-1.0
10955,-1.0
10956,-1.0
10957,-1.0
10958,-1.0
10959,-1.0
10960,-1.0
10961,-1.0
10962,-1.0
10963,-1.0
10964,-1.0
10965,-1.0
10966,-1.0
10967,-1.0
10968,-1.0
10969,-1.0
10970,-1.0
10971,-1.0
10972,-1.0
10973,-1.0
10974,-1.0
10975,-1.0
10976,-1.0
10977,-1.0
10978,-1.0
10979,-1.0
10980,-1.0
10981,-1.0
10982,-1.0
10983,-1.0
10984,-1.0
10985,-1.0
10986,-1.0
10987,-1.0
10988,-1.0
10989,-1.0
10990,-1.0
10991,-1.0
10992,-1.0
10993,-1.0
10994,-1.0
10995,-1.0
10996,-1.0
10997,-1.0
10998,-1.0
10999,-1.0
11000,-1.0
11001,-1.0
11002,-1.0
11003,-1.0
11004,-1.0
11005,-1.0
11006,-1.0
11007,-1.0
11008,-1.0
11009,-1.0
11010,-1.0
11011,-1.0
11012,-1.0
11013,-1.0
11014,-1.0
11015,-1.0
11016,-1.0
11017,-1.0
11018,-1.0
11019,-1.0
11020,-1.0
11021,-1.0
11022,-1.0
11023,-1.0
11024,-1.0
11025,-1.0
11026,-1.0
11027,-1.0
11028,-1.0
11029,-1.0
11030,-1.0
11031,-1.0
11032,-1.0
11033,-1.0
11034,-1.0
11035,-1.0
11036,-1.0
11037,-1.0
11038,-1.0
11039,-1.0
11040,-1.0
11041,-1.0
11042,-1.0
11043,-1.0
11044,-1.0
11045,-1.0
11046,-1.0
11047,-1.0
11048,-1.0
11049,-1.0
11050,-1.0
11051,-1.0
11052,-1.0
11053,-1.0
11054,-1.0
11055,-1.0
11056,-1.0
11057,-1.0
11058,-1.0
11059,-1.0
11060,-1.0
11061,-1.0
11062,-1.0
11063,-1.0
11064,-1.0
11065,-1.0
11066,-1.0
11067,-1.0
11068,-1.0
11069,-1.0
11070,-1.0
11071,-1.0
11072,-1.0
11073,-1.0
11074,-1.0
11075,-1.0
11076,-1.0
11077,-1.0
11078,-1.0
11079,-1.0
11080,-1.0
11081,-1.0
11082,-1.0
11083,-1.0
11084,-1.0
11085,-1.0
11086,-1.0
11087,-1.0
11088,-1.0
11089,-1.0
11090,-1.0
11091,-1.0
11092,-1.0
11093,-1.0
11094,-1.0
11095,-1.0
11096,-1.0
11097,-1.0
11098,-1.0
11099,-1.0
11100,-1.0
11101,-1.0
11102,-1.0
11103,-1.0
11104,-1.0
11105,-1.0
11106,-1.0
11107,-1.0
11108,-1.0
11109,-1.0
11110,-1.0
11111,-1.0
11112,-1.0
11113,-1.0
11114,-1.0
11115,-1.0
11116,-1.0
11117,-1.0
11118,-1.0
11119,-1.0
11120,-1.0
11121,-1.0
11122,-1.0
11123,-1.0
11124,-1.0
11125,-1.0
11126,-1.0
11127,-1.0
11128,-1.0
11129,-1.0
11130,-1.0
11131,-1.0
11132,-1.0
11133,-1.0
11134,-1.0
11135,-1.0
11136,-1.0
11137,-1.0
11138,-1.0
11139,-1.0
11140,-1.0
11141,-1.0
11142,-1.0
11143,-1.0
11144,-1.0
11145,-1.0
11146,-1.0
11147,-1.0
11148,-1.0
11149,-1.0
11150,-1.0
11151,-1.0
11152,-1.0
11153,-1.0
11154,-1.0
11155,-1.0
11156,-1.0
11157,-1.0
11158,-1.0
11159,-1.0
11160,-1.0
11161,-1.0
11162,-1.0
11163,-1.0
11164,-1.0
11165,-1.0
11166,-1.0
11167,-1.0
11168,-1.0
11169,-1.0
11170,-1.0
11171,-1.0
11172,-1.0
11173,-1.0
11174,-1.0
11175,-1.0
11176,-1.0
11177,-1.0
11178,-1.0
11179,-1.0
11180,-1.0
11181,-1.0
11182,-1.0
11183,-1.0
11184,-1.0
11185,-1.0
11186,-1.0
11187,-1.0
11188,-1.0
11189,-1.0
11190,-1.0
11191,-1.0
11192,-1.0
11193,-1.0
11194,-1.0
11195,-1.0
11196,-1.0
11197,-1.0
11198,-1.0
11199,-1.0
11200,-1.0
11201,-1.0
11202,-1.0
11203,-1.0
11204,-1.0
11205,-1.0
11206,-1.0
11207,-1.0
11208,-1.0
11209,-1.0
11210,-1.0
11211,-1.0
11212,-1.0
11213,-1.0
11214,-1.0
11215,-1.0
11216,-1.0
11217,-1.0
11218,-1.0
11219,-1.0
11220,-1.0
11221,-1.0
11222,-1.0
11223,-1.0
11224,-1.0
11225,-1.0
11226,-1.0
11227,-1.0
11228,-1.0
11229,-1.0
11230,-1.0
11231,-1.0
11232,-1.0
11233,-1.0
11234,-1.0
11235,-1.0
11236,-1.0
11237,-1.0
11238,-1.0
11239,-1.0
11240,-1.0
11241,-1.0
11242,-1.0
11243,-1.0
11244,-1.0
11245,-1.0
11246,-1.0
11247,-1.0
11248,-1.0
11249,-1.0
11250,-1.0
11251,-1.0
11252,-1.0
11253,-1.0
11254,-1.0
11255,-1.0
11256,-1.0
11257,-1.0
11258,-1.0
11259,-1.0
11260,-1.0
11261,-1.0
11262,-1.0
11263,-1.0
11264,-1.0
11265,-1.0
11266,-1.0
11267,-1.0
11268,-1.0
11269,-1.0
11270,-1.0
11271,-1.0
11272,-1.0
11273,-1.0
11274,-1.0
11275,-1.0
11276,-1.0
11277,-1.0
11278,-1.0
11279,-1.0
11280,-1.0
11281,-1.0
11282,-1.0
11283,-1.0
11284,-1.0
11285,-1.0
11286,-1.0
11287,-1.0
11288,-1.0
11289,-1.0
11290,-1.0
11291,-1.0
11292,-1.0
11293,-1.0
11294,-1.0
11295,-1.0
11296,-1.0
11297,-1.0
11298,-1.0
11299,-1.0
11300,-1.0
11301,-1.0
11302,-1.0
11303,-1.0
11304,-1.0
11305,-1.0
11306,-1.0
11307,-1.0
11308,-1.0
11309,-1.0
11310,-1.0
11311,-1.0
11312,-1.0
11313,-1.0
11314,-1.0
11315,-1.0
11316,-1.0
11317,-1.0
11318,-1.0
11319,-1.0
11320,-1.0
11321,-1.0
11322,-1.0
11323,-1.0
11324,-1.0
11325,-1.0
11326,-1.0
11327,-1.0
11328,-1.0
11329,-1.0
11330,-1.0
11331,-1.0
11332,-1.0
11333,-1.0
11334,-1.0
11335,-1.0
11336,-1.0
11337,-1.0
11338,-1.0
11339,-1.0
11340,-1.0
11341,-1.0
11342,-1.0
11343,-1.0
11344,-1.0
11345,-1.0
11346,-1.0
11347,-1.0
11348,-1.0
11349,-1.0
11350,-1.0
11351,-1.0
11352,-1.0
11353,-1.0
11354,-1.0
11355,-1.0
11356,-1.0
11357,-1.0
11358,-1.0
11359,-1.0
11360,-1.0
11361,-1.0
11362,-1.0
11363,-1.0
11364,-1.0
11365,-1.0
11366,-1.0
11367,-1.0
11368,-1.0
11369,-1.0
11370,-1.0
11371,-1.0
11372,-1.0
11373,-1.0
11374,-1.0
11375,-1.0
11376,-1.0
11377,-1.0
11378,-1.0
11379,-1.0
11380,-1.0
11381,-1.0
11382,-1.0
11383,-1.0
11384,-1.0
11385,-1.0
11386,-1.0
11387,-1.0
11388,-1.0
11389,-1.0
11390,-1.0
11391,-1.0
11392,-1.0
11393,-1.0
11394,-1.0
11395,-1.0
11396,-1.0
11397,-1.0
11398,-1.0
11399,-1.0
11400,-1.0
11401,-1.0
11402,-1.0
11403,-1.0
11404,-1.0
11405,-1.0
11406,-1.0
11407,-1.0
11408,-1.0
11409,-1.0
11410,-1.0
11411,-1.0
11412,-1.0
11413,-1.0
11414,-1.0
11415,-1.0
11416,-1.0
11417,-1.0
11418,-1.0
11419,-1.0
11420,-1.0
11421,-1.0
11422,-1.0
11423,-1.0
11424,-1.0
11425,-1.0
11426,-1.0
11427,-1.0
11428,-1.0
11429,-1.0
11430,-1.0
11431,-1.0
11432,-1.0
11433,-1.0
11434,-1.0
11435,-1.0
11436,-1.0
11437,-1.0
11438,-1.0
11439,-1.0
11440,-1.0
11441,-1.0
11442,-1.0
11443,-1.0
11444,-1.0
11445,-1.0
11446,-1.0
11447,-1.0
11448,-1.0
11449,-1.0
11450,-1.0
11451,-1.0
11452,-1.0
11453,-1.0
11454,-1.0
11455,-1.0
11456,-1.0
11457,-1.0
11458,-1.0
11459,-1.0
11460,-1.0
11461,-1.0
11462,-1.0
11463,-1.0
11464,-1.0
11465,-1.0
11466,-1.0
11467,-1.0
11468,-1.0
11469,-1.0
11470,-1.0
11471,-1.0
11472,-1.0
11473,-1.0
11474,-1.0
11475,-1.0
11476,-1.0
11477,-1.0
11478,-1.0
11479,-1.0
11480,-1.0
11481,-1.0
11482,-1.0
11483,-1.0
11484,-1.0
11485,-1.0
11486,-1.0
11487,-1.0
11488,-1.0
11489,-1.0
11490,-1.0
11491,-1.0
11492,-1.0
11493,-1.0
11494,-1.0
11495,-1.0
11496,-1.0
11497,-1.0
11498,-1.0
11499,-1.0
11500,-1.0
11501,-1.0
11502,-1.0
11503,-1.0
11504,-1.0
11505,-1.0
11506,-1.0
11507,-1.0
11508,-1.0
11509,-1.0
11510,-1.0
11511,-1.0
11512,-1.0
11513,-1.0
11514,-1.0
11515,-1.0
11516,-1.0
11517,-1.0
11518,-1.0
11519,-1.0
11520,-1.0
11521,-1.0
11522,-1.0
11523,-1.0
11524,-1.0
11525,-1.0
11526,-1.0
11527,-1.0
11528,-1.0
11529,-1.0
11530,-1.0
11531,-1.0
11532,-1.0
11533,-1.0
11534,-1.0
11535,-1.0
11536,-1.0
11537,-1.0
11538,-1.0
11539,-1.0
11540,-1.0
11541,-1.0
11542,-1.0
11543,-1.0
11544,-1.0
11545,-1.0
11546,-1.0
11547,-1.0
11548,-1.0
11549,-1.0
11550,-1.0
11551,-1.0
11552,-1.0
11553,-1.0
11554,-1.0
11555,-1.0
11556,-1.0
11557,-1.0
11558,-1.0
11559,-1.0
11560,-1.0
11561,-1.0
11562,-1.0
11563,-1.0
11564,-1.0
11565,-1.0
11566,-1.0
11567,-1.0
11568,-1.0
11569,-1.0
11570,-1.0
11571,-1.0
11572,-1.0
11573,-1.0
11574,-1.0
11575,-1.0
11576,-1.0
11577,-1.0
11578,-1.0
11579,-1.0
11580,-1.0
11581,-1.0
11582,-1.0
11583,-1.0
11584,-1.0
11585,-1.0
11586,-1.0
11587,-1.0
11588,-1.0
11589,-1.0
11590,-1.0
11591,-1.0
11592,-1.0
11593,-1.0
11594,-1.0
11595,-1.0
11596,-1.0
11597,-1.0
11598,-1.0
11599,-1.0
11600,-1.0
11601,-1.0
11602,-1.0
11603,-1.0
11604,-1.0
11605,-1.0
11606,-1.0
11607,-1.0
11608,-1.0
11609,-1.0
11610,-1.0
11611,-1.0
11612,-1.0
11613,-1.0
11614,-1.0
11615,-1.0
11616,-1.0
11617,-1.0
11618,-1.0
11619,-1.0
11620,-1.0
11621,-1.0
11622,-1.0
11623,-1.0
11624,-1.0
11625,-1.0
11626,-1.0
11627,-1.0
11628,-1.0
11629,-1.0
11630,-1.0
11631,-1.0
11632,-1.0
11633,-1.0
11634,-1.0
11635,-1.0
11636,-1.0
11637,-1.0
11638,-1.0
11639,-1.0
11640,-1.0
11641,-1.0
11642,-1.0
11643,-1.0
11644,-1.0
11645,-1.0
11646,-1.0
11647,-1.0
11648,-1.0
11649,-1.0
11650,-1.0
11651,-1.0
11652,-1.0
11653,-1.0
11654,-1.0
11655,-1.0
11656,-1.0
11657,-1.0
11658,-1.0
11659,-1.0
11660,-1.0
11661,-1.0
11662,-1.0
11663,-1.0
11664,-1.0
11665,-1.0
11666,-1.0
11667,-1.0
11668,-1.0
11669,-1.0
11670,-1.0
11671,-1.0
11672,-1.0
11673,-1.0
11674,-1.0
11675,-1.0
11676,-1.0
11677,-1.0
11678,-1.0
11679,-1.0
11680,-1.0
11681,-1.0
11682,-1.0
11683,-1.0
11684,-1.0
11685,-1.0
11686,-1.0
11687,-1.0
11688,-1.0
11689,-1.0
11690,-1.0
11691,-1.0
11692,-1.0
11693,-1.0
11694,-1.0
11695,-1.0
11696,-1.0
11697,-1.0
11698,-1.0
11699,-1.0
11700,-1.0
11701,-1.0
11702,-1.0
11703,-1.0
11704,-1.0
11705,-1.0
11706,-1.0
11707,-1.0
11708,-1.0
11709,-1.0
11710,-1.0
11711,-1.0
11712,-1.0
11713,-1.0
11714,-1.0
11715,-1.0
11716,-1.0
11717,-1.0
11718,-1.0
11719,-1.0
11720,-1.0
11721,-1.0
11722,-1.0
11723,-1.0
11724,-1.0
11725,-1.0
11726,-1.0
11727,-1.0
11728,-1.0
11729,-1.0
11730,-1.0
11731,-1.0
11732,-1.0
11733,-1.0
11734,-1.0
11735,-1.0
11736,-1.0
11737,-1.0
11738,-1.0
11739,-1.0
11740,-1.0
11741,-1.0
11742,-1.0
11743,-1.0
11744,-1.0
11745,-1.0
11746,-1.0
11747,-1.0
11748,-1.0
11749,-1.0
11750,-1.0
11751,-1.0
11752,-1.0
11753,-1.0
11754,-1.0
11755,-1.0
11756,-1.0
11757,-1.0
11758,-1.0
11759,-1.0
11760,-1.0
11761,-1.0
11762,-1.0
11763,-1.0
11764,-1.0
11765,-1.0
11766,-1.0
11767,-1.0
11768,-1.0
11769,-1.0
11770,-1.0
11771,-1.0
11772,-1.0
11773,-1.0
11774,-1.0
11775,-1.0
11776,-1.0
11777,-1.0
11778,-1.0
11779,-1.0
11780,-1.0
11781,-1.0
11782,-1.0
11783,-1.0
11784,-1.0
11785,-1.0
11786,-1.0
11787,-1.0
11788,-1.0
11789,-1.0
11790,-1.0
11791,-1.0
11792,-1.0
11793,-1.0
11794,-1.0
11795,-1.0
11796,-1.0
11797,-1.0
11798,-1.0
11799,-1.0
11800,-1.0
11801,-1.0
11802,-1.0
11803,-1.0
11804,-1.0
11805,-1.0
11806,-1.0
11807,-1.0
11808,-1.0
11809,-1.0
11810,-1.0
11811,-1.0
11812,-1.0
11813,-1.0
11814,-1.0
11815,-1.0
11816,-1.0
11817,-1.0
11818,-1.0
11819,-1.0
11820,-1.0
11821,-1.0
11822,-1.0
11823,-1.0
11824,-1.0
11825,-1.0
11826,-1.0
11827,-1.0
11828,-1.0
11829,-1.0
11830,-1.0
11831,-1.0
11832,-1.0
11833,-1.0
11834,-1.0
11835,-1.0
11836,-1.0
11837,-1.0
11838,-1.0
11839,-1.0
11840,-1.0
11841,-1.0
11842,-1.0
11843,-1.0
11844,-1.0
11845,-1.0
11846,-1.0
11847,-1.0
11848,-1.0
11849,-1.0
11850,-1.0
11851,-1.0
11852,-1.0
11853,-1.0
11854,-1.0
11855,-1.0
11856,-1.0
11857,-1.0
11858,-1.0
11859,-1.0
11860,-1.0
11861,-1.0
11862,-1.0
11863,-1.0
11864,-1.0
11865,-1.0
11866,-1.0
11867,-1.0
11868,-1.0
11869,-1.0
11870,-1.0
11871,-1.0
11872,-1.0
11873,-1.0
11874,-1.0
11875,-1.0
11876,-1.0
11877,-1.0
11878,-1.0
11879,-1.0
11880,-1.0
11881,-1.0
11882,-1.0
11883,-1.0
11884,-1.0
11885,-1.0
11886,-1.0
11887,-1.0
11888,-1.0
11889,-1.0
11890,-1.0
11891,-1.0
11892,-1.0
11893,-1.0
11894,-1.0
11895,-1.0
11896,-1.0
11897,-1.0
11898,-1.0
11899,-1.0
11900,-1.0
11901,-1.0
11902,-1.0
11903,-1.0
11904,-1.0
11905,-1.0
11906,-1.0
11907,-1.0
11908,-1.0
11909,-1.0
11910,-1.0
11911,-1.0
11912,-1.0
11913,-1.0
11914,-1.0
11915,-1.0
11916,-1.0
11917,-1.0
11918,-1.0
11919,-1.0
11920,-1.0
11921,-1.0
11922,-1.0
11923,-1.0
11924,-1.0
11925,-1.0
11926,-1.0
11927,-1.0
11928,-1.0
11929,-1.0
11930,-1.0
11931,-1.0
11932,-1.0
11933,-1.0
11934,-1.0
11935,-1.0
11936,-1.0
11937,-1.0
11938,-1.0
11939,-1.0
11940,-1.0
11941,-1.0
11942,-1.0
11943,-1.0
11944,-1.0
11945,-1.0
11946,-1.0
11947,-1.0
11948,-1.0
11949,-1.0
11950,-1.0
11951,-1.0
11952,-1.0
11953,-1.0
11954,-1.0
11955,-1.0
11956,-1.0
11957,-1.0
11958,-1.0
11959,-1.0
11960,-1.0
11961,-1.0
11962,-1.0
11963,-1.0
11964,-1.0
11965,-1.0
11966,-1.0
11967,-1.0
11968,-1.0
11969,-1.0
11970,-1.0
11971,-1.0
11972,-1.0
11973,-1.0
11974,-1.0
11975,-1.0
11976,-1.0
11977,-1.0
11978,-1.0
11979,-1.0
11980,-1.0
11981,-1.0
11982,-1.0
11983,-1.0
11984,-1.0
11985,-1.0
11986,-1.0
11987,-1.0
11988,-1.0
11989,-1.0
11990,-1.0
11991,-1.0
11992,-1.0
11993,-1.0
11994,-1.0
11995,-1.0
11996,-1.0
11997,-1.0
11998,-1.0
11999,-1.0
12000,-1.0
12001,-1.0
12002,-1.0
12003,-1.0
12004,-1.0
12005,-1.0
12006,-1.0
12007,-1.0
12008,-1.0
12009,-1.0
12010,-1.0
12011,-1.0
12012,-1.0
12013,-1.0
12014,-1.0
12015,-1.0
12016,-1.0
12017,-1.0
12018,-1.0
12019,-1.0
12020,-1.0
12021,-1.0
12022,-1.0
12023,-1.0
12024,-1.0
12025,-1.0
12026,-1.0
12027,-1.0
12028,-1.0
12029,-1.0
12030,-1.0
12031,-1.0
12032,-1.0
12033,-1.0
12034,-1.0
12035,-1.0
12036,-1.0
12037,-1.0
12038,-1.0
12039,-1.0
12040,-1.0
12041,-1.0
12042,-1.0
12043,-1.0
12044,-1.0
12045,-1.0
12046,-1.0
12047,-1.0
12048,-1.0
12049,-1.0
12050,-1.0
12051,-1.0
12052,-1.0
12053,-1.0
12054,-1.0
12055,-1.0
12056,-1.0
12057,-1.0
12058,-1.0
12059,-1.0
12060,-1.0
12061,-1.0
12062,-1.0
12063,-1.0
12064,-1.0
12065,-1.0
12066,-1.0
12067,-1.0
12068,-1.0
12069,-1.0
12070,-1.0
12071,-1.0
12072,-1.0
12073,-1.0
12074,-1.0
12075,-1.0
12076,-1.0
12077,-1.0
12078,-1.0
12079,-1.0
12080,-1.0
12081,-1.0
12082,-1.0
12083,-1.0
12084,-1.0
12085,-1.0
12086,-1.0
12087,-1.0
12088,-1.0
12089,-1.0
12090,-1.0
12091,-1.0
12092,-1.0
12093,-1.0
12094,-1.0
12095,-1.0
12096,-1.0
12097,-1.0
12098,-1.0
12099,-1.0
12100,-1.0
12101,-1.0
12102,-1.0
12103,-1.0
12104,-1.0
12105,-1.0
12106,-1.0
12107,-1.0
12108,-1.0
12109,-1.0
12110,-1.0
12111,-1.0
12112,-1.0
12113,-1.0
12114,-1.0
12115,-1.0
12116,-1.0
12117,-1.0
12118,-1.0
12119,-1.0
12120,-1.0
12121,-1.0
12122,-1.0
12123,-1.0
12124,-1.0
12125,-1.0
12126,-1.0
12127,-1.0
12128,-1.0
12129,-1.0
12130,-1.0
12131,-1.0
12132,-1.0
12133,-1.0
12134,-1.0
12135,-1.0
12136,-1.0
12137,-1.0
12138,-1.0
12139,-1.0
12140,-1.0
12141,-1.0
12142,-1.0
12143,-1.0
12144,-1.0
12145,-1.0
12146,-1.0
12147,-1.0
12148,-1.0
12149,-1.0
12150,-1.0
12151,-1.0
12152,-1.0
12153,-1.0
12154,-1.0
12155,-1.0
12156,-1.0
12157,-1.0
12158,-1.0
12159,-1.0
12160,-1.0
12161,-1.0
12162,-1.0
12163,-1.0
12164,-1.0
12165,-1.0
12166,-1.0
12167,-1.0
12168,-1.0
12169,-1.0
12170,-1.0
12171,-1.0
12172,-1.0
12173,-1.0
12174,-1.0
12175,-1.0
12176,-1.0
12177,-1.0
12178,-1.0
12179,-1.0
12180,-1.0
12181,-1.0
12182,-1.0
12183,-1.0
12184,-1.0
12185,-1.0
12186,-1.0
12187,-1.0
12188,-1.0
12189,-1.0
12190,-1.0
12191,-1.0
12192,-1.0
12193,-1.0
12194,-1.0
12195,-1.0
12196,-1.0
12197,-1.0
12198,-1.0
12199,-1.0
12200,-1.0
12201,-1.0
12202,-1.0
12203,-1.0
12204,-1.0
12205,-1.0
12206,-1.0
12207,-1.0
12208,-1.0
12209,-1.0
12210,-1.0
12211,-1.0
12212,-1.0
12213,-1.0
12214,-1.0
12215,-1.0
12216,-1.0
12217,-1.0
12218,-1.0
12219,-1.0
12220,-1.0
12221,-1.0
12222,-1.0
12223,-1.0
12224,-1.0
12225,-1.0
12226,-1.0
12227,-1.0
12228,-1.0
12229,-1.0
12230,-1.0
12231,-1.0
12232,-1.0
12233,-1.0
12234,-1.0
12235,-1.0
12236,-1.0
12237,-1.0
12238,-1.0
12239,-1.0
12240,-1.0
12241,-1.0
12242,-1.0
12243,-1.0
12244,-1.0
12245,-1.0
12246,-1.0
12247,-1.0
12248,-1.0
12249,-1.0
12250,-1.0
12251,-1.0
12252,-1.0
12253,-1.0
12254,-1.0
12255,-1.0
12256,-1.0
12257,-1.0
12258,-1.0
12259,-1.0
12260,-1.0
12261,-1.0
12262,-1.0
12263,-1.0
12264,-1.0
12265,-1.0
12266,-1.0
12267,-1.0
12268,-1.0
12269,-1.0
12270,-1.0
12271,-1.0
12272,-1.0
12273,-1.0
12274,-1.0
12275,-1.0
12276,-1.0
12277,-1.0
12278,-1.0
12279,-1.0
12280,-1.0
12281,-1.0
12282,-1.0
12283,-1.0
12284,-1.0
12285,-1.0
12286,-1.0
12287,-1.0
12288,-1.0
12289,-1.0
12290,-1.0
12291,-1.0
12292,-1.0
12293,-1.0
12294,-1.0
12295,-1.0
12296,-1.0
12297,-1.0
12298,-1.0
12299,-1.0
12300,-1.0
12301,-1.0
12302,-1.0
12303,-1.0
12304,-1.0
12305,-1.0
12306,-1.0
12307,-1.0
12308,-1.0
12309,-1.0
12310,-1.0
12311,-1.0
12312,-1.0
12313,-1.0
12314,-1.0
12315,-1.0
12316,-1.0
12317,-1.0
12318,-1.0
12319,-1.0
12320,-1.0
12321,-1.0
12322,-1.0
12323,-1.0
12324,-1.0
12325,-1.0
12326,-1.0
12327,-1.0
12328,-1.0
12329,-1.0
12330,-1.0
12331,-1.0
12332,-1.0
12333,-1.0
12334,-1.0
12335,-1.0
12336,-1.0
12337,-1.0
12338,-1.0
12339,-1.0
12340,-1.0
12341,-1.0
12342,-1.0
12343,-1.0
12344,-1.0
12345,-1.0
12346,-1.0
12347,-1.0
12348,-1.0
12349,-1.0
12350,-1.0
12351,-1.0
12352,-1.0
12353,-1.0
12354,-1.0
12355,-1.0
12356,-1.0
12357,-1.0
12358,-1.0
12359,-1.0
12360,-1.0
12361,-1.0
12362,-1.0
12363,-1.0
12364,-1.0
12365,-1.0
12366,-1.0
12367,-1.0
12368,-1.0
12369,-1.0
12370,-1.0
12371,-1.0
12372,-1.0
12373,-1.0
12374,-1.0
12375,-1.0
12376,-1.0
12377,-1.0
12378,-1.0
12379,-1.0
12380,-1.0
12381,-1.0
12382,-1.0
12383,-1.0
12384,-1.0
12385,-1.0
12386,-1.0
12387,-1.0
12388,-1.0
12389,-1.0
12390,-1.0
12391,-1.0
12392,-1.0
12393,-1.0
12394,-1.0
12395,-1.0
12396,-1.0
12397,-1.0
12398,-1.0
12399,-1.0
12400,-1.0
12401,-1.0
12402,-1.0
12403,-1.0
12404,-1.0
12405,-1.0
12406,-1.0
12407,-1.0
12408,-1.0
12409,-1.0
12410,-1.0
12411,-1.0
12412,-1.0
12413,-1.0
12414,-1.0
12415,-1.0
12416,-1.0
12417,-1.0
12418,-1.0
12419,-1.0
12420,-1.0
12421,-1.0
12422,-1.0
12423,-1.0
12424,-1.0
12425,-1.0
12426,-1.0
12427,-1.0
12428,-1.0
12429,-1.0
12430,-1.0
12431,-1.0
12432,-1.0
12433,-1.0
12434,-1.0
12435,-1.0
12436,-1.0
12437,-1.0
12438,-1.0
12439,-1.0
12440,-1.0
12441,-1.0
12442,-1.0
12443,-1.0
12444,-1.0
12445,-1.0
12446,-1.0
12447,-1.0
12448,-1.0
12449,-1.0
12450,-1.0
12451,-1.0
12452,-1.0
12453,-1.0
12454,-1.0
12455,-1.0
12456,-1.0
12457,-1.0
12458,-1.0
12459,-1.0
12460,-1.0
12461,-1.0
12462,-1.0
12463,-1.0
12464,-1.0
12465,-1.0
12466,-1.0
12467,-1.0
12468,-1.0
12469,-1.0
12470,-1.0
12471,-1.0
12472,-1.0
12473,-1.0
12474,-1.0
12475,-1.0
12476,-1.0
12477,-1.0
12478,-1.0
12479,-1.0
12480,-1.0
12481,-1.0
12482,-1.0
12483,-1.0
12484,-1.0
12485,-1.0
12486,-1.0
12487,-1.0
12488,-1.0
12489,-1.0
12490,-1.0
12491,-1.0
12492,-1.0
12493,-1.0
12494,-1.0
12495,-1.0
12496,-1.0
12497,-1.0
12498,-1.0
12499,-1.0
12500,-1.0
12501,-1.0
12502,-1.0
12503,-1.0
12504,-1.0
12505,-1.0
12506,-1.0
12507,-1.0
12508,-1.0
12509,-1.0
12510,-1.0
12511,-1.0
12512,-1.0
12513,-1.0
12514,-1.0
12515,-1.0
12516,-1.0
12517,-1.0
12518,-1.0
12519,-1.0
12520,-1.0
12521,-1.0
12522,-1.0
12523,-1.0
12524,-1.0
12525,-1.0
12526,-1.0
12527,-1.0
12528,-1.0
12529,-1.0
12530,-1.0
12531,-1.0
12532,-1.0
12533,-1.0
12534,-1.0
12535,-1.0
12536,-1.0
12537,-1.0
12538,-1.0
12539,-1.0
12540,-1.0
12541,-1.0
12542,-1.0
12543,-1.0
12544,-1.0
12545,-1.0
12546,-1.0
12547,-1.0
12548,-1.0
12549,-1.0
12550,-1.0
12551,-1.0
12552,-1.0
12553,-1.0
12554,-1.0
12555,-1.0
12556,-1.0
12557,-1.0
12558,-1.0
12559,-1.0
12560,-1.0
12561,-1.0
12562,-1.0
12563,-1.0
12564,-1.0
12565,-1.0
12566,-1.0
12567,-1.0
12568,-1.0
12569,-1.0
12570,-1.0
12571,-1.0
12572,-1.0
12573,-1.0
12574,-1.0
12575,-1.0
12576,-1.0
12577,-1.0
12578,-1.0
12579,-1.0
12580,-1.0
12581,-1.0
12582,-1.0
12583,-1.0
12584,-1.0
12585,-1.0
12586,-1.0
12587,-1.0
12588,-1.0
12589,-1.0
12590,-1.0
12591,-1.0
12592,-1.0
12593,-1.0
12594,-1.0
12595,-1.0
12596,-1.0
12597,-1.0
12598,-1.0
12599,-1.0
12600,-1.0
12601,-1.0
12602,-1.0
12603,-1.0
12604,-1.0
12605,-1.0
12606,-1.0
12607,-1.0
12608,-1.0
12609,-1.0
12610,-1.0
12611,-1.0
12612,-1.0
12613,-1.0
12614,-1.0
12615,-1.0
12616,-1.0
12617,-1.0
12618,-1.0
12619,-1.0
12620,-1.0
12621,-1.0
12622,-1.0
12623,-1.0
12624,-1.0
12625,-1.0
12626,-1.0
12627,-1.0
12628,-1.0
12629,-1.0
12630,-1.0
12631,-1.0
12632,-1.0
12633,-1.0
12634,-1.0
12635,-1.0
12636,-1.0
12637,-1.0
12638,-1.0
12639,-1.0
12640,-1.0
12641,-1.0
12642,-1.0
12643,-1.0
12644,-1.0
12645,-1.0
12646,-1.0
12647,-1.0
12648,-1.0
12649,-1.0
12650,-1.0
12651,-1.0
12652,-1.0
12653,-1.0
12654,-1.0
12655,-1.0
12656,-1.0
12657,-1.0
12658,-1.0
12659,-1.0
12660,-1.0
12661,-1.0
12662,-1.0
12663,-1.0
12664,-1.0
12665,-1.0
12666,-1.0
12667,-1.0
12668,-1.0
12669,-1.0
12670,-1.0
12671,-1.0
12672,-1.0
12673,-1.0
12674,-1.0
12675,-1.0
12676,-1.0
12677,-1.0
12678,-1.0
12679,-1.0
12680,-1.0
12681,-1.0
12682,-1.0
12683,-1.0
12684,-1.0
12685,-1.0
12686,-1.0
12687,-1.0
12688,-1.0
12689,-1.0
12690,-1.0
12691,-1.0
12692,-1.0
12693,-1.0
12694,-1.0
12695,-1.0
12696,-1.0
12697,-1.0
12698,-1.0
12699,-1.0
12700,-1.0
12701,-1.0
12702,-1.0
12703,-1.0
12704,-1.0
12705,-1.0
12706,-1.0
12707,-1.0
12708,-1.0
12709,-1.0
12710,-1.0
12711,-1.0
12712,-1.0
12713,-1.0
12714,-1.0
12715,-1.0
12716,-1.0
12717,-1.0
12718,-1.0
12719,-1.0
12720,-1.0
12721,-1.0
12722,-1.0
12723,-1.0
12724,-1.0
12725,-1.0
12726,-1.0
12727,-1.0
12728,-1.0
12729,-1.0
12730,-1.0
12731,-1.0
12732,-1.0
12733,-1.0
12734,-1.0
12735,-1.0
12736,-1.0
12737,-1.0
12738,-1.0
12739,-1.0
12740,-1.0
12741,-1.0
12742,-1.0
12743,-1.0
12744,-1.0
12745,-1.0
12746,-1.0
12747,-1.0
12748,-1.0
12749,-1.0
12750,-1.0
12751,-1.0
12752,-1.0
12753,-1.0
12754,-1.0
12755,-1.0
12756,-1.0
12757,-1.0
12758,-1.0
12759,-1.0
12760,-1.0
12761,-1.0
12762,-1.0
12763,-1.0
12764,-1.0
12765,-1.0
12766,-1.0
12767,-1.0
12768,-1.0
12769,-1.0
12770,-1.0
12771,-1.0
12772,-1.0
12773,-1.0
12774,-1.0
12775,-1.0
12776,-1.0
12777,-1.0
12778,-1.0
12779,-1.0
12780,-1.0
12781,-1.0
12782,-1.0
12783,-1.0
12784,-1.0
12785,-1.0
12786,-1.0
12787,-1.0
12788,-1.0
12789,-1.0
12790,-1.0
12791,-1.0
12792,-1.0
12793,-1.0
12794,-1.0
12795,-1.0
12796,-1.0
12797,-1.0
12798,-1.0
12799,-1.0
12800,-1.0
12801,-1.0
12802,-1.0
12803,-1.0
12804,-1.0
12805,-1.0
12806,-1.0
12807,-1.0
12808,-1.0
12809,-1.0
12810,-1.0
12811,-1.0
12812,-1.0
12813,-1.0
12814,-1.0
12815,-1.0
12816,-1.0
12817,-1.0
12818,-1.0
12819,-1.0
12820,-1.0
12821,-1.0
12822,-1.0
12823,-1.0
12824,-1.0
12825,-1.0
12826,-1.0
12827,-1.0
12828,-1.0
12829,-1.0
12830,-1.0
12831,-1.0
12832,-1.0
12833,-1.0
12834,-1.0
12835,-1.0
12836,-1.0
12837,-1.0
12838,-1.0
12839,-1.0
12840,-1.0
12841,-1.0
12842,-1.0
12843,-1.0
12844,-1.0
12845,-1.0
12846,-1.0
12847,-1.0
12848,-1.0
12849,-1.0
12850,-1.0
12851,-1.0
12852,-1.0
12853,-1.0
12854,-1.0
12855,-1.0
12856,-1.0
12857,-1.0
12858,-1.0
12859,-1.0
12860,-1.0
12861,-1.0
12862,-1.0
12863,-1.0
12864,-1.0
12865,-1.0
12866,-1.0
12867,-1.0
12868,-1.0
12869,-1.0
12870,-1.0
12871,-1.0
12872,-1.0
12873,-1.0
12874,-1.0
12875,-1.0
12876,-1.0
12877,-1.0
12878,-1.0
12879,-1.0
12880,-1.0
12881,-1.0
12882,-1.0
12883,-1.0
12884,-1.0
12885,-1.0
12886,-1.0
12887,-1.0
12888,-1.0
12889,-1.0
12890,-1.0
12891,-1.0
12892,-1.0
12893,-1.0
12894,-1.0
12895,-1.0
12896,-1.0
12897,-1.0
12898,-1.0
12899,-1.0
12900,-1.0
12901,-1.0
12902,-1.0
12903,-1.0
12904,-1.0
12905,-1.0
12906,-1.0
12907,-1.0
12908,-1.0
12909,-1.0
12910,-1.0
12911,-1.0
12912,-1.0
12913,-1.0
12914,-1.0
12915,-1.0
12916,-1.0
12917,-1.0
12918,-1.0
12919,-1.0
12920,-1.0
12921,-1.0
12922,-1.0
12923,-1.0
12924,-1.0
12925,-1.0
12926,-1.0
12927,-1.0
12928,-1.0
12929,-1.0
12930,-1.0
12931,-1.0
12932,-1.0
12933,-1.0
12934,-1.0
12935,-1.0
12936,-1.0
12937,-1.0
12938,-1.0
12939,-1.0
12940,-1.0
12941,-1.0
12942,-1.0
12943,-1.0
12944,-1.0
12945,-1.0
12946,-1.0
12947,-1.0
12948,-1.0
12949,-1.0
12950,-1.0
12951,-1.0
12952,-1.0
12953,-1.0
12954,-1.0
12955,-1.0
12956,-1.0
12957,-1.0
12958,-1.0
12959,-1.0
12960,-1.0
12961,-1.0
12962,-1.0
12963,-1.0
12964,-1.0
12965,-1.0
12966,-1.0
12967,-1.0
12968,-1.0
12969,-1.0
12970,-1.0
12971,-1.0
12972,-1.0
12973,-1.0
12974,-1.0
12975,-1.0
12976,-1.0
12977,-1.0
12978,-1.0
12979,-1.0
12980,-1.0
12981,-1.0
12982,-1.0
12983,-1.0
12984,-1.0
12985,-1.0
12986,-1.0
12987,-1.0
12988,-1.0
12989,-1.0
12990,-1.0
12991,-1.0
12992,-1.0
12993,-1.0
12994,-1.0
12995,-1.0
12996,-1.0
12997,-1.0
12998,-1.0
12999,-1.0
13000,-1.0
13001,-1.0
13002,-1.0
13003,-1.0
13004,-1.0
13005,-1.0
13006,-1.0
13007,-1.0
13008,-1.0
13009,-1.0
13010,-1.0
13011,-1.0
13012,-1.0
13013,-1.0
13014,-1.0
13015,-1.0
13016,-1.0
13017,-1.0
13018,-1.0
13019,-1.0
13020,-1.0
13021,-1.0
13022,-1.0
13023,-1.0
13024,-1.0
13025,-1.0
13026,-1.0
13027,-1.0
13028,-1.0
13029,-1.0
13030,-1.0
13031,-1.0
13032,-1.0
13033,-1.0
13034,-1.0
13035,-1.0
13036,-1.0
13037,-1.0
13038,-1.0
13039,-1.0
13040,-1.0
13041,-1.0
13042,-1.0
13043,-1.0
13044,-1.0
13045,-1.0
13046,-1.0
13047,-1.0
13048,-1.0
13049,-1.0
13050,-1.0
13051,-1.0
13052,-1.0
13053,-1.0
13054,-1.0
13055,-1.0
13056,-1.0
13057,-1.0
13058,-1.0
13059,-1.0
13060,-1.0
13061,-1.0
13062,-1.0
13063,-1.0
13064,-1.0
13065,-1.0
13066,-1.0
13067,-1.0
13068,-1.0
13069,-1.0
13070,-1.0
13071,-1.0
13072,-1.0
13073,-1.0
13074,-1.0
13075,-1.0
13076,-1.0
13077,-1.0
13078,-1.0
13079,-1.0
13080,-1.0
13081,-1.0
13082,-1.0
13083,-1.0
13084,-1.0
13085,-1.0
13086,-1.0
13087,-1.0
13088,-1.0
13089,-1.0
13090,-1.0
13091,-1.0
13092,-1.0
13093,-1.0
13094,-1.0
13095,-1.0
13096,-1.0
13097,-1.0
13098,-1.0
13099,-1.0
13100,-1.0
13101,-1.0
13102,-1.0
13103,-1.0
13104,-1.0
13105,-1.0
13106,-1.0
13107,-1.0
13108,-1.0
13109,-1.0
13110,-1.0
13111,-1.0
13112,-1.0
13113,-1.0
13114,-1.0
13115,-1.0
13116,-1.0
13117,-1.0
13118,-1.0
13119,-1.0
13120,-1.0
13121,-1.0
13122,-1.0
13123,-1.0
13124,-1.0
13125,-1.0
13126,-1.0
13127,-1.0
13128,-1.0
13129,-1.0
13130,-1.0
13131,-1.0
13132,-1.0
13133,-1.0
13134,-1.0
13135,-1.0
13136,-1.0
13137,-1.0
13138,-1.0
13139,-1.0
13140,-1.0
13141,-1.0
13142,-1.0
13143,-1.0
13144,-1.0
13145,-1.0
13146,-1.0
13147,-1.0
13148,-1.0
13149,-1.0
13150,-1.0
13151,-1.0
13152,-1.0
13153,-1.0
13154,-1.0
13155,-1.0
13156,-1.0
13157,-1.0
13158,-1.0
13159,-1.0
13160,-1.0
13161,-1.0
13162,-1.0
13163,-1.0
13164,-1.0
13165,-1.0
13166,-1.0
13167,-1.0
13168,-1.0
13169,-1.0
13170,-1.0
13171,-1.0
13172,-1.0
13173,-1.0
13174,-1.0
13175,-1.0
13176,-1.0
13177,-1.0
13178,-1.0
13179,-1.0
13180,-1.0
13181,-1.0
13182,-1.0
13183,-1.0
13184,-1.0
13185,-1.0
13186,-1.0
13187,-1.0
13188,-1.0
13189,-1.0
13190,-1.0
13191,-1.0
13192,-1.0
13193,-1.0
13194,-1.0
13195,-1.0
13196,-1.0
13197,-1.0
13198,-1.0
13199,-1.0
13200,-1.0
13201,-1.0
13202,-1.0
13203,-1.0
13204,-1.0
13205,-1.0
13206,-1.0
13207,-1.0
13208,-1.0
13209,-1.0
13210,-1.0
13211,-1.0
13212,-1.0
13213,-1.0
13214,-1.0
13215,-1.0
13216,-1.0
13217,-1.0
13218,-1.0
13219,-1.0
13220,-1.0
13221,-1.0
13222,-1.0
13223,-1.0
13224,-1.0
13225,-1.0
13226,-1.0
13227,-1.0
13228,-1.0
13229,-1.0
13230,-1.0
13231,-1.0
13232,-1.0
13233,-1.0
13234,-1.0
13235,-1.0
13236,-1.0
13237,-1.0
13238,-1.0
13239,-1.0
13240,-1.0
13241,-1.0
13242,-1.0
13243,-1.0
13244,-1.0
13245,-1.0
13246,-1.0
13247,-1.0
13248,-1.0
13249,-1.0
13250,-1.0
13251,-1.0
13252,-1.0
13253,-1.0
13254,-1.0
13255,-1.0
13256,-1.0
13257,-1.0
13258,-1.0
13259,-1.0
13260,-1.0
13261,-1.0
13262,-1.0
13263,-1.0
13264,-1.0
13265,-1.0
13266,-1.0
13267,-1.0
13268,-1.0
13269,-1.0
13270,-1.0
13271,-1.0
13272,-1.0
13273,-1.0
13274,-1.0
13275,-1.0
13276,-1.0
13277,-1.0
13278,-1.0
13279,-1.0
13280,-1.0
13281,-1.0
13282,-1.0
13283,-1.0
13284,-1.0
13285,-1.0
13286,-1.0
13287,-1.0
13288,-1.0
13289,-1.0
13290,-1.0
13291,-1.0
13292,-1.0
13293,-1.0
13294,-1.0
13295,-1.0
13296,-1.0
13297,-1.0
13298,-1.0
13299,-1.0
13300,-1.0
13301,-1.0
13302,-1.0
13303,-1.0
13304,-1.0
13305,-1.0
13306,-1.0
13307,-1.0
13308,-1.0
13309,-1.0
13310,-1.0
13311,-1.0
13312,-1.0
13313,-1.0
13314,-1.0
13315,-1.0
13316,-1.0
13317,-1.0
13318,-1.0
13319,-1.0
13320,-1.0
13321,-1.0
13322,-1.0
13323,-1.0
13324,-1.0
13325,-1.0
13326,-1.0
13327,-1.0
13328,-1.0
13329,-1.0
13330,-1.0
13331,-1.0
13332,-1.0
13333,-1.0
13334,-1.0
13335,-1.0
13336,-1.0
13337,-1.0
13338,-1.0
13339,-1.0
13340,-1.0
13341,-1.0
13342,-1.0
13343,-1.0
13344,-1.0
13345,-1.0
13346,-1.0
13347,-1.0
13348,-1.0
13349,-1.0
13350,-1.0
13351,-1.0
13352,-1.0
13353,-1.0
13354,-1.0
13355,-1.0
13356,-1.0
13357,-1.0
13358,-1.0
13359,-1.0
13360,-1.0
13361,-1.0
13362,-1.0
13363,-1.0
13364,-1.0
13365,-1.0
13366,-1.0
13367,-1.0
13368,-1.0
13369,-1.0
13370,-1.0
13371,-1.0
13372,-1.0
13373,-1.0
13374,-1.0
13375,-1.0
13376,-1.0
13377,-1.0
13378,-1.0
13379,-1.0
13380,-1.0
13381,-1.0
13382,-1.0
13383,-1.0
13384,-1.0
13385,-1.0
13386,-1.0
13387,-1.0
13388,-1.0
13389,-1.0
13390,-1.0
13391,-1.0
13392,-1.0
13393,-1.0
13394,-1.0
13395,-1.0
13396,-1.0
13397,-1.0
13398,-1.0
13399,-1.0
13400,-1.0
13401,-1.0
13402,-1.0
13403,-1.0
13404,-1.0
13405,-1.0
13406,-1.0
13407,-1.0
13408,-1.0
13409,-1.0
13410,-1.0
13411,-1.0
13412,-1.0
13413,-1.0
13414,-1.0
13415,-1.0
13416,-1.0
13417,-1.0
13418,-1.0
13419,-1.0
13420,-1.0
13421,-1.0
13422,-1.0
13423,-1.0
13424,-1.0
13425,-1.0
13426,-1.0
13427,-1.0
13428,-1.0
13429,-1.0
13430,-1.0
13431,-1.0
13432,-1.0
13433,-1.0
13434,-1.0
13435,-1.0
13436,-1.0
13437,-1.0
13438,-1.0
13439,-1.0
13440,-1.0
13441,-1.0
13442,-1.0
13443,-1.0
13444,-1.0
13445,-1.0
13446,-1.0
13447,-1.0
13448,-1.0
13449,-1.0
13450,-1.0
13451,-1.0
13452,-1.0
13453,-1.0
13454,-1.0
13455,-1.0
13456,-1.0
13457,-1.0
13458,-1.0
13459,-1.0
13460,-1.0
13461,-1.0
13462,-1.0
13463,-1.0
13464,-1.0
13465,-1.0
13466,-1.0
13467,-1.0
13468,-1.0
13469,-1.0
13470,-1.0
13471,-1.0
13472,-1.0
13473,-1.0
13474,-1.0
13475,-1.0
13476,-1.0
13477,-1.0
13478,-1.0
13479,-1.0
13480,-1.0
13481,-1.0
13482,-1.0
13483,-1.0
13484,-1.0
13485,-1.0
13486,-1.0
13487,-1.0
13488,-1.0
13489,-1.0
13490,-1.0
13491,-1.0
13492,-1.0
13493,-1.0
13494,-1.0
13495,-1.0
13496,-1.0
13497,-1.0
13498,-1.0
13499,-1.0
13500,-1.0
13501,-1.0
13502,-1.0
13503,-1.0
13504,-1.0
13505,-1.0
13506,-1.0
13507,-1.0
13508,-1.0
13509,-1.0
13510,-1.0
13511,-1.0
13512,-1.0
13513,-1.0
13514,-1.0
13515,-1.0
13516,-1.0
13517,-1.0
13518,-1.0
13519,-1.0
13520,-1.0
13521,-1.0
13522,-1.0
13523,-1.0
13524,-1.0
13525,-1.0
13526,-1.0
13527,-1.0
13528,-1.0
13529,-1.0
13530,-1.0
13531,-1.0
13532,-1.0
13533,-1.0
13534,-1.0
13535,-1.0
13536,-1.0
13537,-1.0
13538,-1.0
13539,-1.0
13540,-1.0
13541,-1.0
13542,-1.0
13543,-1.0
13544,-1.0
13545,-1.0
13546,-1.0
13547,-1.0
13548,-1.0
13549,-1.0
13550,-1.0
13551,-1.0
13552,-1.0
13553,-1.0
13554,-1.0
13555,-1.0
13556,-1.0
13557,-1.0
13558,-1.0
13559,-1.0
13560,-1.0
13561,-1.0
13562,-1.0
13563,-1.0
13564,-1.0
13565,-1.0
13566,-1.0
13567,-1.0
13568,-1.0
13569,-1.0
13570,-1.0
13571,-1.0
13572,-1.0
13573,-1.0
13574,-1.0
13575,-1.0
13576,-1.0
13577,-1.0
13578,-1.0
13579,-1.0
13580,-1.0
13581,-1.0
13582,-1.0
13583,-1.0
13584,-1.0
13585,-1.0
13586,-1.0
13587,-1.0
13588,-1.0
13589,-1.0
13590,-1.0
13591,-1.0
13592,-1.0
13593,-1.0
13594,-1.0
13595,-1.0
13596,-1.0
13597,-1.0
13598,-1.0
13599,-1.0
13600,-1.0
13601,-1.0
13602,-1.0
13603,-1.0
13604,-1.0
13605,-1.0
13606,-1.0
13607,-1.0
13608,-1.0
13609,-1.0
13610,-1.0
13611,-1.0
13612,-1.0
13613,-1.0
13614,-1.0
13615,-1.0
13616,-1.0
13617,-1.0
13618,-1.0
13619,-1.0
13620,-1.0
13621,-1.0
13622,-1.0
13623,-1.0
13624,-1.0
13625,-1.0
13626,-1.0
13627,-1.0
13628,-1.0
13629,-1.0
13630,-1.0
13631,-1.0
13632,-1.0
13633,-1.0
13634,-1.0
13635,-1.0
13636,-1.0
13637,-1.0
13638,-1.0
13639,-1.0
13640,-1.0
13641,-1.0
13642,-1.0
13643,-1.0
13644,-1.0
13645,-1.0
13646,-1.0
13647,-1.0
13648,-1.0
13649,-1.0
13650,-1.0
13651,-1.0
13652,-1.0
13653,-1.0
13654,-1.0
13655,-1.0
13656,-1.0
13657,-1.0
13658,-1.0
13659,-1.0
13660,-1.0
13661,-1.0
13662,-1.0
13663,-1.0
13664,-1.0
13665,-1.0
13666,-1.0
13667,-1.0
13668,-1.0
13669,-1.0
13670,-1.0
13671,-1.0
13672,-1.0
13673,-1.0
13674,-1.0
13675,-1.0
13676,-1.0
13677,-1.0
13678,-1.0
13679,-1.0
13680,-1.0
13681,-1.0
13682,-1.0
13683,-1.0
13684,-1.0
13685,-1.0
13686,-1.0
13687,-1.0
13688,-1.0
13689,-1.0
13690,-1.0
13691,-1.0
13692,-1.0
13693,-1.0
13694,-1.0
13695,-1.0
13696,-1.0
13697,-1.0
13698,-1.0
13699,-1.0
13700,-1.0
13701,-1.0
13702,-1.0
13703,-1.0
13704,-1.0
13705,-1.0
13706,-1.0
13707,-1.0
13708,-1.0
13709,-1.0
13710,-1.0
13711,-1.0
13712,-1.0
13713,-1.0
13714,-1.0
13715,-1.0
13716,-1.0
13717,-1.0
13718,-1.0
13719,-1.0
13720,-1.0
13721,-1.0
13722,-1.0
13723,-1.0
13724,-1.0
13725,-1.0
13726,-1.0
13727,-1.0
13728,-1.0
13729,-1.0
13730,-1.0
13731,-1.0
13732,-1.0
13733,-1.0
13734,-1.0
13735,-1.0
13736,-1.0
13737,-1.0
13738,-1.0
13739,-1.0
13740,-1.0
13741,-1.0
13742,-1.0
13743,-1.0
13744,-1.0
13745,-1.0
13746,-1.0
13747,-1.0
13748,-1.0
13749,-1.0
13750,-1.0
13751,-1.0
13752,-1.0
13753,-1.0
13754,-1.0
13755,-1.0
13756,-1.0
13757,-1.0
13758,-1.0
13759,-1.0
13760,-1.0
13761,-1.0
13762,-1.0
13763,-1.0
13764,-1.0
13765,-1.0
13766,-1.0
13767,-1.0
13768,-1.0
13769,-1.0
13770,-1.0
13771,-1.0
13772,-1.0
13773,-1.0
13774,-1.0
13775,-1.0
13776,-1.0
13777,-1.0
13778,-1.0
13779,-1.0
13780,-1.0
13781,-1.0
13782,-1.0
13783,-1.0
13784,-1.0
13785,-1.0
13786,-1.0
13787,-1.0
13788,-1.0
13789,-1.0
13790,-1.0
13791,-1.0
13792,-1.0
13793,-1.0
13794,-1.0
13795,-1.0
13796,-1.0
13797,-1.0
13798,-1.0
13799,-1.0
13800,-1.0
13801,-1.0
13802,-1.0
13803,-1.0
13804,-1.0
13805,-1.0
13806,-1.0
13807,-1.0
13808,-1.0
13809,-1.0
13810,-1.0
13811,-1.0
13812,-1.0
13813,-1.0
13814,-1.0
13815,-1.0
13816,-1.0
13817,-1.0
13818,-1.0
13819,-1.0
13820,-1.0
13821,-1.0
13822,-1.0
13823,-1.0
13824,-1.0
13825,-1.0
13826,-1.0
13827,-1.0
13828,-1.0
13829,-1.0
13830,-1.0
13831,-1.0
13832,-1.0
13833,-1.0
13834,-1.0
13835,-1.0
13836,-1.0
13837,-1.0
13838,-1.0
13839,-1.0
13840,-1.0
13841,-1.0
13842,-1.0
13843,-1.0
13844,-1.0
13845,-1.0
13846,-1.0
13847,-1.0
13848,-1.0
13849,-1.0
13850,-1.0
13851,-1.0
13852,-1.0
13853,-1.0
13854,-1.0
13855,-1.0
13856,-1.0
13857,-1.0
13858,-1.0
13859,-1.0
13860,-1.0
13861,-1.0
13862,-1.0
13863,-1.0
13864,-1.0
13865,-1.0
13866,-1.0
13867,-1.0
13868,-1.0
13869,-1.0
13870,-1.0
13871,-1.0
13872,-1.0
13873,-1.0
13874,-1.0
13875,-1.0
13876,-1.0
13877,-1.0
13878,-1.0
13879,-1.0
13880,-1.0
13881,-1.0
13882,-1.0
13883,-1.0
13884,-1.0
13885,-1.0
13886,-1.0
13887,-1.0
13888,-1.0
13889,-1.0
13890,-1.0
13891,-1.0
13892,-1.0
13893,-1.0
13894,-1.0
13895,-1.0
13896,-1.0
13897,-1.0
13898,-1.0
13899,-1.0
13900,-1.0
13901,-1.0
13902,-1.0
13903,-1.0
13904,-1.0
13905,-1.0
13906,-1.0
13907,-1.0
13908,-1.0
13909,-1.0
13910,-1.0
13911,-1.0
13912,-1.0
13913,-1.0
13914,-1.0
13915,-1.0
13916,-1.0
13917,-1.0
13918,-1.0
13919,-1.0
13920,-1.0
13921,-1.0
13922,-1.0
13923,-1.0
13924,-1.0
13925,-1.0
13926,-1.0
13927,-1.0
13928,-1.0
13929,-1.0
13930,-1.0
13931,-1.0
13932,-1.0
13933,-1.0
13934,-1.0
13935,-1.0
13936,-1.0
13937,-1.0
13938,-1.0
13939,-1.0
13940,-1.0
13941,-1.0
13942,-1.0
13943,-1.0
13944,-1.0
13945,-1.0
13946,-1.0
13947,-1.0
13948,-1.0
13949,-1.0
13950,-1.0
13951,-1.0
13952,-1.0
13953,-1.0
13954,-1.0
13955,-1.0
13956,-1.0
13957,-1.0
13958,-1.0
13959,-1.0
13960,-1.0
13961,-1.0
13962,-1.0
13963,-1.0
13964,-1.0
13965,-1.0
13966,-1.0
13967,-1.0
13968,-1.0
13969,-1.0
13970,-1.0
13971,-1.0
13972,-1.0
13973,-1.0
13974,-1.0
13975,-1.0
13976,-1.0
13977,-1.0
13978,-1.0
13979,-1.0
13980,-1.0
13981,-1.0
13982,-1.0
13983,-1.0
13984,-1.0
13985,-1.0
13986,-1.0
13987,-1.0
13988,-1.0
13989,-1.0
13990,-1.0
13991,-1.0
13992,-1.0
13993,-1.0
13994,-1.0
13995,-1.0
13996,-1.0
13997,-1.0
13998,-1.0
13999,-1.0
14000,-1.0
14001,-1.0
14002,-1.0
14003,-1.0
14004,-1.0
14005,-1.0
14006,-1.0
14007,-1.0
14008,-1.0
14009,-1.0
14010,-1.0
14011,-1.0
14012,-1.0
14013,-1.0
14014,-1.0
14015,-1.0
14016,-1.0
14017,-1.0
14018,-1.0
14019,-1.0
14020,-1.0
14021,-1.0
14022,-1.0
14023,-1.0
14024,-1.0
14025,-1.0
14026,-1.0
14027,-1.0
14028,-1.0
14029,-1.0
14030,-1.0
14031,-1.0
14032,-1.0
14033,-1.0
14034,-1.0
14035,-1.0
14036,-1.0
14037,-1.0
14038,-1.0
14039,-1.0
14040,-1.0
14041,-1.0
14042,-1.0
14043,-1.0
14044,-1.0
14045,-1.0
14046,-1.0
14047,-1.0
14048,-1.0
14049,-1.0
14050,-1.0
14051,-1.0
14052,-1.0
14053,-1.0
14054,-1.0
14055,-1.0
14056,-1.0
14057,-1.0
14058,-1.0
14059,-1.0
14060,-1.0
14061,-1.0
14062,-1.0
14063,-1.0
14064,-1.0
14065,-1.0
14066,-1.0
14067,-1.0
14068,-1.0
14069,-1.0
14070,-1.0
14071,-1.0
14072,-1.0
14073,-1.0
14074,-1.0
14075,-1.0
14076,-1.0
14077,-1.0
14078,-1.0
14079,-1.0
14080,-1.0
14081,-1.0
14082,-1.0
14083,-1.0
14084,-1.0
14085,-1.0
14086,-1.0
14087,-1.0
14088,-1.0
14089,-1.0
14090,-1.0
14091,-1.0
14092,-1.0
14093,-1.0
14094,-1.0
14095,-1.0
14096,-1.0
14097,-1.0
14098,-1.0
14099,-1.0
14100,-1.0
14101,-1.0
14102,-1.0
14103,-1.0
14104,-1.0
14105,-1.0
14106,-1.0
14107,-1.0
14108,-1.0
14109,-1.0
14110,-1.0
14111,-1.0
14112,-1.0
14113,-1.0
14114,-1.0
14115,-1.0
14116,-1.0
14117,-1.0
14118,-1.0
14119,-1.0
14120,-1.0
14121,-1.0
14122,-1.0
14123,-1.0
14124,-1.0
14125,-1.0
14126,-1.0
14127,-1.0
14128,-1.0
14129,-1.0
14130,-1.0
14131,-1.0
14132,-1.0
14133,-1.0
14134,-1.0
14135,-1.0
14136,-1.0
14137,-1.0
14138,-1.0
14139,-1.0
14140,-1.0
14141,-1.0
14142,-1.0
14143,-1.0
14144,-1.0
14145,-1.0
14146,-1.0
14147,-1.0
14148,-1.0
14149,-1.0
14150,-1.0
14151,-1.0
14152,-1.0
14153,-1.0
14154,-1.0
14155,-1.0
14156,-1.0
14157,-1.0
14158,-1.0
14159,-1.0
14160,-1.0
14161,-1.0
14162,-1.0
14163,-1.0
14164,-1.0
14165,-1.0
14166,-1.0
14167,-1.0
14168,-1.0
14169,-1.0
14170,-1.0
14171,-1.0
14172,-1.0
14173,-1.0
14174,-1.0
14175,-1.0
14176,-1.0
14177,-1.0
14178,-1.0
14179,-1.0
14180,-1.0
14181,-1.0
14182,-1.0
14183,-1.0
14184,-1.0
14185,-1.0
14186,-1.0
14187,-1.0
14188,-1.0
14189,-1.0
14190,-1.0
14191,-1.0
14192,-1.0
14193,-1.0
14194,-1.0
14195,-1.0
14196,-1.0
14197,-1.0
14198,-1.0
14199,-1.0
14200,-1.0
14201,-1.0
14202,-1.0
14203,-1.0
14204,-1.0
14205,-1.0
14206,-1.0
14207,-1.0
14208,-1.0
14209,-1.0
14210,-1.0
14211,-1.0
14212,-1.0
14213,-1.0
14214,-1.0
14215,-1.0
14216,-1.0
14217,-1.0
14218,-1.0
14219,-1.0
14220,-1.0
14221,-1.0
14222,-1.0
14223,-1.0
14224,-1.0
14225,-1.0
14226,-1.0
14227,-1.0
14228,-1.0
14229,-1.0
14230,-1.0
14231,-1.0
14232,-1.0
14233,-1.0
14234,-1.0
14235,-1.0
14236,-1.0
14237,-1.0
14238,-1.0
14239,-1.0
14240,-1.0
14241,-1.0
14242,-1.0
14243,-1.0
14244,-1.0
14245,-1.0
14246,-1.0
14247,-1.0
14248,-1.0
14249,-1.0
14250,-1.0
14251,-1.0
14252,-1.0
14253,-1.0
14254,-1.0
14255,-1.0
14256,-1.0
14257,-1.0
14258,-1.0
14259,-1.0
14260,-1.0
14261,-1.0
14262,-1.0
14263,-1.0
14264,-1.0
14265,-1.0
14266,-1.0
14267,-1.0
14268,-1.0
14269,-1.0
14270,-1.0
14271,-1.0
14272,-1.0
14273,-1.0
14274,-1.0
14275,-1.0
14276,-1.0
14277,-1.0
14278,-1.0
14279,-1.0
14280,-1.0
14281,-1.0
14282,-1.0
14283,-1.0
14284,-1.0
14285,-1.0
14286,-1.0
14287,-1.0
14288,-1.0
14289,-1.0
14290,-1.0
14291,-1.0
14292,-1.0
14293,-1.0
14294,-1.0
14295,-1.0
14296,-1.0
14297,-1.0
14298,-1.0
14299,-1.0
14300,-1.0
14301,-1.0
14302,-1.0
14303,-1.0
14304,-1.0
14305,-1.0
14306,-1.0
14307,-1.0
14308,-1.0
14309,-1.0
14310,-1.0
14311,-1.0
14312,-1.0
14313,-1.0
14314,-1.0
14315,-1.0
14316,-1.0
14317,-1.0
14318,-1.0
14319,-1.0
14320,-1.0
14321,-1.0
14322,-1.0
14323,-1.0
14324,-1.0
14325,-1.0
14326,-1.0
14327,-1.0
14328,-1.0
14329,-1.0
14330,-1.0
14331,-1.0
14332,-1.0
14333,-1.0
14334,-1.0
14335,-1.0
14336,-1.0
14337,-1.0
14338,-1.0
14339,-1.0
14340,-1.0
14341,-1.0
14342,-1.0
14343,-1.0
14344,-1.0
14345,-1.0
14346,-1.0
14347,-1.0
14348,-1.0
14349,-1.0
14350,-1.0
14351,-1.0
14352,-1.0
14353,-1.0
14354,-1.0
14355,-1.0
14356,-1.0
14357,-1.0
14358,-1.0
14359,-1.0
14360,-1.0
14361,-1.0
14362,-1.0
14363,-1.0
14364,-1.0
14365,-1.0
14366,-1.0
14367,-1.0
14368,-1.0
14369,-1.0
14370,-1.0
14371,-1.0
14372,-1.0
14373,-1.0
14374,-1.0
14375,-1.0
14376,-1.0
14377,-1.0
14378,-1.0
14379,-1.0
14380,-1.0
14381,-1.0
14382,-1.0
14383,-1.0
14384,-1.0
14385,-1.0
14386,-1.0
14387,-1.0
14388,-1.0
14389,-1.0
14390,-1.0
14391,-1.0
14392,-1.0
14393,-1.0
14394,-1.0
14395,-1.0
14396,-1.0
14397,-1.0
14398,-1.0
14399,-1.0
14400,-1.0
14401,-1.0
14402,-1.0
14403,-1.0
14404,-1.0
14405,-1.0
14406,-1.0
14407,-1.0
14408,-1.0
14409,-1.0
14410,-1.0
14411,-1.0
14412,-1.0
14413,-1.0
14414,-1.0
14415,-1.0
14416,-1.0
14417,-1.0
14418,-1.0
14419,-1.0
14420,-1.0
14421,-1.0
14422,-1.0
14423,-1.0
14424,-1.0
14425,-1.0
14426,-1.0
14427,-1.0
14428,-1.0
14429,-1.0
14430,-1.0
14431,-1.0
14432,-1.0
14433,-1.0
14434,-1.0
14435,-1.0
14436,-1.0
14437,-1.0
14438,-1.0
14439,-1.0
14440,-1.0
14441,-1.0
14442,-1.0
14443,-1.0
14444,-1.0
14445,-1.0
14446,-1.0
14447,-1.0
14448,-1.0
14449,-1.0
14450,-1.0
14451,-1.0
14452,-1.0
14453,-1.0
14454,-1.0
14455,-1.0
14456,-1.0
14457,-1.0
14458,-1.0
14459,-1.0
14460,-1.0
14461,-1.0
14462,-1.0
14463,-1.0
14464,-1.0
14465,-1.0
14466,-1.0
14467,-1.0
14468,-1.0
14469,-1.0
14470,-1.0
14471,-1.0
14472,-1.0
14473,-1.0
14474,-1.0
14475,-1.0
14476,-1.0
14477,-1.0
14478,-1.0
14479,-1.0
14480,-1.0
14481,-1.0
14482,-1.0
14483,-1.0
14484,-1.0
14485,-1.0
14486,-1.0
14487,-1.0
14488,-1.0
14489,-1.0
14490,-1.0
14491,-1.0
14492,-1.0
14493,-1.0
14494,-1.0
14495,-1.0
14496,-1.0
14497,-1.0
14498,-1.0
14499,-1.0
14500,-1.0
14501,-1.0
14502,-1.0
14503,-1.0
14504,-1.0
14505,-1.0
14506,-1.0
14507,-1.0
14508,-1.0
14509,-1.0
14510,-1.0
14511,-1.0
14512,-1.0
14513,-1.0
14514,-1.0
14515,-1.0
14516,-1.0
14517,-1.0
14518,-1.0
14519,-1.0
14520,-1.0
14521,-1.0
14522,-1.0
14523,-1.0
14524,-1.0
14525,-1.0
14526,-1.0
14527,-1.0
14528,-1.0
14529,-1.0
14530,-1.0
14531,-1.0
14532,-1.0
14533,-1.0
14534,-1.0
14535,-1.0
14536,-1.0
14537,-1.0
14538,-1.0
14539,-1.0
14540,-1.0
14541,-1.0
14542,-1.0
14543,-1.0
14544,-1.0
14545,-1.0
14546,-1.0
14547,-1.0
14548,-1.0
14549,-1.0
14550,-1.0
14551,-1.0
14552,-1.0
14553,-1.0
14554,-1.0
14555,-1.0
14556,-1.0
14557,-1.0
14558,-1.0
14559,-1.0
14560,-1.0
14561,-1.0
14562,-1.0
14563,-1.0
14564,-1.0
14565,-1.0
14566,-1.0
14567,-1.0
14568,-1.0
14569,-1.0
14570,-1.0
14571,-1.0
14572,-1.0
14573,-1.0
14574,-1.0
14575,-1.0
14576,-1.0
14577,-1.0
14578,-1.0
14579,-1.0
14580,-1.0
14581,-1.0
14582,-1.0
14583,-1.0
14584,-1.0
14585,-1.0
14586,-1.0
14587,-1.0
14588,-1.0
14589,-1.0
14590,-1.0
14591,-1.0
14592,-1.0
14593,-1.0
14594,-1.0
14595,-1.0
14596,-1.0
14597,-1.0
14598,-1.0
14599,-1.0
14600,-1.0
14601,-1.0
14602,-1.0
14603,-1.0
14604,-1.0
14605,-1.0
14606,-1.0
14607,-1.0
14608,-1.0
14609,-1.0
14610,-1.0
14611,-1.0
14612,-1.0
14613,-1.0
14614,-1.0
14615,-1.0
14616,-1.0
14617,-1.0
14618,-1.0
14619,-1.0
14620,-1.0
14621,-1.0
14622,-1.0
14623,-1.0
14624,-1.0
14625,-1.0
14626,-1.0
14627,-1.0
14628,-1.0
14629,-1.0
14630,-1.0
14631,-1.0
14632,-1.0
14633,-1.0
14634,-1.0
14635,-1.0
14636,-1.0
14637,-1.0
14638,-1.0
14639,-1.0
14640,-1.0
14641,-1.0
14642,-1.0
14643,-1.0
14644,-1.0
14645,-1.0
14646,-1.0
14647,-1.0
14648,-1.0
14649,-1.0
14650,-1.0
14651,-1.0
14652,-1.0
14653,-1.0
14654,-1.0
14655,-1.0
14656,-1.0
14657,-1.0
14658,-1.0
14659,-1.0
14660,-1.0
14661,-1.0
14662,-1.0
14663,-1.0
14664,-1.0
14665,-1.0
14666,-1.0
14667,-1.0
14668,-1.0
14669,-1.0
14670,-1.0
14671,-1.0
14672,-1.0
14673,-1.0
14674,-1.0
14675,-1.0
14676,-1.0
14677,-1.0
14678,-1.0
14679,-1.0
14680,-1.0
14681,-1.0
14682,-1.0
14683,-1.0
14684,-1.0
14685,-1.0
14686,-1.0
14687,-1.0
14688,-1.0
14689,-1.0
14690,-1.0
14691,-1.0
14692,-1.0
14693,-1.0
14694,-1.0
14695,-1.0
14696,-1.0
14697,-1.0
14698,-1.0
14699,-1.0
14700,-1.0
14701,-1.0
14702,-1.0
14703,-1.0
14704,-1.0
14705,-1.0
14706,-1.0
14707,-1.0
14708,-1.0
14709,-1.0
14710,-1.0
14711,-1.0
14712,-1.0
14713,-1.0
14714,-1.0
14715,-1.0
14716,-1.0
14717,-1.0
14718,-1.0
14719,-1.0
14720,-1.0
14721,-1.0
14722,-1.0
14723,-1.0
14724,-1.0
14725,-1.0
14726,-1.0
14727,-1.0
14728,-1.0
14729,-1.0
14730,-1.0
14731,-1.0
14732,-1.0
14733,-1.0
14734,-1.0
14735,-1.0
14736,-1.0
14737,-1.0
14738,-1.0
14739,-1.0
14740,-1.0
14741,-1.0
14742,-1.0
14743,-1.0
14744,-1.0
14745,-1.0
14746,-1.0
14747,-1.0
14748,-1.0
14749,-1.0
14750,-1.0
14751,-1.0
14752,-1.0
14753,-1.0
14754,-1.0
14755,-1.0
14756,-1.0
14757,-1.0
14758,-1.0
14759,-1.0
14760,-1.0
14761,-1.0
14762,-1.0
14763,-1.0
14764,-1.0
14765,-1.0
14766,-1.0
14767,-1.0
14768,-1.0
14769,-1.0
14770,-1.0
14771,-1.0
14772,-1.0
14773,-1.0
14774,-1.0
14775,-1.0
14776,-1.0
14777,-1.0
14778,-1.0
14779,-1.0
14780,-1.0
14781,-1.0
14782,-1.0
14783,-1.0
14784,-1.0
14785,-1.0
14786,-1.0
14787,-1.0
14788,-1.0
14789,-1.0
14790,-1.0
14791,-1.0
14792,-1.0
14793,-1.0
14794,-1.0
14795,-1.0
14796,-1.0
14797,-1.0
14798,-1.0
14799,-1.0
14800,-1.0
14801,-1.0
14802,-1.0
14803,-1.0
14804,-1.0
14805,-1.0
14806,-1.0
14807,-1.0
14808,-1.0
14809,-1.0
14810,-1.0
14811,-1.0
14812,-1.0
14813,-1.0
14814,-1.0
14815,-1.0
14816,-1.0
14817,-1.0
14818,-1.0
14819,-1.0
14820,-1.0
14821,-1.0
14822,-1.0
14823,-1.0
14824,-1.0
14825,-1.0
14826,-1.0
14827,-1.0
14828,-1.0
14829,-1.0
14830,-1.0
14831,-1.0
14832,-1.0
14833,-1.0
14834,-1.0
14835,-1.0
14836,-1.0
14837,-1.0
14838,-1.0
14839,-1.0
14840,-1.0
14841,-1.0
14842,-1.0
14843,-1.0
14844,-1.0
14845,-1.0
14846,-1.0
14847,-1.0
14848,-1.0
14849,-1.0
14850,-1.0
14851,-1.0
14852,-1.0
14853,-1.0
14854,-1.0
14855,-1.0
14856,-1.0
14857,-1.0
14858,-1.0
14859,-1.0
14860,-1.0
14861,-1.0
14862,-1.0
14863,-1.0
14864,-1.0
14865,-1.0
14866,-1.0
14867,-1.0
14868,-1.0
14869,-1.0
14870,-1.0
14871,-1.0
14872,-1.0
14873,-1.0
14874,-1.0
14875,-1.0
14876,-1.0
14877,-1.0
14878,-1.0
14879,-1.0
14880,-1.0
14881,-1.0
14882,-1.0
14883,-1.0
14884,-1.0
14885,-1.0
14886,-1.0
14887,-1.0
14888,-1.0
14889,-1.0
14890,-1.0
14891,-1.0
14892,-1.0
14893,-1.0
14894,-1.0
14895,-1.0
14896,-1.0
14897,-1.0
14898,-1.0
14899,-1.0
14900,-1.0
14901,-1.0
14902,-1.0
14903,-1.0
14904,-1.0
14905,-1.0
14906,-1.0
14907,-1.0
14908,-1.0
14909,-1.0
14910,-1.0
14911,-1.0
14912,-1.0
14913,-1.0
14914,-1.0
14915,-1.0
14916,-1.0
14917,-1.0
14918,-1.0
14919,-1.0
14920,-1.0
14921,-1.0
14922,-1.0
14923,-1.0
14924,-1.0
14925,-1.0
14926,-1.0
14927,-1.0
14928,-1.0
14929,-1.0
14930,-1.0
14931,-1.0
14932,-1.0
14933,-1.0
14934,-1.0
14935,-1.0
14936,-1.0
14937,-1.0
14938,-1.0
14939,-1.0
14940,-1.0
14941,-1.0
14942,-1.0
14943,-1.0
14944,-1.0
14945,-1.0
14946,-1.0
14947,-1.0
14948,-1.0
14949,-1.0
14950,-1.0
14951,-1.0
14952,-1.0
14953,-1.0
14954,-1.0
14955,-1.0
14956,-1.0
14957,-1.0
14958,-1.0
14959,-1.0
14960,-1.0
14961,-1.0
14962,-1.0
14963,-1.0
14964,-1.0
14965,-1.0
14966,-1.0
14967,-1.0
14968,-1.0
14969,-1.0
14970,-1.0
14971,-1.0
14972,-1.0
14973,-1.0
14974,-1.0
14975,-1.0
14976,-1.0
14977,-1.0
14978,-1.0
14979,-1.0
14980,-1.0
14981,-1.0
14982,-1.0
14983,-1.0
14984,-1.0
14985,-1.0
14986,-1.0
14987,-1.0
14988,-1.0
14989,-1.0
14990,-1.0
14991,-1.0
14992,-1.0
14993,-1.0
14994,-1.0
14995,-1.0
14996,-1.0
14997,-1.0
14998,-1.0
14999,-1.0
15000,-1.0
15001,-1.0
15002,-1.0
15003,-1.0
15004,-1.0
15005,-1.0
15006,-1.0
15007,-1.0
15008,-1.0
15009,-1.0
15010,-1.0
15011,-1.0
15012,-1.0
15013,-1.0
15014,-1.0
15015,-1.0
15016,-1.0
15017,-1.0
15018,-1.0
15019,-1.0
15020,-1.0
15021,-1.0
15022,-1.0
15023,-1.0
15024,-1.0
15025,-1.0
15026,-1.0
15027,-1.0
15028,-1.0
15029,-1.0
15030,-1.0
15031,-1.0
15032,-1.0
15033,-1.0
15034,-1.0
15035,-1.0
15036,-1.0
15037,-1.0
15038,-1.0
15039,-1.0
15040,-1.0
15041,-1.0
15042,-1.0
15043,-1.0
15044,-1.0
15045,-1.0
15046,-1.0
15047,-1.0
15048,-1.0
15049,-1.0
15050,-1.0
15051,-1.0
15052,-1.0
15053,-1.0
15054,-1.0
15055,-1.0
15056,-1.0
15057,-1.0
15058,-1.0
15059,-1.0
15060,-1.0
15061,-1.0
15062,-1.0
15063,-1.0
15064,-1.0
15065,-1.0
15066,-1.0
15067,-1.0
15068,-1.0
15069,-1.0
15070,-1.0
15071,-1.0
15072,-1.0
15073,-1.0
15074,-1.0
15075,-1.0
15076,-1.0
15077,-1.0
15078,-1.0
15079,-1.0
15080,-1.0
15081,-1.0
15082,-1.0
15083,-1.0
15084,-1.0
15085,-1.0
15086,-1.0
15087,-1.0
15088,-1.0
15089,-1.0
15090,-1.0
15091,-1.0
15092,-1.0
15093,-1.0
15094,-1.0
15095,-1.0
15096,-1.0
15097,-1.0
15098,-1.0
15099,-1.0
15100,-1.0
15101,-1.0
15102,-1.0
15103,-1.0
15104,-1.0
15105,-1.0
15106,-1.0
15107,-1.0
15108,-1.0
15109,-1.0
15110,-1.0
15111,-1.0
15112,-1.0
15113,-1.0
15114,-1.0
15115,-1.0
15116,-1.0
15117,-1.0
15118,-1.0
15119,-1.0
15120,-1.0
15121,-1.0
15122,-1.0
15123,-1.0
15124,-1.0
15125,-1.0
15126,-1.0
15127,-1.0
15128,-1.0
15129,-1.0
15130,-1.0
15131,-1.0
15132,-1.0
15133,-1.0
15134,-1.0
15135,-1.0
15136,-1.0
15137,-1.0
15138,-1.0
15139,-1.0
15140,-1.0
15141,-1.0
15142,-1.0
15143,-1.0
15144,-1.0
15145,-1.0
15146,-1.0
15147,-1.0
15148,-1.0
15149,-1.0
15150,-1.0
15151,-1.0
15152,-1.0
15153,-1.0
15154,-1.0
15155,-1.0
15156,-1.0
15157,-1.0
15158,-1.0
15159,-1.0
15160,-1.0
15161,-1.0
15162,-1.0
15163,-1.0
15164,-1.0
15165,-1.0
15166,-1.0
15167,-1.0
15168,-1.0
15169,-1.0
15170,-1.0
15171,-1.0
15172,-1.0
15173,-1.0
15174,-1.0
15175,-1.0
15176,-1.0
15177,-1.0
15178,-1.0
15179,-1.0
15180,-1.0
15181,-1.0
15182,-1.0
15183,-1.0
15184,-1.0
15185,-1.0
15186,-1.0
15187,-1.0
15188,-1.0
15189,-1.0
15190,-1.0
15191,-1.0
15192,-1.0
15193,-1.0
15194,-1.0
15195,-1.0
15196,-1.0
15197,-1.0
15198,-1.0
15199,-1.0
15200,-1.0
15201,-1.0
15202,-1.0
15203,-1.0
15204,-1.0
15205,-1.0
15206,-1.0
15207,-1.0
15208,-1.0
15209,-1.0
15210,-1.0
15211,-1.0
15212,-1.0
15213,-1.0
15214,-1.0
15215,-1.0
15216,-1.0
15217,-1.0
15218,-1.0
15219,-1.0
15220,-1.0
15221,-1.0
15222,-1.0
15223,-1.0
15224,-1.0
15225,-1.0
15226,-1.0
15227,-1.0
15228,-1.0
15229,-1.0
15230,-1.0
15231,-1.0
15232,-1.0
15233,-1.0
15234,-1.0
15235,-1.0
15236,-1.0
15237,-1.0
15238,-1.0
15239,-1.0
15240,-1.0
15241,-1.0
15242,-1.0
15243,-1.0
15244,-1.0
15245,-1.0
15246,-1.0
15247,-1.0
15248,-1.0
15249,-1.0
15250,-1.0
15251,-1.0
15252,-1.0
15253,-1.0
15254,-1.0
15255,-1.0
15256,-1.0
15257,-1.0
15258,-1.0
15259,-1.0
15260,-1.0
15261,-1.0
15262,-1.0
15263,-1.0
15264,-1.0
15265,-1.0
15266,-1.0
15267,-1.0
15268,-1.0
15269,-1.0
15270,-1.0
15271,-1.0
15272,-1.0
15273,-1.0
15274,-1.0
15275,-1.0
15276,-1.0
15277,-1.0
15278,-1.0
15279,-1.0
15280,-1.0
15281,-1.0
15282,-1.0
15283,-1.0
15284,-1.0
15285,-1.0
15286,-1.0
15287,-1.0
15288,-1.0
15289,-1.0
15290,-1.0
15291,-1.0
15292,-1.0
15293,-1.0
15294,-1.0
15295,-1.0
15296,-1.0
15297,-1.0
15298,-1.0
15299,-1.0
15300,-1.0
15301,-1.0
15302,-1.0
15303,-1.0
15304,-1.0
15305,-1.0
15306,-1.0
15307,-1.0
15308,-1.0
15309,-1.0
15310,-1.0
15311,-1.0
15312,-1.0
15313,-1.0
15314,-1.0
15315,-1.0
15316,-1.0
15317,-1.0
15318,-1.0
15319,-1.0
15320,-1.0
15321,-1.0
15322,-1.0
15323,-1.0
15324,-1.0
15325,-1.0
15326,-1.0
15327,-1.0
15328,-1.0
15329,-1.0
15330,-1.0
15331,-1.0
15332,-1.0
15333,-1.0
15334,-1.0
15335,-1.0
15336,-1.0
15337,-1.0
15338,-1.0
15339,-1.0
15340,-1.0
15341,-1.0
15342,-1.0
15343,-1.0
15344,-1.0
15345,-1.0
15346,-1.0
15347,-1.0
15348,-1.0
15349,-1.0
15350,-1.0
15351,-1.0
15352,-1.0
15353,-1.0
15354,-1.0
15355,-1.0
15356,-1.0
15357,-1.0
15358,-1.0
15359,-1.0
15360,-1.0
15361,-1.0
15362,-1.0
15363,-1.0
15364,-1.0
15365,-1.0
15366,-1.0
15367,-1.0
15368,-1.0
15369,-1.0
15370,-1.0
15371,-1.0
15372,-1.0
15373,-1.0
15374,-1.0
15375,-1.0
15376,-1.0
15377,-1.0
15378,-1.0
15379,-1.0
15380,-1.0
15381,-1.0
15382,-1.0
15383,-1.0
15384,-1.0
15385,-1.0
15386,-1.0
15387,-1.0
15388,-1.0
15389,-1.0
15390,-1.0
15391,-1.0
15392,-1.0
15393,-1.0
15394,-1.0
15395,-1.0
15396,-1.0
15397,-1.0
15398,-1.0
15399,-1.0
15400,-1.0
15401,-1.0
15402,-1.0
15403,-1.0
15404,-1.0
15405,-1.0
15406,-1.0
15407,-1.0
15408,-1.0
15409,-1.0
15410,-1.0
15411,-1.0
15412,-1.0
15413,-1.0
15414,-1.0
15415,-1.0
15416,-1.0
15417,-1.0
15418,-1.0
15419,-1.0
15420,-1.0
15421,-1.0
15422,-1.0
15423,-1.0
15424,-1.0
15425,-1.0
15426,-1.0
15427,-1.0
15428,-1.0
15429,-1.0
15430,-1.0
15431,-1.0
15432,-1.0
15433,-1.0
15434,-1.0
15435,-1.0
15436,-1.0
15437,-1.0
15438,-1.0
15439,-1.0
15440,-1.0
15441,-1.0
15442,-1.0
15443,-1.0
15444,-1.0
15445,-1.0
15446,-1.0
15447,-1.0
15448,-1.0
15449,-1.0
15450,-1.0
15451,-1.0
15452,-1.0
15453,-1.0
15454,-1.0
15455,-1.0
15456,-1.0
15457,-1.0
15458,-1.0
15459,-1.0
15460,-1.0
15461,-1.0
15462,-1.0
15463,-1.0
15464,-1.0
15465,-1.0
15466,-1.0
15467,-1.0
15468,-1.0
15469,-1.0
15470,-1.0
15471,-1.0
15472,-1.0
15473,-1.0
15474,-1.0
15475,-1.0
15476,-1.0
15477,-1.0
15478,-1.0
15479,-1.0
15480,-1.0
15481,-1.0
15482,-1.0
15483,-1.0
15484,-1.0
15485,-1.0
15486,-1.0
15487,-1.0
15488,-1.0
15489,-1.0
15490,-1.0
15491,-1.0
15492,-1.0
15493,-1.0
15494,-1.0
15495,-1.0
15496,-1.0
15497,-1.0
15498,-1.0
15499,-1.0
15500,-1.0
15501,-1.0
15502,-1.0
15503,-1.0
15504,-1.0
15505,-1.0
15506,-1.0
15507,-1.0
15508,-1.0
15509,-1.0
15510,-1.0
15511,-1.0
15512,-1.0
15513,-1.0
15514,-1.0
15515,-1.0
15516,-1.0
15517,-1.0
15518,-1.0
15519,-1.0
15520,-1.0
15521,-1.0
15522,-1.0
15523,-1.0
15524,-1.0
15525,-1.0
15526,-1.0
15527,-1.0
15528,-1.0
15529,-1.0
15530,-1.0
15531,-1.0
15532,-1.0
15533,-1.0
15534,-1.0
15535,-1.0
15536,-1.0
15537,-1.0
15538,-1.0
15539,-1.0
15540,-1.0
15541,-1.0
15542,-1.0
15543,-1.0
15544,-1.0
15545,-1.0
15546,-1.0
15547,-1.0
15548,-1.0
15549,-1.0
15550,-1.0
15551,-1.0
15552,-1.0
15553,-1.0
15554,-1.0
15555,-1.0
15556,-1.0
15557,-1.0
15558,-1.0
15559,-1.0
15560,-1.0
15561,-1.0
15562,-1.0
15563,-1.0
15564,-1.0
15565,-1.0
15566,-1.0
15567,-1.0
15568,-1.0
15569,-1.0
15570,-1.0
15571,-1.0
15572,-1.0
15573,-1.0
15574,-1.0
15575,-1.0
15576,-1.0
15577,-1.0
15578,-1.0
15579,-1.0
15580,-1.0
15581,-1.0
15582,-1.0
15583,-1.0
15584,-1.0
15585,-1.0
15586,-1.0
15587,-1.0
15588,-1.0
15589,-1.0
15590,-1.0
15591,-1.0
15592,-1.0
15593,-1.0
15594,-1.0
15595,-1.0
15596,-1.0
15597,-1.0
15598,-1.0
15599,-1.0
15600,-1.0
15601,-1.0
15602,-1.0
15603,-1.0
15604,-1.0
15605,-1.0
15606,-1.0
15607,-1.0
15608,-1.0
15609,-1.0
15610,-1.0
15611,-1.0
15612,-1.0
15613,-1.0
15614,-1.0
15615,-1.0
15616,-1.0
15617,-1.0
15618,-1.0
15619,-1.0
15620,-1.0
15621,-1.0
15622,-1.0
15623,-1.0
15624,-1.0
15625,-1.0
15626,-1.0
15627,-1.0
15628,-1.0
15629,-1.0
15630,-1.0
15631,-1.0
15632,-1.0
15633,-1.0
15634,-1.0
15635,-1.0
15636,-1.0
15637,-1.0
15638,-1.0
15639,-1.0
15640,-1.0
15641,-1.0
15642,-1.0
15643,-1.0
15644,-1.0
15645,-1.0
15646,-1.0
15647,-1.0
15648,-1.0
15649,-1.0
15650,-1.0
15651,-1.0
15652,-1.0
15653,-1.0
15654,-1.0
15655,-1.0
15656,-1.0
15657,-1.0
15658,-1.0
15659,-1.0
15660,-1.0
15661,-1.0
15662,-1.0
15663,-1.0
15664,-1.0
15665,-1.0
15666,-1.0
15667,-1.0
15668,-1.0
15669,-1.0
15670,-1.0
15671,-1.0
15672,-1.0
15673,-1.0
15674,-1.0
15675,-1.0
15676,-1.0
15677,-1.0
15678,-1.0
15679,-1.0
15680,-1.0
15681,-1.0
15682,-1.0
15683,-1.0
15684,-1.0
15685,-1.0
15686,-1.0
15687,-1.0
15688,-1.0
15689,-1.0
15690,-1.0
15691,-1.0
15692,-1.0
15693,-1.0
15694,-1.0
15695,-1.0
15696,-1.0
15697,-1.0
15698,-1.0
15699,-1.0
15700,-1.0
15701,-1.0
15702,-1.0
15703,-1.0
15704,-1.0
15705,-1.0
15706,-1.0
15707,-1.0
15708,-1.0
15709,-1.0
15710,-1.0
15711,-1.0
15712,-1.0
15713,-1.0
15714,-1.0
15715,-1.0
15716,-1.0
15717,-1.0
15718,-1.0
15719,-1.0
15720,-1.0
15721,-1.0
15722,-1.0
15723,-1.0
15724,-1.0
15725,-1.0
15726,-1.0
15727,-1.0
15728,-1.0
15729,-1.0
15730,-1.0
15731,-1.0
15732,-1.0
15733,-1.0
15734,-1.0
15735,-1.0
15736,-1.0
15737,-1.0
15738,-1.0
15739,-1.0
15740,-1.0
15741,-1.0
15742,-1.0
15743,-1.0
15744,-1.0
15745,-1.0
15746,-1.0
15747,-1.0
15748,-1.0
15749,-1.0
15750,-1.0
15751,-1.0
15752,-1.0
15753,-1.0
15754,-1.0
15755,-1.0
15756,-1.0
15757,-1.0
15758,-1.0
15759,-1.0
15760,-1.0
15761,-1.0
15762,-1.0
15763,-1.0
15764,-1.0
15765,-1.0
15766,-1.0
15767,-1.0
15768,-1.0
15769,-1.0
15770,-1.0
15771,-1.0
15772,-1.0
15773,-1.0
15774,-1.0
15775,-1.0
15776,-1.0
15777,-1.0
15778,-1.0
15779,-1.0
15780,-1.0
15781,-1.0
15782,-1.0
15783,-1.0
15784,-1.0
15785,-1.0
15786,-1.0
15787,-1.0
15788,-1.0
15789,-1.0
15790,-1.0
15791,-1.0
15792,-1.0
15793,-1.0
15794,-1.0
15795,-1.0
15796,-1.0
15797,-1.0
15798,-1.0
15799,-1.0
15800,-1.0
15801,-1.0
15802,-1.0
15803,-1.0
15804,-1.0
15805,-1.0
15806,-1.0
15807,-1.0
15808,-1.0
15809,-1.0
15810,-1.0
15811,-1.0
15812,-1.0
15813,-1.0
15814,-1.0
15815,-1.0
15816,-1.0
15817,-1.0
15818,-1.0
15819,-1.0
15820,-1.0
15821,-1.0
15822,-1.0
15823,-1.0
15824,-1.0
15825,-1.0
15826,-1.0
15827,-1.0
15828,-1.0
15829,-1.0
15830,-1.0
15831,-1.0
15832,-1.0
15833,-1.0
15834,-1.0
15835,-1.0
15836,-1.0
15837,-1.0
15838,-1.0
15839,-1.0
15840,-1.0
15841,-1.0
15842,-1.0
15843,-1.0
15844,-1.0
15845,-1.0
15846,-1.0
15847,-1.0
15848,-1.0
15849,-1.0
15850,-1.0
15851,-1.0
15852,-1.0
15853,-1.0
15854,-1.0
15855,-1.0
15856,-1.0
15857,-1.0
15858,-1.0
15859,-1.0
15860,-1.0
15861,-1.0
15862,-1.0
15863,-1.0
15864,-1.0
15865,-1.0
15866,-1.0
15867,-1.0
15868,-1.0
15869,-1.0
15870,-1.0
15871,-1.0
15872,-1.0
15873,-1.0
15874,-1.0
15875,-1.0
15876,-1.0
15877,-1.0
15878,-1.0
15879,-1.0
15880,-1.0
15881,-1.0
15882,-1.0
15883,-1.0
15884,-1.0
15885,-1.0
15886,-1.0
15887,-1.0
15888,-1.0
15889,-1.0
15890,-1.0
15891,-1.0
15892,-1.0
15893,-1.0
15894,-1.0
15895,-1.0
15896,-1.0
15897,-1.0
15898,-1.0
15899,-1.0
15900,-1.0
15901,-1.0
15902,-1.0
15903,-1.0
15904,-1.0
15905,-1.0
15906,-1.0
15907,-1.0
15908,-1.0
15909,-1.0
15910,-1.0
15911,-1.0
15912,-1.0
15913,-1.0
15914,-1.0
15915,-1.0
15916,-1.0
15917,-1.0
15918,-1.0
15919,-1.0
15920,-1.0
15921,-1.0
15922,-1.0
15923,-1.0
15924,-1.0
15925,-1.0
15926,-1.0
15927,-1.0
15928,-1.0
15929,-1.0
15930,-1.0
15931,-1.0
15932,-1.0
15933,-1.0
15934,-1.0
15935,-1.0
15936,-1.0
15937,-1.0
15938,-1.0
15939,-1.0
15940,-1.0
15941,-1.0
15942,-1.0
15943,-1.0
15944,-1.0
15945,-1.0
15946,-1.0
15947,-1.0
15948,-1.0
15949,-1.0
15950,-1.0
15951,-1.0
15952,-1.0
15953,-1.0
15954,-1.0
15955,-1.0
15956,-1.0
15957,-1.0
15958,-1.0
15959,-1.0
15960,-1.0
15961,-1.0
15962,-1.0
15963,-1.0
15964,-1.0
15965,-1.0
15966,-1.0
15967,-1.0
15968,-1.0
15969,-1.0
15970,-1.0
15971,-1.0
15972,-1.0
15973,-1.0
15974,-1.0
15975,-1.0
15976,-1.0
15977,-1.0
15978,-1.0
15979,-1.0
15980,-1.0
15981,-1.0
15982,-1.0
15983,-1.0
15984,-1.0
15985,-1.0
15986,-1.0
15987,-1.0
15988,-1.0
15989,-1.0
15990,-1.0
15991,-1.0
15992,-1.0
15993,-1.0
15994,-1.0
15995,-1.0
15996,-1.0
15997,-1.0
15998,-1.0
15999,-1.0
16000,-1.0
16001,-1.0
16002,-1.0
16003,-1.0
16004,-1.0
16005,-1.0
16006,-1.0
16007,-1.0
16008,-1.0
16009,-1.0
16010,-1.0
16011,-1.0
16012,-1.0
16013,-1.0
16014,-1.0
16015,-1.0
16016,-1.0
16017,-1.0
16018,-1.0
16019,-1.0
16020,-1.0
16021,-1.0
16022,-1.0
16023,-1.0
16024,-1.0
16025,-1.0
16026,-1.0
16027,-1.0
16028,-1.0
16029,-1.0
16030,-1.0
16031,-1.0
16032,-1.0
16033,-1.0
16034,-1.0
16035,-1.0
16036,-1.0
16037,-1.0
16038,-1.0
16039,-1.0
16040,-1.0
16041,-1.0
16042,-1.0
16043,-1.0
16044,-1.0
16045,-1.0
16046,-1.0
16047,-1.0
16048,-1.0
16049,-1.0
16050,-1.0
16051,-1.0
16052,-1.0
16053,-1.0
16054,-1.0
16055,-1.0
16056,-1.0
16057,-1.0
16058,-1.0
16059,-1.0
16060,-1.0
16061,-1.0
16062,-1.0
16063,-1.0
16064,-1.0
16065,-1.0
16066,-1.0
16067,-1.0
16068,-1.0
16069,-1.0
16070,-1.0
16071,-1.0
16072,-1.0
16073,-1.0
16074,-1.0
16075,-1.0
16076,-1.0
16077,-1.0
16078,-1.0
16079,-1.0
16080,-1.0
16081,-1.0
16082,-1.0
16083,-1.0
16084,-1.0
16085,-1.0
16086,-1.0
16087,-1.0
16088,-1.0
16089,-1.0
16090,-1.0
16091,-1.0
16092,-1.0
16093,-1.0
16094,-1.0
16095,-1.0
16096,-1.0
16097,-1.0
16098,-1.0
16099,-1.0
16100,-1.0
16101,-1.0
16102,-1.0
16103,-1.0
16104,-1.0
16105,-1.0
16106,-1.0
16107,-1.0
16108,-1.0
16109,-1.0
16110,-1.0
16111,-1.0
16112,-1.0
16113,-1.0
16114,-1.0
16115,-1.0
16116,-1.0
16117,-1.0
16118,-1.0
16119,-1.0
16120,-1.0
16121,-1.0
16122,-1.0
16123,-1.0
16124,-1.0
16125,-1.0
16126,-1.0
16127,-1.0
16128,-1.0
16129,-1.0
16130,-1.0
16131,-1.0
16132,-1.0
16133,-1.0
16134,-1.0
16135,-1.0
16136,-1.0
16137,-1.0
16138,-1.0
16139,-1.0
16140,-1.0
16141,-1.0
16142,-1.0
16143,-1.0
16144,-1.0
16145,-1.0
16146,-1.0
16147,-1.0
16148,-1.0
16149,-1.0
16150,-1.0
16151,-1.0
16152,-1.0
16153,-1.0
16154,-1.0
16155,-1.0
16156,-1.0
16157,-1.0
16158,-1.0
16159,-1.0
16160,-1.0
16161,-1.0
16162,-1.0
16163,-1.0
16164,-1.0
16165,-1.0
16166,-1.0
16167,-1.0
16168,-1.0
16169,-1.0
16170,-1.0
16171,-1.0
16172,-1.0
16173,-1.0
16174,-1.0
16175,-1.0
16176,-1.0
16177,-1.0
16178,-1.0
16179,-1.0
16180,-1.0
16181,-1.0
16182,-1.0
16183,-1.0
16184,-1.0
16185,-1.0
16186,-1.0
16187,-1.0
16188,-1.0
16189,-1.0
16190,-1.0
16191,-1.0
16192,-1.0
16193,-1.0
16194,-1.0
16195,-1.0
16196,-1.0
16197,-1.0
16198,-1.0
16199,-1.0
16200,-1.0
16201,-1.0
16202,-1.0
16203,-1.0
16204,-1.0
16205,-1.0
16206,-1.0
16207,-1.0
16208,-1.0
16209,-1.0
16210,-1.0
16211,-1.0
16212,-1.0
16213,-1.0
16214,-1.0
16215,-1.0
16216,-1.0
16217,-1.0
16218,-1.0
16219,-1.0
16220,-1.0
16221,-1.0
16222,-1.0
16223,-1.0
16224,-1.0
16225,-1.0
16226,-1.0
16227,-1.0
16228,-1.0
16229,-1.0
16230,-1.0
16231,-1.0
16232,-1.0
16233,-1.0
16234,-1.0
16235,-1.0
16236,-1.0
16237,-1.0
16238,-1.0
16239,-1.0
16240,-1.0
16241,-1.0
16242,-1.0
16243,-1.0
16244,-1.0
16245,-1.0
16246,-1.0
16247,-1.0
16248,-1.0
16249,-1.0
16250,-1.0
16251,-1.0
16252,-1.0
16253,-1.0
16254,-1.0
16255,-1.0
16256,-1.0
16257,-1.0
16258,-1.0
16259,-1.0
16260,-1.0
16261,-1.0
16262,-1.0
16263,-1.0
16264,-1.0
16265,-1.0
16266,-1.0
16267,-1.0
16268,-1.0
16269,-1.0
16270,-1.0
16271,-1.0
16272,-1.0
16273,-1.0
16274,-1.0
16275,-1.0
16276,-1.0
16277,-1.0
16278,-1.0
16279,-1.0
16280,-1.0
16281,-1.0
16282,-1.0
16283,-1.0
16284,-1.0
16285,-1.0
16286,-1.0
16287,-1.0
16288,-1.0
16289,-1.0
16290,-1.0
16291,-1.0
16292,-1.0
16293,-1.0
16294,-1.0
16295,-1.0
16296,-1.0
16297,-1.0
16298,-1.0
16299,-1.0
16300,-1.0
16301,-1.0
16302,-1.0
16303,-1.0
16304,-1.0
16305,-1.0
16306,-1.0
16307,-1.0
16308,-1.0
16309,-1.0
16310,-1.0
16311,-1.0
16312,-1.0
16313,-1.0
16314,-1.0
16315,-1.0
16316,-1.0
16317,-1.0
16318,-1.0
16319,-1.0
16320,-1.0
16321,-1.0
16322,-1.0
16323,-1.0
16324,-1.0
16325,-1.0
16326,-1.0
16327,-1.0
16328,-1.0
16329,-1.0
16330,-1.0
16331,-1.0
16332,-1.0
16333,-1.0
16334,-1.0
16335,-1.0
16336,-1.0
16337,-1.0
16338,-1.0
16339,-1.0
16340,-1.0
16341,-1.0
16342,-1.0
16343,-1.0
16344,-1.0
16345,-1.0
16346,-1.0
16347,-1.0
16348,-1.0
16349,-1.0
16350,-1.0
16351,-1.0
16352,-1.0
16353,-1.0
16354,-1.0
16355,-1.0
16356,-1.0
16357,-1.0
16358,-1.0
16359,-1.0
16360,-1.0
16361,-1.0
16362,-1.0
16363,-1.0
16364,-1.0
16365,-1.0
16366,-1.0
16367,-1.0
16368,-1.0
16369,-1.0
16370,-1.0
16371,-1.0
16372,-1.0
16373,-1.0
16374,-1.0
16375,-1.0
16376,-1.0
16377,-1.0
16378,-1.0
16379,-1.0
16380,-1.0
16381,-1.0
16382,-1.0
16383,-1.0
16384,-1.0
16385,-1.0
16386,-1.0
16387,-1.0
16388,-1.0
16389,-1.0
16390,-1.0
16391,-1.0
16392,-1.0
16393,-1.0
16394,-1.0
16395,-1.0
16396,-1.0
16397,-1.0
16398,-1.0
16399,-1.0
16400,-1.0
16401,-1.0
16402,-1.0
16403,-1.0
16404,-1.0
16405,-1.0
16406,-1.0
16407,-1.0
16408,-1.0
16409,-1.0
16410,-1.0
16411,-1.0
16412,-1.0
16413,-1.0
16414,-1.0
16415,-1.0
16416,-1.0
16417,-1.0
16418,-1.0
16419,-1.0
16420,-1.0
16421,-1.0
16422,-1.0
16423,-1.0
16424,-1.0
16425,-1.0
16426,-1.0
16427,-1.0
16428,-1.0
16429,-1.0
16430,-1.0
16431,-1.0
16432,-1.0
16433,-1.0
16434,-1.0
16435,-1.0
16436,-1.0
16437,-1.0
16438,-1.0
16439,-1.0
16440,-1.0
16441,-1.0
16442,-1.0
16443,-1.0
16444,-1.0
16445,-1.0
16446,-1.0
16447,-1.0
16448,-1.0
16449,-1.0
16450,-1.0
16451,-1.0
16452,-1.0
16453,-1.0
16454,-1.0
16455,-1.0
16456,-1.0
16457,-1.0
16458,-1.0
16459,-1.0
16460,-1.0
16461,-1.0
16462,-1.0
16463,-1.0
16464,-1.0
16465,-1.0
16466,-1.0
16467,-1.0
16468,-1.0
16469,-1.0
16470,-1.0
16471,-1.0
16472,-1.0
16473,-1.0
16474,-1.0
16475,-1.0
16476,-1.0
16477,-1.0
16478,-1.0
16479,-1.0
16480,-1.0
16481,-1.0
16482,-1.0
16483,-1.0
16484,-1.0
16485,-1.0
16486,-1.0
16487,-1.0
16488,-1.0
16489,-1.0
16490,-1.0
16491,-1.0
16492,-1.0
16493,-1.0
16494,-1.0
16495,-1.0
16496,-1.0
16497,-1.0
16498,-1.0
16499,-1.0
16500,-1.0
16501,-1.0
16502,-1.0
16503,-1.0
16504,-1.0
16505,-1.0
16506,-1.0
16507,-1.0
16508,-1.0
16509,-1.0
16510,-1.0
16511,-1.0
16512,-1.0
16513,-1.0
16514,-1.0
16515,-1.0
16516,-1.0
16517,-1.0
16518,-1.0
16519,-1.0
16520,-1.0
16521,-1.0
16522,-1.0
16523,-1.0
16524,-1.0
16525,-1.0
16526,-1.0
16527,-1.0
16528,-1.0
16529,-1.0
16530,-1.0
16531,-1.0
16532,-1.0
16533,-1.0
16534,-1.0
16535,-1.0
16536,-1.0
16537,-1.0
16538,-1.0
16539,-1.0
16540,-1.0
16541,-1.0
16542,-1.0
16543,-1.0
16544,-1.0
16545,-1.0
16546,-1.0
16547,-1.0
16548,-1.0
16549,-1.0
16550,-1.0
16551,-1.0
16552,-1.0
16553,-1.0
16554,-1.0
16555,-1.0
16556,-1.0
16557,-1.0
16558,-1.0
16559,-1.0
16560,-1.0
16561,-1.0
16562,-1.0
16563,-1.0
16564,-1.0
16565,-1.0
16566,-1.0
16567,-1.0
16568,-1.0
16569,-1.0
16570,-1.0
16571,-1.0
16572,-1.0
16573,-1.0
16574,-1.0
16575,-1.0
16576,-1.0
16577,-1.0
16578,-1.0
16579,-1.0
16580,-1.0
16581,-1.0
16582,-1.0
16583,-1.0
16584,-1.0
16585,-1.0
16586,-1.0
16587,-1.0
16588,-1.0
16589,-1.0
16590,-1.0
16591,-1.0
16592,-1.0
16593,-1.0
16594,-1.0
16595,-1.0
16596,-1.0
16597,-1.0
16598,-1.0
16599,-1.0
16600,-1.0
16601,-1.0
16602,-1.0
16603,-1.0
16604,-1.0
16605,-1.0
16606,-1.0
16607,-1.0
16608,-1.0
16609,-1.0
16610,-1.0
16611,-1.0
16612,-1.0
16613,-1.0
16614,-1.0
16615,-1.0
16616,-1.0
16617,-1.0
16618,-1.0
16619,-1.0
16620,-1.0
16621,-1.0
16622,-1.0
16623,-1.0
16624,-1.0
16625,-1.0
16626,-1.0
16627,-1.0
16628,-1.0
16629,-1.0
16630,-1.0
16631,-1.0
16632,-1.0
16633,-1.0
16634,-1.0
16635,-1.0
16636,-1.0
16637,-1.0
16638,-1.0
16639,-1.0
16640,-1.0
16641,-1.0
16642,-1.0
16643,-1.0
16644,-1.0
16645,-1.0
16646,-1.0
16647,-1.0
16648,-1.0
16649,-1.0
16650,-1.0
16651,-1.0
16652,-1.0
16653,-1.0
16654,-1.0
16655,-1.0
16656,-1.0
16657,-1.0
16658,-1.0
16659,-1.0
16660,-1.0
16661,-1.0
16662,-1.0
16663,-1.0
16664,-1.0
16665,-1.0
16666,-1.0
16667,-1.0
16668,-1.0
16669,-1.0
16670,-1.0
16671,-1.0
16672,-1.0
16673,-1.0
16674,-1.0
16675,-1.0
16676,-1.0
16677,-1.0
16678,-1.0
16679,-1.0
16680,-1.0
16681,-1.0
16682,-1.0
16683,-1.0
16684,-1.0
16685,-1.0
16686,-1.0
16687,-1.0
16688,-1.0
16689,-1.0
16690,-1.0
16691,-1.0
16692,-1.0
16693,-1.0
16694,-1.0
16695,-1.0
16696,-1.0
16697,-1.0
16698,-1.0
16699,-1.0
16700,-1.0
16701,-1.0
16702,-1.0
16703,-1.0
16704,-1.0
16705,-1.0
16706,-1.0
16707,-1.0
16708,-1.0
16709,-1.0
16710,-1.0
16711,-1.0
16712,-1.0
16713,-1.0
16714,-1.0
16715,-1.0
16716,-1.0
16717,-1.0
16718,-1.0
16719,-1.0
16720,-1.0
16721,-1.0
16722,-1.0
16723,-1.0
16724,-1.0
16725,-1.0
16726,-1.0
16727,-1.0
16728,-1.0
16729,-1.0
16730,-1.0
16731,-1.0
16732,-1.0
16733,-1.0
16734,-1.0
16735,-1.0
16736,-1.0
16737,-1.0
16738,-1.0
16739,-1.0
16740,-1.0
16741,-1.0
16742,-1.0
16743,-1.0
16744,-1.0
16745,-1.0
16746,-1.0
16747,-1.0
16748,-1.0
16749,-1.0
16750,-1.0
16751,-1.0
16752,-1.0
16753,-1.0
16754,-1.0
16755,-1.0
16756,-1.0
16757,-1.0
16758,-1.0
16759,-1.0
16760,-1.0
16761,-1.0
16762,-1.0
16763,-1.0
16764,-1.0
16765,-1.0
16766,-1.0
16767,-1.0
16768,-1.0
16769,-1.0
16770,-1.0
16771,-1.0
16772,-1.0
16773,-1.0
16774,-1.0
16775,-1.0
16776,-1.0
16777,-1.0
16778,-1.0
16779,-1.0
16780,-1.0
16781,-1.0
16782,-1.0
16783,-1.0
16784,-1.0
16785,-1.0
16786,-1.0
16787,-1.0
16788,-1.0
16789,-1.0
16790,-1.0
16791,-1.0
16792,-1.0
16793,-1.0
16794,-1.0
16795,-1.0
16796,-1.0
16797,-1.0
16798,-1.0
16799,-1.0
16800,-1.0
16801,-1.0
16802,-1.0
16803,-1.0
16804,-1.0
16805,-1.0
16806,-1.0
16807,-1.0
16808,-1.0
16809,-1.0
16810,-1.0
16811,-1.0
16812,-1.0
16813,-1.0
16814,-1.0
16815,-1.0
16816,-1.0
16817,-1.0
16818,-1.0
16819,-1.0
16820,-1.0
16821,-1.0
16822,-1.0
16823,-1.0
16824,-1.0
16825,-1.0
16826,-1.0
16827,-1.0
16828,-1.0
16829,-1.0
16830,-1.0
16831,-1.0
16832,-1.0
16833,-1.0
16834,-1.0
16835,-1.0
16836,-1.0
16837,-1.0
16838,-1.0
16839,-1.0
16840,-1.0
16841,-1.0
16842,-1.0
16843,-1.0
16844,-1.0
16845,-1.0
16846,-1.0
16847,-1.0
16848,-1.0
16849,-1.0
16850,-1.0
16851,-1.0
16852,-1.0
16853,-1.0
16854,-1.0
16855,-1.0
16856,-1.0
16857,-1.0
16858,-1.0
16859,-1.0
16860,-1.0
16861,-1.0
16862,-1.0
16863,-1.0
16864,-1.0
16865,-1.0
16866,-1.0
16867,-1.0
16868,-1.0
16869,-1.0
16870,-1.0
16871,-1.0
16872,-1.0
16873,-1.0
16874,-1.0
16875,-1.0
16876,-1.0
16877,-1.0
16878,-1.0
16879,-1.0
16880,-1.0
16881,-1.0
16882,-1.0
16883,-1.0
16884,-1.0
16885,-1.0
16886,-1.0
16887,-1.0
16888,-1.0
16889,-1.0
16890,-1.0
16891,-1.0
16892,-1.0
16893,-1.0
16894,-1.0
16895,-1.0
16896,-1.0
16897,-1.0
16898,-1.0
16899,-1.0
16900,-1.0
16901,-1.0
16902,-1.0
16903,-1.0
16904,-1.0
16905,-1.0
16906,-1.0
16907,-1.0
16908,-1.0
16909,-1.0
16910,-1.0
16911,-1.0
16912,-1.0
16913,-1.0
16914,-1.0
16915,-1.0
16916,-1.0
16917,-1.0
16918,-1.0
16919,-1.0
16920,-1.0
16921,-1.0
16922,-1.0
16923,-1.0
16924,-1.0
16925,-1.0
16926,-1.0
16927,-1.0
16928,-1.0
16929,-1.0
16930,-1.0
16931,-1.0
16932,-1.0
16933,-1.0
16934,-1.0
16935,-1.0
16936,-1.0
16937,-1.0
16938,-1.0
16939,-1.0
16940,-1.0
16941,-1.0
16942,-1.0
16943,-1.0
16944,-1.0
16945,-1.0
16946,-1.0
16947,-1.0
16948,-1.0
16949,-1.0
16950,-1.0
16951,-1.0
16952,-1.0
16953,-1.0
16954,-1.0
16955,-1.0
16956,-1.0
16957,-1.0
16958,-1.0
16959,-1.0
16960,-1.0
16961,-1.0
16962,-1.0
16963,-1.0
16964,-1.0
16965,-1.0
16966,-1.0
16967,-1.0
16968,-1.0
16969,-1.0
16970,-1.0
16971,-1.0
16972,-1.0
16973,-1.0
16974,-1.0
16975,-1.0
16976,-1.0
16977,-1.0
16978,-1.0
16979,-1.0
16980,-1.0
16981,-1.0
16982,-1.0
16983,-1.0
16984,-1.0
16985,-1.0
16986,-1.0
16987,-1.0
16988,-1.0
16989,-1.0
16990,-1.0
16991,-1.0
16992,-1.0
16993,-1.0
16994,-1.0
16995,-1.0
16996,-1.0
16997,-1.0
16998,-1.0
16999,-1.0
17000,-1.0
17001,-1.0
17002,-1.0
17003,-1.0
17004,-1.0
17005,-1.0
17006,-1.0
17007,-1.0
17008,-1.0
17009,-1.0
17010,-1.0
17011,-1.0
17012,-1.0
17013,-1.0
17014,-1.0
17015,-1.0
17016,-1.0
17017,-1.0
17018,-1.0
17019,-1.0
17020,-1.0
17021,-1.0
17022,-1.0
17023,-1.0
17024,-1.0
17025,-1.0
17026,-1.0
17027,-1.0
17028,-1.0
17029,-1.0
17030,-1.0
17031,-1.0
17032,-1.0
17033,-1.0
17034,-1.0
17035,-1.0
17036,-1.0
17037,-1.0
17038,-1.0
17039,-1.0
17040,-1.0
17041,-1.0
17042,-1.0
17043,-1.0
17044,-1.0
17045,-1.0
17046,-1.0
17047,-1.0
17048,-1.0
17049,-1.0
17050,-1.0
17051,-1.0
17052,-1.0
17053,-1.0
17054,-1.0
17055,-1.0
17056,-1.0
17057,-1.0
17058,-1.0
17059,-1.0
17060,-1.0
17061,-1.0
17062,-1.0
17063,-1.0
17064,-1.0
17065,-1.0
17066,-1.0
17067,-1.0
17068,-1.0
17069,-1.0
17070,-1.0
17071,-1.0
17072,-1.0
17073,-1.0
17074,-1.0
17075,-1.0
17076,-1.0
17077,-1.0
17078,-1.0
17079,-1.0
17080,-1.0
17081,-1.0
17082,-1.0
17083,-1.0
17084,-1.0
17085,-1.0
17086,-1.0
17087,-1.0
17088,-1.0
17089,-1.0
17090,-1.0
17091,-1.0
17092,-1.0
17093,-1.0
17094,-1.0
17095,-1.0
17096,-1.0
17097,-1.0
17098,-1.0
17099,-1.0
17100,-1.0
17101,-1.0
17102,-1.0
17103,-1.0
17104,-1.0
17105,-1.0
17106,-1.0
17107,-1.0
17108,-1.0
17109,-1.0
17110,-1.0
17111,-1.0
17112,-1.0
17113,-1.0
17114,-1.0
17115,-1.0
17116,-1.0
17117,-1.0
17118,-1.0
17119,-1.0
17120,-1.0
17121,-1.0
17122,-1.0
17123,-1.0
17124,-1.0
17125,-1.0
17126,-1.0
17127,-1.0
17128,-1.0
17129,-1.0
17130,-1.0
17131,-1.0
17132,-1.0
17133,-1.0
17134,-1.0
17135,-1.0
17136,-1.0
17137,-1.0
17138,-1.0
17139,-1.0
17140,-1.0
17141,-1.0
17142,-1.0
17143,-1.0
17144,-1.0
17145,-1.0
17146,-1.0
17147,-1.0
17148,-1.0
17149,-1.0
17150,-1.0
17151,-1.0
17152,-1.0
17153,-1.0
17154,-1.0
17155,-1.0
17156,-1.0
17157,-1.0
17158,-1.0
17159,-1.0
17160,-1.0
17161,-1.0
17162,-1.0
17163,-1.0
17164,-1.0
17165,-1.0
17166,-1.0
17167,-1.0
17168,-1.0
17169,-1.0
17170,-1.0
17171,-1.0
17172,-1.0
17173,-1.0
17174,-1.0
17175,-1.0
17176,-1.0
17177,-1.0
17178,-1.0
17179,-1.0
17180,-1.0
17181,-1.0
17182,-1.0
17183,-1.0
17184,-1.0
17185,-1.0
17186,-1.0
17187,-1.0
17188,-1.0
17189,-1.0
17190,-1.0
17191,-1.0
17192,-1.0
17193,-1.0
17194,-1.0
17195,-1.0
17196,-1.0
17197,-1.0
17198,-1.0
17199,-1.0
17200,-1.0
17201,-1.0
17202,-1.0
17203,-1.0
17204,-1.0
17205,-1.0
17206,-1.0
17207,-1.0
17208,-1.0
17209,-1.0
17210,-1.0
17211,-1.0
17212,-1.0
17213,-1.0
17214,-1.0
17215,-1.0
17216,-1.0
17217,-1.0
17218,-1.0
17219,-1.0
17220,-1.0
17221,-1.0
17222,-1.0
17223,-1.0
17224,-1.0
17225,-1.0
17226,-1.0
17227,-1.0
17228,-1.0
17229,-1.0
17230,-1.0
17231,-1.0
17232,-1.0
17233,-1.0
17234,-1.0
17235,-1.0
17236,-1.0
17237,-1.0
17238,-1.0
17239,-1.0
17240,-1.0
17241,-1.0
17242,-1.0
17243,-1.0
17244,-1.0
17245,-1.0
17246,-1.0
17247,-1.0
17248,-1.0
17249,-1.0
17250,-1.0
17251,-1.0
17252,-1.0
17253,-1.0
17254,-1.0
17255,-1.0
17256,-1.0
17257,-1.0
17258,-1.0
17259,-1.0
17260,-1.0
17261,-1.0
17262,-1.0
17263,-1.0
17264,-1.0
17265,-1.0
17266,-1.0
17267,-1.0
17268,-1.0
17269,-1.0
17270,-1.0
17271,-1.0
17272,-1.0
17273,-1.0
17274,-1.0
17275,-1.0
17276,-1.0
17277,-1.0
17278,-1.0
17279,-1.0
17280,-1.0
17281,-1.0
17282,-1.0
17283,-1.0
17284,-1.0
17285,-1.0
17286,-1.0
17287,-1.0
17288,-1.0
17289,-1.0
17290,-1.0
17291,-1.0
17292,-1.0
17293,-1.0
17294,-1.0
17295,-1.0
17296,-1.0
17297,-1.0
17298,-1.0
17299,-1.0
17300,-1.0
17301,-1.0
17302,-1.0
17303,-1.0
17304,-1.0
17305,-1.0
17306,-1.0
17307,-1.0
17308,-1.0
17309,-1.0
17310,-1.0
17311,-1.0
17312,-1.0
17313,-1.0
17314,-1.0
17315,-1.0
17316,-1.0
17317,-1.0
17318,-1.0
17319,-1.0
17320,-1.0
17321,-1.0
17322,-1.0
17323,-1.0
17324,-1.0
17325,-1.0
17326,-1.0
17327,-1.0
17328,-1.0
17329,-1.0
17330,-1.0
17331,-1.0
17332,-1.0
17333,-1.0
17334,-1.0
17335,-1.0
17336,-1.0
17337,-1.0
17338,-1.0
17339,-1.0
17340,-1.0
17341,-1.0
17342,-1.0
17343,-1.0
17344,-1.0
17345,-1.0
17346,-1.0
17347,-1.0
17348,-1.0
17349,-1.0
17350,-1.0
17351,-1.0
17352,-1.0
17353,-1.0
17354,-1.0
17355,-1.0
17356,-1.0
17357,-1.0
17358,-1.0
17359,-1.0
17360,-1.0
17361,-1.0
17362,-1.0
17363,-1.0
17364,-1.0
17365,-1.0
17366,-1.0
17367,-1.0
17368,-1.0
17369,-1.0
17370,-1.0
17371,-1.0
17372,-1.0
17373,-1.0
17374,-1.0
17375,-1.0
17376,-1.0
17377,-1.0
17378,-1.0
17379,-1.0
17380,-1.0
17381,-1.0
17382,-1.0
17383,-1.0
17384,-1.0
17385,-1.0
17386,-1.0
17387,-1.0
17388,-1.0
17389,-1.0
17390,-1.0
17391,-1.0
17392,-1.0
17393,-1.0
17394,-1.0
17395,-1.0
17396,-1.0
17397,-1.0
17398,-1.0
17399,-1.0
17400,-1.0
17401,-1.0
17402,-1.0
17403,-1.0
17404,-1.0
17405,-1.0
17406,-1.0
17407,-1.0
17408,-1.0
17409,-1.0
17410,-1.0
17411,-1.0
17412,-1.0
17413,-1.0
17414,-1.0
17415,-1.0
17416,-1.0
17417,-1.0
17418,-1.0
17419,-1.0
17420,-1.0
17421,-1.0
17422,-1.0
17423,-1.0
17424,-1.0
17425,-1.0
17426,-1.0
17427,-1.0
17428,-1.0
17429,-1.0
17430,-1.0
17431,-1.0
17432,-1.0
17433,-1.0
17434,-1.0
17435,-1.0
17436,-1.0
17437,-1.0
17438,-1.0
17439,-1.0
17440,-1.0
17441,-1.0
17442,-1.0
17443,-1.0
17444,-1.0
17445,-1.0
17446,-1.0
17447,-1.0
17448,-1.0
17449,-1.0
17450,-1.0
17451,-1.0
17452,-1.0
17453,-1.0
17454,-1.0
17455,-1.0
17456,-1.0
17457,-1.0
17458,-1.0
17459,-1.0
17460,-1.0
17461,-1.0
17462,-1.0
17463,-1.0
17464,-1.0
17465,-1.0
17466,-1.0
17467,-1.0
17468,-1.0
17469,-1.0
17470,-1.0
17471,-1.0
17472,-1.0
17473,-1.0
17474,-1.0
17475,-1.0
17476,-1.0
17477,-1.0
17478,-1.0
17479,-1.0
17480,-1.0
17481,-1.0
17482,-1.0
17483,-1.0
17484,-1.0
17485,-1.0
17486,-1.0
17487,-1.0
17488,-1.0
17489,-1.0
17490,-1.0
17491,-1.0
17492,-1.0
17493,-1.0
17494,-1.0
17495,-1.0
17496,-1.0
17497,-1.0
17498,-1.0
17499,-1.0
17500,-1.0
17501,-1.0
17502,-1.0
17503,-1.0
17504,-1.0
17505,-1.0
17506,-1.0
17507,-1.0
17508,-1.0
17509,-1.0
17510,-1.0
17511,-1.0
17512,-1.0
17513,-1.0
17514,-1.0
17515,-1.0
17516,-1.0
17517,-1.0
17518,-1.0
17519,-1.0
17520,-1.0
17521,-1.0
17522,-1.0
17523,-1.0
17524,-1.0
17525,-1.0
17526,-1.0
17527,-1.0
17528,-1.0
17529,-1.0
17530,-1.0
17531,-1.0
17532,-1.0
17533,-1.0
17534,-1.0
17535,-1.0
17536,-1.0
17537,-1.0
17538,-1.0
17539,-1.0
17540,-1.0
17541,-1.0
17542,-1.0
17543,-1.0
17544,-1.0
17545,-1.0
17546,-1.0
17547,-1.0
17548,-1.0
17549,-1.0
17550,-1.0
17551,-1.0
17552,-1.0
17553,-1.0
17554,-1.0
17555,-1.0
17556,-1.0
17557,-1.0
17558,-1.0
17559,-1.0
17560,-1.0
17561,-1.0
17562,-1.0
17563,-1.0
17564,-1.0
17565,-1.0
17566,-1.0
17567,-1.0
17568,-1.0
17569,-1.0
17570,-1.0
17571,-1.0
17572,-1.0
17573,-1.0
17574,-1.0
17575,-1.0
17576,-1.0
17577,-1.0
17578,-1.0
17579,-1.0
17580,-1.0
17581,-1.0
17582,-1.0
17583,-1.0
17584,-1.0
17585,-1.0
17586,-1.0
17587,-1.0
17588,-1.0
17589,-1.0
17590,-1.0
17591,-1.0
17592,-1.0
17593,-1.0
17594,-1.0
17595,-1.0
17596,-1.0
17597,-1.0
17598,-1.0
17599,-1.0
17600,-1.0
17601,-1.0
17602,-1.0
17603,-1.0
17604,-1.0
17605,-1.0
17606,-1.0
17607,-1.0
17608,-1.0
17609,-1.0
17610,-1.0
17611,-1.0
17612,-1.0
17613,-1.0
17614,-1.0
17615,-1.0
17616,-1.0
17617,-1.0
17618,-1.0
17619,-1.0
17620,-1.0
17621,-1.0
17622,-1.0
17623,-1.0
17624,-1.0
17625,-1.0
17626,-1.0
17627,-1.0
17628,-1.0
17629,-1.0
17630,-1.0
17631,-1.0
17632,-1.0
17633,-1.0
17634,-1.0
17635,-1.0
17636,-1.0
17637,-1.0
17638,-1.0
17639,-1.0
17640,-1.0
17641,-1.0
17642,-1.0
17643,-1.0
17644,-1.0
17645,-1.0
17646,-1.0
17647,-1.0
17648,-1.0
17649,-1.0
17650,-1.0
17651,-1.0
17652,-1.0
17653,-1.0
17654,-1.0
17655,-1.0
17656,-1.0
17657,-1.0
17658,-1.0
17659,-1.0
17660,-1.0
17661,-1.0
17662,-1.0
17663,-1.0
17664,-1.0
17665,-1.0
17666,-1.0
17667,-1.0
17668,-1.0
17669,-1.0
17670,-1.0
17671,-1.0
17672,-1.0
17673,-1.0
17674,-1.0
17675,-1.0
17676,-1.0
17677,-1.0
17678,-1.0
17679,-1.0
17680,-1.0
17681,-1.0
17682,-1.0
17683,-1.0
17684,-1.0
17685,-1.0
17686,-1.0
17687,-1.0
17688,-1.0
17689,-1.0
17690,-1.0
17691,-1.0
17692,-1.0
17693,-1.0
17694,-1.0
17695,-1.0
17696,-1.0
17697,-1.0
17698,-1.0
17699,-1.0
17700,-1.0
17701,-1.0
17702,-1.0
17703,-1.0
17704,-1.0
17705,-1.0
17706,-1.0
17707,-1.0
17708,-1.0
17709,-1.0
17710,-1.0
17711,-1.0
17712,-1.0
17713,-1.0
17714,-1.0
17715,-1.0
17716,-1.0
17717,-1.0
17718,-1.0
17719,-1.0
17720,-1.0
17721,-1.0
17722,-1.0
17723,-1.0
17724,-1.0
17725,-1.0
17726,-1.0
17727,-1.0
17728,-1.0
17729,-1.0
17730,-1.0
17731,-1.0
17732,-1.0
17733,-1.0
17734,-1.0
17735,-1.0
17736,-1.0
17737,-1.0
17738,-1.0
17739,-1.0
17740,-1.0
17741,-1.0
17742,-1.0
17743,-1.0
17744,-1.0
17745,-1.0
17746,-1.0
17747,-1.0
17748,-1.0
17749,-1.0
17750,-1.0
17751,-1.0
17752,-1.0
17753,-1.0
17754,-1.0
17755,-1.0
17756,-1.0
17757,-1.0
17758,-1.0
17759,-1.0
17760,-1.0
17761,-1.0
17762,-1.0
17763,-1.0
17764,-1.0
17765,-1.0
17766,-1.0
17767,-1.0
17768,-1.0
17769,-1.0
17770,-1.0
17771,-1.0
17772,-1.0
17773,-1.0
17774,-1.0
17775,-1.0
17776,-1.0
17777,-1.0
17778,-1.0
17779,-1.0
17780,-1.0
17781,-1.0
17782,-1.0
17783,-1.0
17784,-1.0
17785,-1.0
17786,-1.0
17787,-1.0
17788,-1.0
17789,-1.0
17790,-1.0
17791,-1.0
17792,-1.0
17793,-1.0
17794,-1.0
17795,-1.0
17796,-1.0
17797,-1.0
17798,-1.0
17799,-1.0
17800,-1.0
17801,-1.0
17802,-1.0
17803,-1.0
17804,-1.0
17805,-1.0
17806,-1.0
17807,-1.0
17808,-1.0
17809,-1.0
17810,-1.0
17811,-1.0
17812,-1.0
17813,-1.0
17814,-1.0
17815,-1.0
17816,-1.0
17817,-1.0
17818,-1.0
17819,-1.0
17820,-1.0
17821,-1.0
17822,-1.0
17823,-1.0
17824,-1.0
17825,-1.0
17826,-1.0
17827,-1.0
17828,-1.0
17829,-1.0
17830,-1.0
17831,-1.0
17832,-1.0
17833,-1.0
17834,-1.0
17835,-1.0
17836,-1.0
17837,-1.0
17838,-1.0
17839,-1.0
17840,-1.0
17841,-1.0
17842,-1.0
17843,-1.0
17844,-1.0
17845,-1.0
17846,-1.0
17847,-1.0
17848,-1.0
17849,-1.0
17850,-1.0
17851,-1.0
17852,-1.0
17853,-1.0
17854,-1.0
17855,-1.0
17856,-1.0
17857,-1.0
17858,-1.0
17859,-1.0
17860,-1.0
17861,-1.0
17862,-1.0
17863,-1.0
17864,-1.0
17865,-1.0
17866,-1.0
17867,-1.0
17868,-1.0
17869,-1.0
17870,-1.0
17871,-1.0
17872,-1.0
17873,-1.0
17874,-1.0
17875,-1.0
17876,-1.0
17877,-1.0
17878,-1.0
17879,-1.0
17880,-1.0
17881,-1.0
17882,-1.0
17883,-1.0
17884,-1.0
17885,-1.0
17886,-1.0
17887,-1.0
17888,-1.0
17889,-1.0
17890,-1.0
17891,-1.0
17892,-1.0
17893,-1.0
17894,-1.0
17895,-1.0
17896,-1.0
17897,-1.0
17898,-1.0
17899,-1.0
17900,-1.0
17901,-1.0
17902,-1.0
17903,-1.0
17904,-1.0
17905,-1.0
17906,-1.0
17907,-1.0
17908,-1.0
17909,-1.0
17910,-1.0
17911,-1.0
17912,-1.0
17913,-1.0
17914,-1.0
17915,-1.0
17916,-1.0
17917,-1.0
17918,-1.0
17919,-1.0
17920,-1.0
17921,-1.0
17922,-1.0
17923,-1.0
17924,-1.0
17925,-1.0
17926,-1.0
17927,-1.0
17928,-1.0
17929,-1.0
17930,-1.0
17931,-1.0
17932,-1.0
17933,-1.0
17934,-1.0
17935,-1.0
17936,-1.0
17937,-1.0
17938,-1.0
17939,-1.0
17940,-1.0
17941,-1.0
17942,-1.0
17943,-1.0
17944,-1.0
17945,-1.0
17946,-1.0
17947,-1.0
17948,-1.0
17949,-1.0
17950,-1.0
17951,-1.0
17952,-1.0
17953,-1.0
17954,-1.0
17955,-1.0
17956,-1.0
17957,-1.0
17958,-1.0
17959,-1.0
17960,-1.0
17961,-1.0
17962,-1.0
17963,-1.0
17964,-1.0
17965,-1.0
17966,-1.0
17967,-1.0
17968,-1.0
17969,-1.0
17970,-1.0
17971,-1.0
17972,-1.0
17973,-1.0
17974,-1.0
17975,-1.0
17976,-1.0
17977,-1.0
17978,-1.0
17979,-1.0
17980,-1.0
17981,-1.0
17982,-1.0
17983,-1.0
17984,-1.0
17985,-1.0
17986,-1.0
17987,-1.0
17988,-1.0
17989,-1.0
17990,-1.0
17991,-1.0
17992,-1.0
17993,-1.0
17994,-1.0
17995,-1.0
17996,-1.0
17997,-1.0
17998,-1.0
17999,-1.0
18000,-1.0
18001,-1.0
18002,-1.0
18003,-1.0
18004,-1.0
18005,-1.0
18006,-1.0
18007,-1.0
18008,-1.0
18009,-1.0
18010,-1.0
18011,-1.0
18012,-1.0
18013,-1.0
18014,-1.0
18015,-1.0
18016,-1.0
18017,-1.0
18018,-1.0
18019,-1.0
18020,-1.0
18021,-1.0
18022,-1.0
18023,-1.0
18024,-1.0
18025,-1.0
18026,-1.0
18027,-1.0
18028,-1.0
18029,-1.0
18030,-1.0
18031,-1.0
18032,-1.0
18033,-1.0
18034,-1.0
18035,-1.0
18036,-1.0
18037,-1.0
18038,-1.0
18039,-1.0
18040,-1.0
18041,-1.0
18042,-1.0
18043,-1.0
18044,-1.0
18045,-1.0
18046,-1.0
18047,-1.0
18048,-1.0
18049,-1.0
18050,-1.0
18051,-1.0
18052,-1.0
18053,-1.0
18054,-1.0
18055,-1.0
18056,-1.0
18057,-1.0
18058,-1.0
18059,-1.0
18060,-1.0
18061,-1.0
18062,-1.0
18063,-1.0
18064,-1.0
18065,-1.0
18066,-1.0
18067,-1.0
18068,-1.0
18069,-1.0
18070,-1.0
18071,-1.0
18072,-1.0
18073,-1.0
18074,-1.0
18075,-1.0
18076,-1.0
18077,-1.0
18078,-1.0
18079,-1.0
18080,-1.0
18081,-1.0
18082,-1.0
18083,-1.0
18084,-1.0
18085,-1.0
18086,-1.0
18087,-1.0
18088,-1.0
18089,-1.0
18090,-1.0
18091,-1.0
18092,-1.0
18093,-1.0
18094,-1.0
18095,-1.0
18096,-1.0
18097,-1.0
18098,-1.0
18099,-1.0
18100,-1.0
18101,-1.0
18102,-1.0
18103,-1.0
18104,-1.0
18105,-1.0
18106,-1.0
18107,-1.0
18108,-1.0
18109,-1.0
18110,-1.0
18111,-1.0
18112,-1.0
18113,-1.0
18114,-1.0
18115,-1.0
18116,-1.0
18117,-1.0
18118,-1.0
18119,-1.0
18120,-1.0
18121,-1.0
18122,-1.0
18123,-1.0
18124,-1.0
18125,-1.0
18126,-1.0
18127,-1.0
18128,-1.0
18129,-1.0
18130,-1.0
18131,-1.0
18132,-1.0
18133,-1.0
18134,-1.0
18135,-1.0
18136,-1.0
18137,-1.0
18138,-1.0
18139,-1.0
18140,-1.0
18141,-1.0
18142,-1.0
18143,-1.0
18144,-1.0
18145,-1.0
18146,-1.0
18147,-1.0
18148,-1.0
18149,-1.0
18150,-1.0
18151,-1.0
18152,-1.0
18153,-1.0
18154,-1.0
18155,-1.0
18156,-1.0
18157,-1.0
18158,-1.0
18159,-1.0
18160,-1.0
18161,-1.0
18162,-1.0
18163,-1.0
18164,-1.0
18165,-1.0
18166,-1.0
18167,-1.0
18168,-1.0
18169,-1.0
18170,-1.0
18171,-1.0
18172,-1.0
18173,-1.0
18174,-1.0
18175,-1.0
18176,-1.0
18177,-1.0
18178,-1.0
18179,-1.0
18180,-1.0
18181,-1.0
18182,-1.0
18183,-1.0
18184,-1.0
18185,-1.0
18186,-1.0
18187,-1.0
18188,-1.0
18189,-1.0
18190,-1.0
18191,-1.0
18192,-1.0
18193,-1.0
18194,-1.0
18195,-1.0
18196,-1.0
18197,-1.0
18198,-1.0
18199,-1.0
18200,-1.0
18201,-1.0
18202,-1.0
18203,-1.0
18204,-1.0
18205,-1.0
18206,-1.0
18207,-1.0
18208,-1.0
18209,-1.0
18210,-1.0
18211,-1.0
18212,-1.0
18213,-1.0
18214,-1.0
18215,-1.0
18216,-1.0
18217,-1.0
18218,-1.0
18219,-1.0
18220,-1.0
18221,-1.0
18222,-1.0
18223,-1.0
18224,-1.0
18225,-1.0
18226,-1.0
18227,-1.0
18228,-1.0
18229,-1.0
18230,-1.0
18231,-1.0
18232,-1.0
18233,-1.0
18234,-1.0
18235,-1.0
18236,-1.0
18237,-1.0
18238,-1.0
18239,-1.0
18240,-1.0
18241,-1.0
18242,-1.0
18243,-1.0
18244,-1.0
18245,-1.0
18246,-1.0
18247,-1.0
18248,-1.0
18249,-1.0
18250,-1.0
18251,-1.0
18252,-1.0
18253,-1.0
18254,-1.0
18255,-1.0
18256,-1.0
18257,-1.0
18258,-1.0
18259,-1.0
18260,-1.0
18261,-1.0
18262,-1.0
18263,-1.0
18264,-1.0
18265,-1.0
18266,-1.0
18267,-1.0
18268,-1.0
18269,-1.0
18270,-1.0
18271,-1.0
18272,-1.0
18273,-1.0
18274,-1.0
18275,-1.0
18276,-1.0
18277,-1.0
18278,-1.0
18279,-1.0
18280,-1.0
18281,-1.0
18282,-1.0
18283,-1.0
18284,-1.0
18285,-1.0
18286,-1.0
18287,-1.0
18288,-1.0
18289,-1.0
18290,-1.0
18291,-1.0
18292,-1.0
18293,-1.0
18294,-1.0
18295,-1.0
18296,-1.0
18297,-1.0
18298,-1.0
18299,-1.0
18300,-1.0
18301,-1.0
18302,-1.0
18303,-1.0
18304,-1.0
18305,-1.0
18306,-1.0
18307,-1.0
18308,-1.0
18309,-1.0
18310,-1.0
18311,-1.0
18312,-1.0
18313,-1.0
18314,-1.0
18315,-1.0
18316,-1.0
18317,-1.0
18318,-1.0
18319,-1.0
18320,-1.0
18321,-1.0
18322,-1.0
18323,-1.0
18324,-1.0
18325,-1.0
18326,-1.0
18327,-1.0
18328,-1.0
18329,-1.0
18330,-1.0
18331,-1.0
18332,-1.0
18333,-1.0
18334,-1.0
18335,-1.0
18336,-1.0
18337,-1.0
18338,-1.0
18339,-1.0
18340,-1.0
18341,-1.0
18342,-1.0
18343,-1.0
18344,-1.0
18345,-1.0
18346,-1.0
18347,-1.0
18348,-1.0
18349,-1.0
18350,-1.0
18351,-1.0
18352,-1.0
18353,-1.0
18354,-1.0
18355,-1.0
18356,-1.0
18357,-1.0
18358,-1.0
18359,-1.0
18360,-1.0
18361,-1.0
18362,-1.0
18363,-1.0
18364,-1.0
18365,-1.0
18366,-1.0
18367,-1.0
18368,-1.0
18369,-1.0
18370,-1.0
18371,-1.0
18372,-1.0
18373,-1.0
18374,-1.0
18375,-1.0
18376,-1.0
18377,-1.0
18378,-1.0
18379,-1.0
18380,-1.0
18381,-1.0
18382,-1.0
18383,-1.0
18384,-1.0
18385,-1.0
18386,-1.0
18387,-1.0
18388,-1.0
18389,-1.0
18390,-1.0
18391,-1.0
18392,-1.0
18393,-1.0
18394,-1.0
18395,-1.0
18396,-1.0
18397,-1.0
18398,-1.0
18399,-1.0
18400,-1.0
18401,-1.0
18402,-1.0
18403,-1.0
18404,-1.0
18405,-1.0
18406,-1.0
18407,-1.0
18408,-1.0
18409,-1.0
18410,-1.0
18411,-1.0
18412,-1.0
18413,-1.0
18414,-1.0
18415,-1.0
18416,-1.0
18417,-1.0
18418,-1.0
18419,-1.0
18420,-1.0
18421,-1.0
18422,-1.0
18423,-1.0
18424,-1.0
18425,-1.0
18426,-1.0
18427,-1.0
18428,-1.0
18429,-1.0
18430,-1.0
18431,-1.0
18432,-1.0
18433,-1.0
18434,-1.0
18435,-1.0
18436,-1.0
18437,-1.0
18438,-1.0
18439,-1.0
18440,-1.0
18441,-1.0
18442,-1.0
18443,-1.0
18444,-1.0
18445,-1.0
18446,-1.0
18447,-1.0
18448,-1.0
18449,-1.0
18450,-1.0
18451,-1.0
18452,-1.0
18453,-1.0
18454,-1.0
18455,-1.0
18456,-1.0
18457,-1.0
18458,-1.0
18459,-1.0
18460,-1.0
18461,-1.0
18462,-1.0
18463,-1.0
18464,-1.0
18465,-1.0
18466,-1.0
18467,-1.0
18468,-1.0
18469,-1.0
18470,-1.0
18471,-1.0
18472,-1.0
18473,-1.0
18474,-1.0
18475,-1.0
18476,-1.0
18477,-1.0
18478,-1.0
18479,-1.0
18480,-1.0
18481,-1.0
18482,-1.0
18483,-1.0
18484,-1.0
18485,-1.0
18486,-1.0
18487,-1.0
18488,-1.0
18489,-1.0
18490,-1.0
18491,-1.0
18492,-1.0
18493,-1.0
18494,-1.0
18495,-1.0
18496,-1.0
18497,-1.0
18498,-1.0
18499,-1.0
18500,-1.0
18501,-1.0
18502,-1.0
18503,-1.0
18504,-1.0
18505,-1.0
18506,-1.0
18507,-1.0
18508,-1.0
18509,-1.0
18510,-1.0
18511,-1.0
18512,-1.0
18513,-1.0
18514,-1.0
18515,-1.0
18516,-1.0
18517,-1.0
18518,-1.0
18519,-1.0
18520,-1.0
18521,-1.0
18522,-1.0
18523,-1.0
18524,-1.0
18525,-1.0
18526,-1.0
18527,-1.0
18528,-1.0
18529,-1.0
18530,-1.0
18531,-1.0
18532,-1.0
18533,-1.0
18534,-1.0
18535,-1.0
18536,-1.0
18537,-1.0
18538,-1.0
18539,-1.0
18540,-1.0
18541,-1.0
18542,-1.0
18543,-1.0
18544,-1.0
18545,-1.0
18546,-1.0
18547,-1.0
18548,-1.0
18549,-1.0
18550,-1.0
18551,-1.0
18552,-1.0
18553,-1.0
18554,-1.0
18555,-1.0
18556,-1.0
18557,-1.0
18558,-1.0
18559,-1.0
18560,-1.0
18561,-1.0
18562,-1.0
18563,-1.0
18564,-1.0
18565,-1.0
18566,-1.0
18567,-1.0
18568,-1.0
18569,-1.0
18570,-1.0
18571,-1.0
18572,-1.0
18573,-1.0
18574,-1.0
18575,-1.0
18576,-1.0
18577,-1.0
18578,-1.0
18579,-1.0
18580,-1.0
18581,-1.0
18582,-1.0
18583,-1.0
18584,-1.0
18585,-1.0
18586,-1.0
18587,-1.0
18588,-1.0
18589,-1.0
18590,-1.0
18591,-1.0
18592,-1.0
18593,-1.0
18594,-1.0
18595,-1.0
18596,-1.0
18597,-1.0
18598,-1.0
18599,-1.0
18600,-1.0
18601,-1.0
18602,-1.0
18603,-1.0
18604,-1.0
18605,-1.0
18606,-1.0
18607,-1.0
18608,-1.0
18609,-1.0
18610,-1.0
18611,-1.0
18612,-1.0
18613,-1.0
18614,-1.0
18615,-1.0
18616,-1.0
18617,-1.0
18618,-1.0
18619,-1.0
18620,-1.0
18621,-1.0
18622,-1.0
18623,-1.0
18624,-1.0
18625,-1.0
18626,-1.0
18627,-1.0
18628,-1.0
18629,-1.0
18630,-1.0
18631,-1.0
18632,-1.0
18633,-1.0
18634,-1.0
18635,-1.0
18636,-1.0
18637,-1.0
18638,-1.0
18639,-1.0
18640,-1.0
18641,-1.0
18642,-1.0
18643,-1.0
18644,-1.0
18645,-1.0
18646,-1.0
18647,-1.0
18648,-1.0
18649,-1.0
18650,-1.0
18651,-1.0
18652,-1.0
18653,-1.0
18654,-1.0
18655,-1.0
18656,-1.0
18657,-1.0
18658,-1.0
18659,-1.0
18660,-1.0
18661,-1.0
18662,-1.0
18663,-1.0
18664,-1.0
18665,-1.0
18666,-1.0
18667,-1.0
18668,-1.0
18669,-1.0
18670,-1.0
18671,-1.0
18672,-1.0
18673,-1.0
18674,-1.0
18675,-1.0
18676,-1.0
18677,-1.0
18678,-1.0
18679,-1.0
18680,-1.0
18681,-1.0
18682,-1.0
18683,-1.0
18684,-1.0
18685,-1.0
18686,-1.0
18687,-1.0
18688,-1.0
18689,-1.0
18690,-1.0
18691,-1.0
18692,-1.0
18693,-1.0
18694,-1.0
18695,-1.0
18696,-1.0
18697,-1.0
18698,-1.0
18699,-1.0
18700,-1.0
18701,-1.0
18702,-1.0
18703,-1.0
18704,-1.0
18705,-1.0
18706,-1.0
18707,-1.0
18708,-1.0
18709,-1.0
18710,-1.0
18711,-1.0
18712,-1.0
18713,-1.0
18714,-1.0
18715,-1.0
18716,-1.0
18717,-1.0
18718,-1.0
18719,-1.0
18720,-1.0
18721,-1.0
18722,-1.0
18723,-1.0
18724,-1.0
18725,-1.0
18726,-1.0
18727,-1.0
18728,-1.0
18729,-1.0
18730,-1.0
18731,-1.0
18732,-1.0
18733,-1.0
18734,-1.0
18735,-1.0
18736,-1.0
18737,-1.0
18738,-1.0
18739,-1.0
18740,-1.0
18741,-1.0
18742,-1.0
18743,-1.0
18744,-1.0
18745,-1.0
18746,-1.0
18747,-1.0
18748,-1.0
18749,-1.0
18750,-1.0
18751,-1.0
18752,-1.0
18753,-1.0
18754,-1.0
18755,-1.0
18756,-1.0
18757,-1.0
18758,-1.0
18759,-1.0
18760,-1.0
18761,-1.0
18762,-1.0
18763,-1.0
18764,-1.0
18765,-1.0
18766,-1.0
18767,-1.0
18768,-1.0
18769,-1.0
18770,-1.0
18771,-1.0
18772,-1.0
18773,-1.0
18774,-1.0
18775,-1.0
18776,-1.0
18777,-1.0
18778,-1.0
18779,-1.0
18780,-1.0
18781,-1.0
18782,-1.0
18783,-1.0
18784,-1.0
18785,-1.0
18786,-1.0
18787,-1.0
18788,-1.0
18789,-1.0
18790,-1.0
18791,-1.0
18792,-1.0
18793,-1.0
18794,-1.0
18795,-1.0
18796,-1.0
18797,-1.0
18798,-1.0
18799,-1.0
18800,-1.0
18801,-1.0
18802,-1.0
18803,-1.0
18804,-1.0
18805,-1.0
18806,-1.0
18807,-1.0
18808,-1.0
18809,-1.0
18810,-1.0
18811,-1.0
18812,-1.0
18813,-1.0
18814,-1.0
18815,-1.0
18816,-1.0
18817,-1.0
18818,-1.0
18819,-1.0
18820,-1.0
18821,-1.0
18822,-1.0
18823,-1.0
18824,-1.0
18825,-1.0
18826,-1.0
18827,-1.0
18828,-1.0
18829,-1.0
18830,-1.0
18831,-1.0
18832,-1.0
18833,-1.0
18834,-1.0
18835,-1.0
18836,-1.0
18837,-1.0
18838,-1.0
18839,-1.0
18840,-1.0
18841,-1.0
18842,-1.0
18843,-1.0
18844,-1.0
18845,-1.0
18846,-1.0
18847,-1.0
18848,-1.0
18849,-1.0
18850,-1.0
18851,-1.0
18852,-1.0
18853,-1.0
18854,-1.0
18855,-1.0
18856,-1.0
18857,-1.0
18858,-1.0
18859,-1.0
18860,-1.0
18861,-1.0
18862,-1.0
18863,-1.0
18864,-1.0
18865,-1.0
18866,-1.0
18867,-1.0
18868,-1.0
18869,-1.0
18870,-1.0
18871,-1.0
18872,-1.0
18873,-1.0
18874,-1.0
18875,-1.0
18876,-1.0
18877,-1.0
18878,-1.0
18879,-1.0
18880,-1.0
18881,-1.0
18882,-1.0
18883,-1.0
18884,-1.0
18885,-1.0
18886,-1.0
18887,-1.0
18888,-1.0
18889,-1.0
18890,-1.0
18891,-1.0
18892,-1.0
18893,-1.0
18894,-1.0
18895,-1.0
18896,-1.0
18897,-1.0
18898,-1.0
18899,-1.0
18900,-1.0
18901,-1.0
18902,-1.0
18903,-1.0
18904,-1.0
18905,-1.0
18906,-1.0
18907,-1.0
18908,-1.0
18909,-1.0
18910,-1.0
18911,-1.0
18912,-1.0
18913,-1.0
18914,-1.0
18915,-1.0
18916,-1.0
18917,-1.0
18918,-1.0
18919,-1.0
18920,-1.0
18921,-1.0
18922,-1.0
18923,-1.0
18924,-1.0
18925,-1.0
18926,-1.0
18927,-1.0
18928,-1.0
18929,-1.0
18930,-1.0
18931,-1.0
18932,-1.0
18933,-1.0
18934,-1.0
18935,-1.0
18936,-1.0
18937,-1.0
18938,-1.0
18939,-1.0
18940,-1.0
18941,-1.0
18942,-1.0
18943,-1.0
18944,-1.0
18945,-1.0
18946,-1.0
18947,-1.0
18948,-1.0
18949,-1.0
18950,-1.0
18951,-1.0
18952,-1.0
18953,-1.0
18954,-1.0
18955,-1.0
18956,-1.0
18957,-1.0
18958,-1.0
18959,-1.0
18960,-1.0
18961,-1.0
18962,-1.0
18963,-1.0
18964,-1.0
18965,-1.0
18966,-1.0
18967,-1.0
18968,-1.0
18969,-1.0
18970,-1.0
18971,-1.0
18972,-1.0
18973,-1.0
18974,-1.0
18975,-1.0
18976,-1.0
18977,-1.0
18978,-1.0
18979,-1.0
18980,-1.0
18981,-1.0
18982,-1.0
18983,-1.0
18984,-1.0
18985,-1.0
18986,-1.0
18987,-1.0
18988,-1.0
18989,-1.0
18990,-1.0
18991,-1.0
18992,-1.0
18993,-1.0
18994,-1.0
18995,-1.0
18996,-1.0
18997,-1.0
18998,-1.0
18999,-1.0
19000,-1.0
19001,-1.0
19002,-1.0
19003,-1.0
19004,-1.0
19005,-1.0
19006,-1.0
19007,-1.0
19008,-1.0
19009,-1.0
19010,-1.0
19011,-1.0
19012,-1.0
19013,-1.0
19014,-1.0
19015,-1.0
19016,-1.0
19017,-1.0
19018,-1.0
19019,-1.0
19020,-1.0
19021,-1.0
19022,-1.0
19023,-1.0
19024,-1.0
19025,-1.0
19026,-1.0
19027,-1.0
19028,-1.0
19029,-1.0
19030,-1.0
19031,-1.0
19032,-1.0
19033,-1.0
19034,-1.0
19035,-1.0
19036,-1.0
19037,-1.0
19038,-1.0
19039,-1.0
19040,-1.0
19041,-1.0
19042,-1.0
19043,-1.0
19044,-1.0
19045,-1.0
19046,-1.0
19047,-1.0
19048,-1.0
19049,-1.0
19050,-1.0
19051,-1.0
19052,-1.0
19053,-1.0
19054,-1.0
19055,-1.0
19056,-1.0
19057,-1.0
19058,-1.0
19059,-1.0
19060,-1.0
19061,-1.0
19062,-1.0
19063,-1.0
19064,-1.0
19065,-1.0
19066,-1.0
19067,-1.0
19068,-1.0
19069,-1.0
19070,-1.0
19071,-1.0
19072,-1.0
19073,-1.0
19074,-1.0
19075,-1.0
19076,-1.0
19077,-1.0
19078,-1.0
19079,-1.0
19080,-1.0
19081,-1.0
19082,-1.0
19083,-1.0
19084,-1.0
19085,-1.0
19086,-1.0
19087,-1.0
19088,-1.0
19089,-1.0
19090,-1.0
19091,-1.0
19092,-1.0
19093,-1.0
19094,-1.0
19095,-1.0
19096,-1.0
19097,-1.0
19098,-1.0
19099,-1.0
19100,-1.0
19101,-1.0
19102,-1.0
19103,-1.0
19104,-1.0
19105,-1.0
19106,-1.0
19107,-1.0
19108,-1.0
19109,-1.0
19110,-1.0
19111,-1.0
19112,-1.0
19113,-1.0
19114,-1.0
19115,-1.0
19116,-1.0
19117,-1.0
19118,-1.0
19119,-1.0
19120,-1.0
19121,-1.0
19122,-1.0
19123,-1.0
19124,-1.0
19125,-1.0
19126,-1.0
19127,-1.0
19128,-1.0
19129,-1.0
19130,-1.0
19131,-1.0
19132,-1.0
19133,-1.0
19134,-1.0
19135,-1.0
19136,-1.0
19137,-1.0
19138,-1.0
19139,-1.0
19140,-1.0
19141,-1.0
19142,-1.0
19143,-1.0
19144,-1.0
19145,-1.0
19146,-1.0
19147,-1.0
19148,-1.0
19149,-1.0
19150,-1.0
19151,-1.0
19152,-1.0
19153,-1.0
19154,-1.0
19155,-1.0
19156,-1.0
19157,-1.0
19158,-1.0
19159,-1.0
19160,-1.0
19161,-1.0
19162,-1.0
19163,-1.0
19164,-1.0
19165,-1.0
19166,-1.0
19167,-1.0
19168,-1.0
19169,-1.0
19170,-1.0
19171,-1.0
19172,-1.0
19173,-1.0
19174,-1.0
19175,-1.0
19176,-1.0
19177,-1.0
19178,-1.0
19179,-1.0
19180,-1.0
19181,-1.0
19182,-1.0
19183,-1.0
19184,-1.0
19185,-1.0
19186,-1.0
19187,-1.0
19188,-1.0
19189,-1.0
19190,-1.0
19191,-1.0
19192,-1.0
19193,-1.0
19194,-1.0
19195,-1.0
19196,-1.0
19197,-1.0
19198,-1.0
19199,-1.0
19200,-1.0
19201,-1.0
19202,-1.0
19203,-1.0
19204,-1.0
19205,-1.0
19206,-1.0
19207,-1.0
19208,-1.0
19209,-1.0
19210,-1.0
19211,-1.0
19212,-1.0
19213,-1.0
19214,-1.0
19215,-1.0
19216,-1.0
19217,-1.0
19218,-1.0
19219,-1.0
19220,-1.0
19221,-1.0
19222,-1.0
19223,-1.0
19224,-1.0
19225,-1.0
19226,-1.0
19227,-1.0
19228,-1.0
19229,-1.0
19230,-1.0
19231,-1.0
19232,-1.0
19233,-1.0
19234,-1.0
19235,-1.0
19236,-1.0
19237,-1.0
19238,-1.0
19239,-1.0
19240,-1.0
19241,-1.0
19242,-1.0
19243,-1.0
19244,-1.0
19245,-1.0
19246,-1.0
19247,-1.0
19248,-1.0
19249,-1.0
19250,-1.0
19251,-1.0
19252,-1.0
19253,-1.0
19254,-1.0
19255,-1.0
19256,-1.0
19257,-1.0
19258,-1.0
19259,-1.0
19260,-1.0
19261,-1.0
19262,-1.0
19263,-1.0
19264,-1.0
19265,-1.0
19266,-1.0
19267,-1.0
19268,-1.0
19269,-1.0
19270,-1.0
19271,-1.0
19272,-1.0
19273,-1.0
19274,-1.0
19275,-1.0
19276,-1.0
19277,-1.0
19278,-1.0
19279,-1.0
19280,-1.0
19281,-1.0
19282,-1.0
19283,-1.0
19284,-1.0
19285,-1.0
19286,-1.0
19287,-1.0
19288,-1.0
19289,-1.0
19290,-1.0
19291,-1.0
19292,-1.0
19293,-1.0
19294,-1.0
19295,-1.0
19296,-1.0
19297,-1.0
19298,-1.0
19299,-1.0
19300,-1.0
19301,-1.0
19302,-1.0
19303,-1.0
19304,-1.0
19305,-1.0
19306,-1.0
19307,-1.0
19308,-1.0
19309,-1.0
19310,-1.0
19311,-1.0
19312,-1.0
19313,-1.0
19314,-1.0
19315,-1.0
19316,-1.0
19317,-1.0
19318,-1.0
19319,-1.0
19320,-1.0
19321,-1.0
19322,-1.0
19323,-1.0
19324,-1.0
19325,-1.0
19326,-1.0
19327,-1.0
19328,-1.0
19329,-1.0
19330,-1.0
19331,-1.0
19332,-1.0
19333,-1.0
19334,-1.0
19335,-1.0
19336,-1.0
19337,-1.0
19338,-1.0
19339,-1.0
19340,-1.0
19341,-1.0
19342,-1.0
19343,-1.0
19344,-1.0
19345,-1.0
19346,-1.0
19347,-1.0
19348,-1.0
19349,-1.0
19350,-1.0
19351,-1.0
19352,-1.0
19353,-1.0
19354,-1.0
19355,-1.0
19356,-1.0
19357,-1.0
19358,-1.0
19359,-1.0
19360,-1.0
19361,-1.0
19362,-1.0
19363,-1.0
19364,-1.0
19365,-1.0
19366,-1.0
19367,-1.0
19368,-1.0
19369,-1.0
19370,-1.0
19371,-1.0
19372,-1.0
19373,-1.0
19374,-1.0
19375,-1.0
19376,-1.0
19377,-1.0
19378,-1.0
19379,-1.0
19380,-1.0
19381,-1.0
19382,-1.0
19383,-1.0
19384,-1.0
19385,-1.0
19386,-1.0
19387,-1.0
19388,-1.0
19389,-1.0
19390,-1.0
19391,-1.0
19392,-1.0
19393,-1.0
19394,-1.0
19395,-1.0
19396,-1.0
19397,-1.0
19398,-1.0
19399,-1.0
19400,-1.0
19401,-1.0
19402,-1.0
19403,-1.0
19404,-1.0
19405,-1.0
19406,-1.0
19407,-1.0
19408,-1.0
19409,-1.0
19410,-1.0
19411,-1.0
19412,-1.0
19413,-1.0
19414,-1.0
19415,-1.0
19416,-1.0
19417,-1.0
19418,-1.0
19419,-1.0
19420,-1.0
19421,-1.0
19422,-1.0
19423,-1.0
19424,-1.0
19425,-1.0
19426,-1.0
19427,-1.0
19428,-1.0
19429,-1.0
19430,-1.0
19431,-1.0
19432,-1.0
19433,-1.0
19434,-1.0
19435,-1.0
19436,-1.0
19437,-1.0
19438,-1.0
19439,-1.0
19440,-1.0
19441,-1.0
19442,-1.0
19443,-1.0
19444,-1.0
19445,-1.0
19446,-1.0
19447,-1.0
19448,-1.0
19449,-1.0
19450,-1.0
19451,-1.0
19452,-1.0
19453,-1.0
19454,-1.0
19455,-1.0
19456,-1.0
19457,-1.0
19458,-1.0
19459,-1.0
19460,-1.0
19461,-1.0
19462,-1.0
19463,-1.0
19464,-1.0
19465,-1.0
19466,-1.0
19467,-1.0
19468,-1.0
19469,-1.0
19470,-1.0
19471,-1.0
19472,-1.0
19473,-1.0
19474,-1.0
19475,-1.0
19476,-1.0
19477,-1.0
19478,-1.0
19479,-1.0
19480,-1.0
19481,-1.0
19482,-1.0
19483,-1.0
19484,-1.0
19485,-1.0
19486,-1.0
19487,-1.0
19488,-1.0
19489,-1.0
19490,-1.0
19491,-1.0
19492,-1.0
19493,-1.0
19494,-1.0
19495,-1.0
19496,-1.0
19497,-1.0
19498,-1.0
19499,-1.0
19500,-1.0
19501,-1.0
19502,-1.0
19503,-1.0
19504,-1.0
19505,-1.0
19506,-1.0
19507,-1.0
19508,-1.0
19509,-1.0
19510,-1.0
19511,-1.0
19512,-1.0
19513,-1.0
19514,-1.0
19515,-1.0
19516,-1.0
19517,-1.0
19518,-1.0
19519,-1.0
19520,-1.0
19521,-1.0
19522,-1.0
19523,-1.0
19524,-1.0
19525,-1.0
19526,-1.0
19527,-1.0
19528,-1.0
19529,-1.0
19530,-1.0
19531,-1.0
19532,-1.0
19533,-1.0
19534,-1.0
19535,-1.0
19536,-1.0
19537,-1.0
19538,-1.0
19539,-1.0
19540,-1.0
19541,-1.0
19542,-1.0
19543,-1.0
19544,-1.0
19545,-1.0
19546,-1.0
19547,-1.0
19548,-1.0
19549,-1.0
19550,-1.0
19551,-1.0
19552,-1.0
19553,-1.0
19554,-1.0
19555,-1.0
19556,-1.0
19557,-1.0
19558,-1.0
19559,-1.0
19560,-1.0
19561,-1.0
19562,-1.0
19563,-1.0
19564,-1.0
19565,-1.0
19566,-1.0
19567,-1.0
19568,-1.0
19569,-1.0
19570,-1.0
19571,-1.0
19572,-1.0
19573,-1.0
19574,-1.0
19575,-1.0
19576,-1.0
19577,-1.0
19578,-1.0
19579,-1.0
19580,-1.0
19581,-1.0
19582,-1.0
19583,-1.0
19584,-1.0
19585,-1.0
19586,-1.0
19587,-1.0
19588,-1.0
19589,-1.0
19590,-1.0
19591,-1.0
19592,-1.0
19593,-1.0
19594,-1.0
19595,-1.0
19596,-1.0
19597,-1.0
19598,-1.0
19599,-1.0
19600,-1.0
19601,-1.0
19602,-1.0
19603,-1.0
19604,-1.0
19605,-1.0
19606,-1.0
19607,-1.0
19608,-1.0
19609,-1.0
19610,-1.0
19611,-1.0
19612,-1.0
19613,-1.0
19614,-1.0
19615,-1.0
19616,-1.0
19617,-1.0
19618,-1.0
19619,-1.0
19620,-1.0
19621,-1.0
19622,-1.0
19623,-1.0
19624,-1.0
19625,-1.0
19626,-1.0
19627,-1.0
19628,-1.0
19629,-1.0
19630,-1.0
19631,-1.0
19632,-1.0
19633,-1.0
19634,-1.0
19635,-1.0
19636,-1.0
19637,-1.0
19638,-1.0
19639,-1.0
19640,-1.0
19641,-1.0
19642,-1.0
19643,-1.0
19644,-1.0
19645,-1.0
19646,-1.0
19647,-1.0
19648,-1.0
19649,-1.0
19650,-1.0
19651,-1.0
19652,-1.0
19653,-1.0
19654,-1.0
19655,-1.0
19656,-1.0
19657,-1.0
19658,-1.0
19659,-1.0
19660,-1.0
19661,-1.0
19662,-1.0
19663,-1.0
19664,-1.0
19665,-1.0
19666,-1.0
19667,-1.0
19668,-1.0
19669,-1.0
19670,-1.0
19671,-1.0
19672,-1.0
19673,-1.0
19674,-1.0
19675,-1.0
19676,-1.0
19677,-1.0
19678,-1.0
19679,-1.0
19680,-1.0
19681,-1.0
19682,-1.0
19683,-1.0
19684,-1.0
19685,-1.0
19686,-1.0
19687,-1.0
19688,-1.0
19689,-1.0
19690,-1.0
19691,-1.0
19692,-1.0
19693,-1.0
19694,-1.0
19695,-1.0
19696,-1.0
19697,-1.0
19698,-1.0
19699,-1.0
19700,-1.0
19701,-1.0
19702,-1.0
19703,-1.0
19704,-1.0
19705,-1.0
19706,-1.0
19707,-1.0
19708,-1.0
19709,-1.0
19710,-1.0
19711,-1.0
19712,-1.0
19713,-1.0
19714,-1.0
19715,-1.0
19716,-1.0
19717,-1.0
19718,-1.0
19719,-1.0
19720,-1.0
19721,-1.0
19722,-1.0
19723,-1.0
19724,-1.0
19725,-1.0
19726,-1.0
19727,-1.0
19728,-1.0
19729,-1.0
19730,-1.0
19731,-1.0
19732,-1.0
19733,-1.0
19734,-1.0
19735,-1.0
19736,-1.0
19737,-1.0
19738,-1.0
19739,-1.0
19740,-1.0
19741,-1.0
19742,-1.0
19743,-1.0
19744,-1.0
19745,-1.0
19746,-1.0
19747,-1.0
19748,-1.0
19749,-1.0
19750,-1.0
19751,-1.0
19752,-1.0
19753,-1.0
19754,-1.0
19755,-1.0
19756,-1.0
19757,-1.0
19758,-1.0
19759,-1.0
19760,-1.0
19761,-1.0
19762,-1.0
19763,-1.0
19764,-1.0
19765,-1.0
19766,-1.0
19767,-1.0
19768,-1.0
19769,-1.0
19770,-1.0
19771,-1.0
19772,-1.0
19773,-1.0
19774,-1.0
19775,-1.0
19776,-1.0
19777,-1.0
19778,-1.0
19779,-1.0
19780,-1.0
19781,-1.0
19782,-1.0
19783,-1.0
19784,-1.0
19785,-1.0
19786,-1.0
19787,-1.0
19788,-1.0
19789,-1.0
19790,-1.0
19791,-1.0
19792,-1.0
19793,-1.0
19794,-1.0
19795,-1.0
19796,-1.0
19797,-1.0
19798,-1.0
19799,-1.0
19800,-1.0
19801,-1.0
19802,-1.0
19803,-1.0
19804,-1.0
19805,-1.0
19806,-1.0
19807,-1.0
19808,-1.0
19809,-1.0
19810,-1.0
19811,-1.0
19812,-1.0
19813,-1.0
19814,-1.0
19815,-1.0
19816,-1.0
19817,-1.0
19818,-1.0
19819,-1.0
19820,-1.0
19821,-1.0
19822,-1.0
19823,-1.0
19824,-1.0
19825,-1.0
19826,-1.0
19827,-1.0
19828,-1.0
19829,-1.0
19830,-1.0
19831,-1.0
19832,-1.0
19833,-1.0
19834,-1.0
19835,-1.0
19836,-1.0
19837,-1.0
19838,-1.0
19839,-1.0
19840,-1.0
19841,-1.0
19842,-1.0
19843,-1.0
19844,-1.0
19845,-1.0
19846,-1.0
19847,-1.0
19848,-1.0
19849,-1.0
19850,-1.0
19851,-1.0
19852,-1.0
19853,-1.0
19854,-1.0
19855,-1.0
19856,-1.0
19857,-1.0
19858,-1.0
19859,-1.0
19860,-1.0
19861,-1.0
19862,-1.0
19863,-1.0
19864,-1.0
19865,-1.0
19866,-1.0
19867,-1.0
19868,-1.0
19869,-1.0
19870,-1.0
19871,-1.0
19872,-1.0
19873,-1.0
19874,-1.0
19875,-1.0
19876,-1.0
19877,-1.0
19878,-1.0
19879,-1.0
19880,-1.0
19881,-1.0
19882,-1.0
19883,-1.0
19884,-1.0
19885,-1.0
19886,-1.0
19887,-1.0
19888,-1.0
19889,-1.0
19890,-1.0
19891,-1.0
19892,-1.0
19893,-1.0
19894,-1.0
19895,-1.0
19896,-1.0
19897,-1.0
19898,-1.0
19899,-1.0
19900,-1.0
19901,-1.0
19902,-1.0
19903,-1.0
19904,-1.0
19905,-1.0
19906,-1.0
19907,-1.0
19908,-1.0
19909,-1.0
19910,-1.0
19911,-1.0
19912,-1.0
19913,-1.0
19914,-1.0
19915,-1.0
19916,-1.0
19917,-1.0
19918,-1.0
19919,-1.0
19920,-1.0
19921,-1.0
19922,-1.0
19923,-1.0
19924,-1.0
19925,-1.0
19926,-1.0
19927,-1.0
19928,-1.0
19929,-1.0
19930,-1.0
19931,-1.0
19932,-1.0
19933,-1.0
19934,-1.0
19935,-1.0
19936,-1.0
19937,-1.0
19938,-1.0
19939,-1.0
19940,-1.0
19941,-1.0
19942,-1.0
19943,-1.0
19944,-1.0
19945,-1.0
19946,-1.0
19947,-1.0
19948,-1.0
19949,-1.0
19950,-1.0
19951,-1.0
19952,-1.0
19953,-1.0
19954,-1.0
19955,-1.0
19956,-1.0
19957,-1.0
19958,-1.0
19959,-1.0
19960,-1.0
19961,-1.0
19962,-1.0
19963,-1.0
19964,-1.0
19965,-1.0
19966,-1.0
19967,-1.0
19968,-1.0
19969,-1.0
19970,-1.0
19971,-1.0
19972,-1.0
19973,-1.0
19974,-1.0
19975,-1.0
19976,-1.0
19977,-1.0
19978,-1.0
19979,-1.0
19980,-1.0
19981,-1.0
19982,-1.0
19983,-1.0
19984,-1.0
19985,-1.0
19986,-1.0
19987,-1.0
19988,-1.0
19989,-1.0
19990,-1.0
19991,-1.0
19992,-1.0
19993,-1.0
19994,-1.0
19995,-1.0
19996,-1.0
19997,-1.0
19998,-1.0
19999,-1.0
20000,-1.0
20001,-1.0
20002,-1.0
20003,-1.0
20004,-1.0
20005,-1.0
20006,-1.0
20007,-1.0
20008,-1.0
20009,-1.0
20010,-1.0
20011,-1.0
20012,-1.0
20013,-1.0
20014,-1.0
20015,-1.0
20016,-1.0
20017,-1.0
20018,-1.0
20019,-1.0
20020,-1.0
20021,-1.0
20022,-1.0
20023,-1.0
20024,-1.0
20025,-1.0
20026,-1.0
20027,-1.0
20028,-1.0
20029,-1.0
20030,-1.0
20031,-1.0
20032,-1.0
20033,-1.0
20034,-1.0
20035,-1.0
20036,-1.0
20037,-1.0
20038,-1.0
20039,-1.0
20040,-1.0
20041,-1.0
20042,-1.0
20043,-1.0
20044,-1.0
20045,-1.0
20046,-1.0
20047,-1.0
20048,-1.0
20049,-1.0
20050,-1.0
20051,-1.0
20052,-1.0
20053,-1.0
20054,-1.0
20055,-1.0
20056,-1.0
20057,-1.0
20058,-1.0
20059,-1.0
20060,-1.0
20061,-1.0
20062,-1.0
20063,-1.0
20064,-1.0
20065,-1.0
20066,-1.0
20067,-1.0
20068,-1.0
20069,-1.0
20070,-1.0
20071,-1.0
20072,-1.0
20073,-1.0
20074,-1.0
20075,-1.0
20076,-1.0
20077,-1.0
20078,-1.0
20079,-1.0
20080,-1.0
20081,-1.0
20082,-1.0
20083,-1.0
20084,-1.0
20085,-1.0
20086,-1.0
20087,-1.0
20088,-1.0
20089,-1.0
20090,-1.0
20091,-1.0
20092,-1.0
20093,-1.0
20094,-1.0
20095,-1.0
20096,-1.0
20097,-1.0
20098,-1.0
20099,-1.0
20100,-1.0
20101,-1.0
20102,-1.0
20103,-1.0
20104,-1.0
20105,-1.0
20106,-1.0
20107,-1.0
20108,-1.0
20109,-1.0
20110,-1.0
20111,-1.0
20112,-1.0
20113,-1.0
20114,-1.0
20115,-1.0
20116,-1.0
20117,-1.0
20118,-1.0
20119,-1.0
20120,-1.0
20121,-1.0
20122,-1.0
20123,-1.0
20124,-1.0
20125,-1.0
20126,-1.0
20127,-1.0
20128,-1.0
20129,-1.0
20130,-1.0
20131,-1.0
20132,-1.0
20133,-1.0
20134,-1.0
20135,-1.0
20136,-1.0
20137,-1.0
20138,-1.0
20139,-1.0
20140,-1.0
20141,-1.0
20142,-1.0
20143,-1.0
20144,-1.0
20145,-1.0
20146,-1.0
20147,-1.0
20148,-1.0
20149,-1.0
20150,-1.0
20151,-1.0
20152,-1.0
20153,-1.0
20154,-1.0
20155,-1.0
20156,-1.0
20157,-1.0
20158,-1.0
20159,-1.0
20160,-1.0
20161,-1.0
20162,-1.0
20163,-1.0
20164,-1.0
20165,-1.0
20166,-1.0
20167,-1.0
20168,-1.0
20169,-1.0
20170,-1.0
20171,-1.0
20172,-1.0
20173,-1.0
20174,-1.0
20175,-1.0
20176,-1.0
20177,-1.0
20178,-1.0
20179,-1.0
20180,-1.0
20181,-1.0
20182,-1.0
20183,-1.0
20184,-1.0
20185,-1.0
20186,-1.0
20187,-1.0
20188,-1.0
20189,-1.0
20190,-1.0
20191,-1.0
20192,-1.0
20193,-1.0
20194,-1.0
20195,-1.0
20196,-1.0
20197,-1.0
20198,-1.0
20199,-1.0
20200,-1.0
20201,-1.0
20202,-1.0
20203,-1.0
20204,-1.0
20205,-1.0
20206,-1.0
20207,-1.0
20208,-1.0
20209,-1.0
20210,-1.0
20211,-1.0
20212,-1.0
20213,-1.0
20214,-1.0
20215,-1.0
20216,-1.0
20217,-1.0
20218,-1.0
20219,-1.0
20220,-1.0
20221,-1.0
20222,-1.0
20223,-1.0
20224,-1.0
20225,-1.0
20226,-1.0
20227,-1.0
20228,-1.0
20229,-1.0
20230,-1.0
20231,-1.0
20232,-1.0
20233,-1.0
20234,-1.0
20235,-1.0
20236,-1.0
20237,-1.0
20238,-1.0
20239,-1.0
20240,-1.0
20241,-1.0
20242,-1.0
20243,-1.0
20244,-1.0
20245,-1.0
20246,-1.0
20247,-1.0
20248,-1.0
20249,-1.0
20250,-1.0
20251,-1.0
20252,-1.0
20253,-1.0
20254,-1.0
20255,-1.0
20256,-1.0
20257,-1.0
20258,-1.0
20259,-1.0
20260,-1.0
20261,-1.0
20262,-1.0
20263,-1.0
20264,-1.0
20265,-1.0
20266,-1.0
20267,-1.0
20268,-1.0
20269,-1.0
20270,-1.0
20271,-1.0
20272,-1.0
20273,-1.0
20274,-1.0
20275,-1.0
20276,-1.0
20277,-1.0
20278,-1.0
20279,-1.0
20280,-1.0
20281,-1.0
20282,-1.0
20283,-1.0
20284,-1.0
20285,-1.0
20286,-1.0
20287,-1.0
20288,-1.0
20289,-1.0
20290,-1.0
20291,-1.0
20292,-1.0
20293,-1.0
20294,-1.0
20295,-1.0
20296,-1.0
20297,-1.0
20298,-1.0
20299,-1.0
20300,-1.0
20301,-1.0
20302,-1.0
20303,-1.0
20304,-1.0
20305,-1.0
20306,-1.0
20307,-1.0
20308,-1.0
20309,-1.0
20310,-1.0
20311,-1.0
20312,-1.0
20313,-1.0
20314,-1.0
20315,-1.0
20316,-1.0
20317,-1.0
20318,-1.0
20319,-1.0
20320,-1.0
20321,-1.0
20322,-1.0
20323,-1.0
20324,-1.0
20325,-1.0
20326,-1.0
20327,-1.0
20328,-1.0
20329,-1.0
20330,-1.0
20331,-1.0
20332,-1.0
20333,-1.0
20334,-1.0
20335,-1.0
20336,-1.0
20337,-1.0
20338,-1.0
20339,-1.0
20340,-1.0
20341,-1.0
20342,-1.0
20343,-1.0
20344,-1.0
20345,-1.0
20346,-1.0
20347,-1.0
20348,-1.0
20349,-1.0
20350,-1.0
20351,-1.0
20352,-1.0
20353,-1.0
20354,-1.0
20355,-1.0
20356,-1.0
20357,-1.0
20358,-1.0
20359,-1.0
20360,-1.0
20361,-1.0
20362,-1.0
20363,-1.0
20364,-1.0
20365,-1.0
20366,-1.0
20367,-1.0
20368,-1.0
20369,-1.0
20370,-1.0
20371,-1.0
20372,-1.0
20373,-1.0
20374,-1.0
20375,-1.0
20376,-1.0
20377,-1.0
20378,-1.0
20379,-1.0
20380,-1.0
20381,-1.0
20382,-1.0
20383,-1.0
20384,-1.0
20385,-1.0
20386,-1.0
20387,-1.0
20388,-1.0
20389,-1.0
20390,-1.0
20391,-1.0
20392,-1.0
20393,-1.0
20394,-1.0
20395,-1.0
20396,-1.0
20397,-1.0
20398,-1.0
20399,-1.0
20400,-1.0
20401,-1.0
20402,-1.0
20403,-1.0
20404,-1.0
20405,-1.0
20406,-1.0
20407,-1.0
20408,-1.0
20409,-1.0
20410,-1.0
20411,-1.0
20412,-1.0
20413,-1.0
20414,-1.0
20415,-1.0
20416,-1.0
20417,-1.0
20418,-1.0
20419,-1.0
20420,-1.0
20421,-1.0
20422,-1.0
20423,-1.0
20424,-1.0
20425,-1.0
20426,-1.0
20427,-1.0
20428,-1.0
20429,-1.0
20430,-1.0
20431,-1.0
20432,-1.0
20433,-1.0
20434,-1.0
20435,-1.0
20436,-1.0
20437,-1.0
20438,-1.0
20439,-1.0
20440,-1.0
20441,-1.0
20442,-1.0
20443,-1.0
20444,-1.0
20445,-1.0
20446,-1.0
20447,-1.0
20448,-1.0
20449,-1.0
20450,-1.0
20451,-1.0
20452,-1.0
20453,-1.0
20454,-1.0
20455,-1.0
20456,-1.0
20457,-1.0
20458,-1.0
20459,-1.0
20460,-1.0
20461,-1.0
20462,-1.0
20463,-1.0
20464,-1.0
20465,-1.0
20466,-1.0
20467,-1.0
20468,-1.0
20469,-1.0
20470,-1.0
20471,-1.0
20472,-1.0
20473,-1.0
20474,-1.0
20475,-1.0
20476,-1.0
20477,-1.0
20478,-1.0
20479,-1.0
20480,-1.0
20481,-1.0
20482,-1.0
20483,-1.0
20484,-1.0
20485,-1.0
20486,-1.0
20487,-1.0
20488,-1.0
20489,-1.0
20490,-1.0
20491,-1.0
20492,-1.0
20493,-1.0
20494,-1.0
20495,-1.0
20496,-1.0
20497,-1.0
20498,-1.0
20499,-1.0
20500,-1.0
20501,-1.0
20502,-1.0
20503,-1.0
20504,-1.0
20505,-1.0
20506,-1.0
20507,-1.0
20508,-1.0
20509,-1.0
20510,-1.0
20511,-1.0
20512,-1.0
20513,-1.0
20514,-1.0
20515,-1.0
20516,-1.0
20517,-1.0
20518,-1.0
20519,-1.0
20520,-1.0
20521,-1.0
20522,-1.0
20523,-1.0
20524,-1.0
20525,-1.0
20526,-1.0
20527,-1.0
20528,-1.0
20529,-1.0
20530,-1.0
20531,-1.0
20532,-1.0
20533,-1.0
20534,-1.0
20535,-1.0
20536,-1.0
20537,-1.0
20538,-1.0
20539,-1.0
20540,-1.0
20541,-1.0
20542,-1.0
20543,-1.0
20544,-1.0
20545,-1.0
20546,-1.0
20547,-1.0
20548,-1.0
20549,-1.0
20550,-1.0
20551,-1.0
20552,-1.0
20553,-1.0
20554,-1.0
20555,-1.0
20556,-1.0
20557,-1.0
20558,-1.0
20559,-1.0
20560,-1.0
20561,-1.0
20562,-1.0
20563,-1.0
20564,-1.0
20565,-1.0
20566,-1.0
20567,-1.0
20568,-1.0
20569,-1.0
20570,-1.0
20571,-1.0
20572,-1.0
20573,-1.0
20574,-1.0
20575,-1.0
20576,-1.0
20577,-1.0
20578,-1.0
20579,-1.0
20580,-1.0
20581,-1.0
20582,-1.0
20583,-1.0
20584,-1.0
20585,-1.0
20586,-1.0
20587,-1.0
20588,-1.0
20589,-1.0
20590,-1.0
20591,-1.0
20592,-1.0
20593,-1.0
20594,-1.0
20595,-1.0
20596,-1.0
20597,-1.0
20598,-1.0
20599,-1.0
20600,-1.0
20601,-1.0
20602,-1.0
20603,-1.0
20604,-1.0
20605,-1.0
20606,-1.0
20607,-1.0
20608,-1.0
20609,-1.0
20610,-1.0
20611,-1.0
20612,-1.0
20613,-1.0
20614,-1.0
20615,-1.0
20616,-1.0
20617,-1.0
20618,-1.0
20619,-1.0
20620,-1.0
20621,-1.0
20622,-1.0
20623,-1.0
20624,-1.0
20625,-1.0
20626,-1.0
20627,-1.0
20628,-1.0
20629,-1.0
20630,-1.0
20631,-1.0
20632,-1.0
20633,-1.0
20634,-1.0
20635,-1.0
20636,-1.0
20637,-1.0
20638,-1.0
20639,-1.0
20640,-1.0
20641,-1.0
20642,-1.0
20643,-1.0
20644,-1.0
20645,-1.0
20646,-1.0
20647,-1.0
20648,-1.0
20649,-1.0
20650,-1.0
20651,-1.0
20652,-1.0
20653,-1.0
20654,-1.0
20655,-1.0
20656,-1.0
20657,-1.0
20658,-1.0
20659,-1.0
20660,-1.0
20661,-1.0
20662,-1.0
20663,-1.0
20664,-1.0
20665,-1.0
20666,-1.0
20667,-1.0
20668,-1.0
20669,-1.0
20670,-1.0
20671,-1.0
20672,-1.0
20673,-1.0
20674,-1.0
20675,-1.0
20676,-1.0
20677,-1.0
20678,-1.0
20679,-1.0
20680,-1.0
20681,-1.0
20682,-1.0
20683,-1.0
20684,-1.0
20685,-1.0
20686,-1.0
20687,-1.0
20688,-1.0
20689,-1.0
20690,-1.0
20691,-1.0
20692,-1.0
20693,-1.0
20694,-1.0
20695,-1.0
20696,-1.0
20697,-1.0
20698,-1.0
20699,-1.0
20700,-1.0
20701,-1.0
20702,-1.0
20703,-1.0
20704,-1.0
20705,-1.0
20706,-1.0
20707,-1.0
20708,-1.0
20709,-1.0
20710,-1.0
20711,-1.0
20712,-1.0
20713,-1.0
20714,-1.0
20715,-1.0
20716,-1.0
20717,-1.0
20718,-1.0
20719,-1.0
20720,-1.0
20721,-1.0
20722,-1.0
20723,-1.0
20724,-1.0
20725,-1.0
20726,-1.0
20727,-1.0
20728,-1.0
20729,-1.0
20730,-1.0
20731,-1.0
20732,-1.0
20733,-1.0
20734,-1.0
20735,-1.0
20736,-1.0
20737,-1.0
20738,-1.0
20739,-1.0
20740,-1.0
20741,-1.0
20742,-1.0
20743,-1.0
20744,-1.0
20745,-1.0
20746,-1.0
20747,-1.0
20748,-1.0
20749,-1.0
20750,-1.0
20751,-1.0
20752,-1.0
20753,-1.0
20754,-1.0
20755,-1.0
20756,-1.0
20757,-1.0
20758,-1.0
20759,-1.0
20760,-1.0
20761,-1.0
20762,-1.0
20763,-1.0
20764,-1.0
20765,-1.0
20766,-1.0
20767,-1.0
20768,-1.0
20769,-1.0
20770,-1.0
20771,-1.0
20772,-1.0
20773,-1.0
20774,-1.0
20775,-1.0
20776,-1.0
20777,-1.0
20778,-1.0
20779,-1.0
20780,-1.0
20781,-1.0
20782,-1.0
20783,-1.0
20784,-1.0
20785,-1.0
20786,-1.0
20787,-1.0
20788,-1.0
20789,-1.0
20790,-1.0
20791,-1.0
20792,-1.0
20793,-1.0
20794,-1.0
20795,-1.0
20796,-1.0
20797,-1.0
20798,-1.0
20799,-1.0
20800,-1.0
20801,-1.0
20802,-1.0
20803,-1.0
20804,-1.0
20805,-1.0
20806,-1.0
20807,-1.0
20808,-1.0
20809,-1.0
20810,-1.0
20811,-1.0
20812,-1.0
20813,-1.0
20814,-1.0
20815,-1.0
20816,-1.0
20817,-1.0
20818,-1.0
20819,-1.0
20820,-1.0
20821,-1.0
20822,-1.0
20823,-1.0
20824,-1.0
20825,-1.0
20826,-1.0
20827,-1.0
20828,-1.0
20829,-1.0
20830,-1.0
20831,-1.0
20832,-1.0
20833,-1.0
20834,-1.0
20835,-1.0
20836,-1.0
20837,-1.0
20838,-1.0
20839,-1.0
20840,-1.0
20841,-1.0
20842,-1.0
20843,-1.0
20844,-1.0
20845,-1.0
20846,-1.0
20847,-1.0
20848,-1.0
20849,-1.0
20850,-1.0
20851,-1.0
20852,-1.0
20853,-1.0
20854,-1.0
20855,-1.0
20856,-1.0
20857,-1.0
20858,-1.0
20859,-1.0
20860,-1.0
20861,-1.0
20862,-1.0
20863,-1.0
20864,-1.0
20865,-1.0
20866,-1.0
20867,-1.0
20868,-1.0
20869,-1.0
20870,-1.0
20871,-1.0
20872,-1.0
20873,-1.0
20874,-1.0
20875,-1.0
20876,-1.0
20877,-1.0
20878,-1.0
20879,-1.0
20880,-1.0
20881,-1.0
20882,-1.0
20883,-1.0
20884,-1.0
20885,-1.0
20886,-1.0
20887,-1.0
20888,-1.0
20889,-1.0
20890,-1.0
20891,-1.0
20892,-1.0
20893,-1.0
20894,-1.0
20895,-1.0
20896,-1.0
20897,-1.0
20898,-1.0
20899,-1.0
20900,-1.0
20901,-1.0
20902,-1.0
20903,-1.0
20904,-1.0
20905,-1.0
20906,-1.0
20907,-1.0
20908,-1.0
20909,-1.0
20910,-1.0
20911,-1.0
20912,-1.0
20913,-1.0
20914,-1.0
20915,-1.0
20916,-1.0
20917,-1.0
20918,-1.0
20919,-1.0
20920,-1.0
20921,-1.0
20922,-1.0
20923,-1.0
20924,-1.0
20925,-1.0
20926,-1.0
20927,-1.0
20928,-1.0
20929,-1.0
20930,-1.0
20931,-1.0
20932,-1.0
20933,-1.0
20934,-1.0
20935,-1.0
20936,-1.0
20937,-1.0
20938,-1.0
20939,-1.0
20940,-1.0
20941,-1.0
20942,-1.0
20943,-1.0
20944,-1.0
20945,-1.0
20946,-1.0
20947,-1.0
20948,-1.0
20949,-1.0
20950,-1.0
20951,-1.0
20952,-1.0
20953,-1.0
20954,-1.0
20955,-1.0
20956,-1.0
20957,-1.0
20958,-1.0
20959,-1.0
20960,-1.0
20961,-1.0
20962,-1.0
20963,-1.0
20964,-1.0
20965,-1.0
20966,-1.0
20967,-1.0
20968,-1.0
20969,-1.0
20970,-1.0
20971,-1.0
20972,-1.0
20973,-1.0
20974,-1.0
20975,-1.0
20976,-1.0
20977,-1.0
20978,-1.0
20979,-1.0
20980,-1.0
20981,-1.0
20982,-1.0
20983,-1.0
20984,-1.0
20985,-1.0
20986,-1.0
20987,-1.0
20988,-1.0
20989,-1.0
20990,-1.0
20991,-1.0
20992,-1.0
20993,-1.0
20994,-1.0
20995,-1.0
20996,-1.0
20997,-1.0
20998,-1.0
20999,-1.0
21000,-1.0
21001,-1.0
21002,-1.0
21003,-1.0
21004,-1.0
21005,-1.0
21006,-1.0
21007,-1.0
21008,-1.0
21009,-1.0
21010,-1.0
21011,-1.0
21012,-1.0
21013,-1.0
21014,-1.0
21015,-1.0
21016,-1.0
21017,-1.0
21018,-1.0
21019,-1.0
21020,-1.0
21021,-1.0
21022,-1.0
21023,-1.0
21024,-1.0
21025,-1.0
21026,-1.0
21027,-1.0
21028,-1.0
21029,-1.0
21030,-1.0
21031,-1.0
21032,-1.0
21033,-1.0
21034,-1.0
21035,-1.0
21036,-1.0
21037,-1.0
21038,-1.0
21039,-1.0
21040,-1.0
21041,-1.0
21042,-1.0
21043,-1.0
21044,-1.0
21045,-1.0
21046,-1.0
21047,-1.0
21048,-1.0
21049,-1.0
21050,-1.0
21051,-1.0
21052,-1.0
21053,-1.0
21054,-1.0
21055,-1.0
21056,-1.0
21057,-1.0
21058,-1.0
21059,-1.0
21060,-1.0
21061,-1.0
21062,-1.0
21063,-1.0
21064,-1.0
21065,-1.0
21066,-1.0
21067,-1.0
21068,-1.0
21069,-1.0
21070,-1.0
21071,-1.0
21072,-1.0
21073,-1.0
21074,-1.0
21075,-1.0
21076,-1.0
21077,-1.0
21078,-1.0
21079,-1.0
21080,-1.0
21081,-1.0
21082,-1.0
21083,-1.0
21084,-1.0
21085,-1.0
21086,-1.0
21087,-1.0
21088,-1.0
21089,-1.0
21090,-1.0
21091,-1.0
21092,-1.0
21093,-1.0
21094,-1.0
21095,-1.0
21096,-1.0
21097,-1.0
21098,-1.0
21099,-1.0
21100,-1.0
21101,-1.0
21102,-1.0
21103,-1.0
21104,-1.0
21105,-1.0
21106,-1.0
21107,-1.0
21108,-1.0
21109,-1.0
21110,-1.0
21111,-1.0
21112,-1.0
21113,-1.0
21114,-1.0
21115,-1.0
21116,-1.0
21117,-1.0
21118,-1.0
21119,-1.0
21120,-1.0
21121,-1.0
21122,-1.0
21123,-1.0
21124,-1.0
21125,-1.0
21126,-1.0
21127,-1.0
21128,-1.0
21129,-1.0
21130,-1.0
21131,-1.0
21132,-1.0
21133,-1.0
21134,-1.0
21135,-1.0
21136,-1.0
21137,-1.0
21138,-1.0
21139,-1.0
21140,-1.0
21141,-1.0
21142,-1.0
21143,-1.0
21144,-1.0
21145,-1.0
21146,-1.0
21147,-1.0
21148,-1.0
21149,-1.0
21150,-1.0
21151,-1.0
21152,-1.0
21153,-1.0
21154,-1.0
21155,-1.0
21156,-1.0
21157,-1.0
21158,-1.0
21159,-1.0
21160,-1.0
21161,-1.0
21162,-1.0
21163,-1.0
21164,-1.0
21165,-1.0
21166,-1.0
21167,-1.0
21168,-1.0
21169,-1.0
21170,-1.0
21171,-1.0
21172,-1.0
21173,-1.0
21174,-1.0
21175,-1.0
21176,-1.0
21177,-1.0
21178,-1.0
21179,-1.0
21180,-1.0
21181,-1.0
21182,-1.0
21183,-1.0
21184,-1.0
21185,-1.0
21186,-1.0
21187,-1.0
21188,-1.0
21189,-1.0
21190,-1.0
21191,-1.0
21192,-1.0
21193,-1.0
21194,-1.0
21195,-1.0
21196,-1.0
21197,-1.0
21198,-1.0
21199,-1.0
21200,-1.0
21201,-1.0
21202,-1.0
21203,-1.0
21204,-1.0
21205,-1.0
21206,-1.0
21207,-1.0
21208,-1.0
21209,-1.0
21210,-1.0
21211,-1.0
21212,-1.0
21213,-1.0
21214,-1.0
21215,-1.0
21216,-1.0
21217,-1.0
21218,-1.0
21219,-1.0
21220,-1.0
21221,-1.0
21222,-1.0
21223,-1.0
21224,-1.0
21225,-1.0
21226,-1.0
21227,-1.0
21228,-1.0
21229,-1.0
21230,-1.0
21231,-1.0
21232,-1.0
21233,-1.0
21234,-1.0
21235,-1.0
21236,-1.0
21237,-1.0
21238,-1.0
21239,-1.0
21240,-1.0
21241,-1.0
21242,-1.0
21243,-1.0
21244,-1.0
21245,-1.0
21246,-1.0
21247,-1.0
21248,-1.0
21249,-1.0
21250,-1.0
21251,-1.0
21252,-1.0
21253,-1.0
21254,-1.0
21255,-1.0
21256,-1.0
21257,-1.0
21258,-1.0
21259,-1.0
21260,-1.0
21261,-1.0
21262,-1.0
21263,-1.0
21264,-1.0
21265,-1.0
21266,-1.0
21267,-1.0
21268,-1.0
21269,-1.0
21270,-1.0
21271,-1.0
21272,-1.0
21273,-1.0
21274,-1.0
21275,-1.0
21276,-1.0
21277,-1.0
21278,-1.0
21279,-1.0
21280,-1.0
21281,-1.0
21282,-1.0
21283,-1.0
21284,-1.0
21285,-1.0
21286,-1.0
21287,-1.0
21288,-1.0
21289,-1.0
21290,-1.0
21291,-1.0
21292,-1.0
21293,-1.0
21294,-1.0
21295,-1.0
21296,-1.0
21297,-1.0
21298,-1.0
21299,-1.0
21300,-1.0
21301,-1.0
21302,-1.0
21303,-1.0
21304,-1.0
21305,-1.0
21306,-1.0
21307,-1.0
21308,-1.0
21309,-1.0
21310,-1.0
21311,-1.0
21312,-1.0
21313,-1.0
21314,-1.0
21315,-1.0
21316,-1.0
21317,-1.0
21318,-1.0
21319,-1.0
21320,-1.0
21321,-1.0
21322,-1.0
21323,-1.0
21324,-1.0
21325,-1.0
21326,-1.0
21327,-1.0
21328,-1.0
21329,-1.0
21330,-1.0
21331,-1.0
21332,-1.0
21333,-1.0
21334,-1.0
21335,-1.0
21336,-1.0
21337,-1.0
21338,-1.0
21339,-1.0
21340,-1.0
21341,-1.0
21342,-1.0
21343,-1.0
21344,-1.0
21345,-1.0
21346,-1.0
21347,-1.0
21348,-1.0
21349,-1.0
21350,-1.0
21351,-1.0
21352,-1.0
21353,-1.0
21354,-1.0
21355,-1.0
21356,-1.0
21357,-1.0
21358,-1.0
21359,-1.0
21360,-1.0
21361,-1.0
21362,-1.0
21363,-1.0
21364,-1.0
21365,-1.0
21366,-1.0
21367,-1.0
21368,-1.0
21369,-1.0
21370,-1.0
21371,-1.0
21372,-1.0
21373,-1.0
21374,-1.0
21375,-1.0
21376,-1.0
21377,-1.0
21378,-1.0
21379,-1.0
21380,-1.0
21381,-1.0
21382,-1.0
21383,-1.0
21384,-1.0
21385,-1.0
21386,-1.0
21387,-1.0
21388,-1.0
21389,-1.0
21390,-1.0
21391,-1.0
21392,-1.0
21393,-1.0
21394,-1.0
21395,-1.0
21396,-1.0
21397,-1.0
21398,-1.0
21399,-1.0
21400,-1.0
21401,-1.0
21402,-1.0
21403,-1.0
21404,-1.0
21405,-1.0
21406,-1.0
21407,-1.0
21408,-1.0
21409,-1.0
21410,-1.0
21411,-1.0
21412,-1.0
21413,-1.0
21414,-1.0
21415,-1.0
21416,-1.0
21417,-1.0
21418,-1.0
21419,-1.0
21420,-1.0
21421,-1.0
21422,-1.0
21423,-1.0
21424,-1.0
21425,-1.0
21426,-1.0
21427,-1.0
21428,-1.0
21429,-1.0
21430,-1.0
21431,-1.0
21432,-1.0
21433,-1.0
21434,-1.0
21435,-1.0
21436,-1.0
21437,-1.0
21438,-1.0
21439,-1.0
21440,-1.0
21441,-1.0
21442,-1.0
21443,-1.0
21444,-1.0
21445,-1.0
21446,-1.0
21447,-1.0
21448,-1.0
21449,-1.0
21450,-1.0
21451,-1.0
21452,-1.0
21453,-1.0
21454,-1.0
21455,-1.0
21456,-1.0
21457,-1.0
21458,-1.0
21459,-1.0
21460,-1.0
21461,-1.0
21462,-1.0
21463,-1.0
21464,-1.0
21465,-1.0
21466,-1.0
21467,-1.0
21468,-1.0
21469,-1.0
21470,-1.0
21471,-1.0
21472,-1.0
21473,-1.0
21474,-1.0
21475,-1.0
21476,-1.0
21477,-1.0
21478,-1.0
21479,-1.0
21480,-1.0
21481,-1.0
21482,-1.0
21483,-1.0
21484,-1.0
21485,-1.0
21486,-1.0
21487,-1.0
21488,-1.0
21489,-1.0
21490,-1.0
21491,-1.0
21492,-1.0
21493,-1.0
21494,-1.0
21495,-1.0
21496,-1.0
21497,-1.0
21498,-1.0
21499,-1.0
21500,-1.0
21501,-1.0
21502,-1.0
21503,-1.0
21504,-1.0
21505,-1.0
21506,-1.0
21507,-1.0
21508,-1.0
21509,-1.0
21510,-1.0
21511,-1.0
21512,-1.0
21513,-1.0
21514,-1.0
21515,-1.0
21516,-1.0
21517,-1.0
21518,-1.0
21519,-1.0
21520,-1.0
21521,-1.0
21522,-1.0
21523,-1.0
21524,-1.0
21525,-1.0
21526,-1.0
21527,-1.0
21528,-1.0
21529,-1.0
21530,-1.0
21531,-1.0
21532,-1.0
21533,-1.0
21534,-1.0
21535,-1.0
21536,-1.0
21537,-1.0
21538,-1.0
21539,-1.0
21540,-1.0
21541,-1.0
21542,-1.0
21543,-1.0
21544,-1.0
21545,-1.0
21546,-1.0
21547,-1.0
21548,-1.0
21549,-1.0
21550,-1.0
21551,-1.0
21552,-1.0
21553,-1.0
21554,-1.0
21555,-1.0
21556,-1.0
21557,-1.0
21558,-1.0
21559,-1.0
21560,-1.0
21561,-1.0
21562,-1.0
21563,-1.0
21564,-1.0
21565,-1.0
21566,-1.0
21567,-1.0
21568,-1.0
21569,-1.0
21570,-1.0
21571,-1.0
21572,-1.0
21573,-1.0
21574,-1.0
21575,-1.0
21576,-1.0
21577,-1.0
21578,-1.0
21579,-1.0
21580,-1.0
21581,-1.0
21582,-1.0
21583,-1.0
21584,-1.0
21585,-1.0
21586,-1.0
21587,-1.0
21588,-1.0
21589,-1.0
21590,-1.0
21591,-1.0
21592,-1.0
21593,-1.0
21594,-1.0
21595,-1.0
21596,-1.0
21597,-1.0
21598,-1.0
21599,-1.0
21600,-1.0
21601,-1.0
21602,-1.0
21603,-1.0
21604,-1.0
21605,-1.0
21606,-1.0
21607,-1.0
21608,-1.0
21609,-1.0
21610,-1.0
21611,-1.0
21612,-1.0
21613,-1.0
21614,-1.0
21615,-1.0
21616,-1.0
21617,-1.0
21618,-1.0
21619,-1.0
21620,-1.0
21621,-1.0
21622,-1.0
21623,-1.0
21624,-1.0
21625,-1.0
21626,-1.0
21627,-1.0
21628,-1.0
21629,-1.0
21630,-1.0
21631,-1.0
21632,-1.0
21633,-1.0
21634,-1.0
21635,-1.0
21636,-1.0
21637,-1.0
21638,-1.0
21639,-1.0
21640,-1.0
21641,-1.0
21642,-1.0
21643,-1.0
21644,-1.0
21645,-1.0
21646,-1.0
21647,-1.0
21648,-1.0
21649,-1.0
21650,-1.0
21651,-1.0
21652,-1.0
21653,-1.0
21654,-1.0
21655,-1.0
21656,-1.0
21657,-1.0
21658,-1.0
21659,-1.0
21660,-1.0
21661,-1.0
21662,-1.0
21663,-1.0
21664,-1.0
21665,-1.0
21666,-1.0
21667,-1.0
21668,-1.0
21669,-1.0
21670,-1.0
21671,-1.0
21672,-1.0
21673,-1.0
21674,-1.0
21675,-1.0
21676,-1.0
21677,-1.0
21678,-1.0
21679,-1.0
21680,-1.0
21681,-1.0
21682,-1.0
21683,-1.0
21684,-1.0
21685,-1.0
21686,-1.0
21687,-1.0
21688,-1.0
21689,-1.0
21690,-1.0
21691,-1.0
21692,-1.0
21693,-1.0
21694,-1.0
21695,-1.0
21696,-1.0
21697,-1.0
21698,-1.0
21699,-1.0
21700,-1.0
21701,-1.0
21702,-1.0
21703,-1.0
21704,-1.0
21705,-1.0
21706,-1.0
21707,-1.0
21708,-1.0
21709,-1.0
21710,-1.0
21711,-1.0
21712,-1.0
21713,-1.0
21714,-1.0
21715,-1.0
21716,-1.0
21717,-1.0
21718,-1.0
21719,-1.0
21720,-1.0
21721,-1.0
21722,-1.0
21723,-1.0
21724,-1.0
21725,-1.0
21726,-1.0
21727,-1.0
21728,-1.0
21729,-1.0
21730,-1.0
21731,-1.0
21732,-1.0
21733,-1.0
21734,-1.0
21735,-1.0
21736,-1.0
21737,-1.0
21738,-1.0
21739,-1.0
21740,-1.0
21741,-1.0
21742,-1.0
21743,-1.0
21744,-1.0
21745,-1.0
21746,-1.0
21747,-1.0
21748,-1.0
21749,-1.0
21750,-1.0
21751,-1.0
21752,-1.0
21753,-1.0
21754,-1.0
21755,-1.0
21756,-1.0
21757,-1.0
21758,-1.0
21759,-1.0
21760,-1.0
21761,-1.0
21762,-1.0
21763,-1.0
21764,-1.0
21765,-1.0
21766,-1.0
21767,-1.0
21768,-1.0
21769,-1.0
21770,-1.0
21771,-1.0
21772,-1.0
21773,-1.0
21774,-1.0
21775,-1.0
21776,-1.0
21777,-1.0
21778,-1.0
21779,-1.0
21780,-1.0
21781,-1.0
21782,-1.0
21783,-1.0
21784,-1.0
21785,-1.0
21786,-1.0
21787,-1.0
21788,-1.0
21789,-1.0
21790,-1.0
21791,-1.0
21792,-1.0
21793,-1.0
21794,-1.0
21795,-1.0
21796,-1.0
21797,-1.0
21798,-1.0
21799,-1.0
21800,-1.0
21801,-1.0
21802,-1.0
21803,-1.0
21804,-1.0
21805,-1.0
21806,-1.0
21807,-1.0
21808,-1.0
21809,-1.0
21810,-1.0
21811,-1.0
21812,-1.0
21813,-1.0
21814,-1.0
21815,-1.0
21816,-1.0
21817,-1.0
21818,-1.0
21819,-1.0
21820,-1.0
21821,-1.0
21822,-1.0
21823,-1.0
21824,-1.0
21825,-1.0
21826,-1.0
21827,-1.0
21828,-1.0
21829,-1.0
21830,-1.0
21831,-1.0
21832,-1.0
21833,-1.0
21834,-1.0
21835,-1.0
21836,-1.0
21837,-1.0
21838,-1.0
21839,-1.0
21840,-1.0
21841,-1.0
21842,-1.0
21843,-1.0
21844,-1.0
21845,-1.0
21846,-1.0
21847,-1.0
21848,-1.0
21849,-1.0
21850,-1.0
21851,-1.0
21852,-1.0
21853,-1.0
21854,-1.0
21855,-1.0
21856,-1.0
21857,-1.0
21858,-1.0
21859,-1.0
21860,-1.0
21861,-1.0
21862,-1.0
21863,-1.0
21864,-1.0
21865,-1.0
21866,-1.0
21867,-1.0
21868,-1.0
21869,-1.0
21870,-1.0
21871,-1.0
21872,-1.0
21873,-1.0
21874,-1.0
21875,-1.0
21876,-1.0
21877,-1.0
21878,-1.0
21879,-1.0
21880,-1.0
21881,-1.0
21882,-1.0
21883,-1.0
21884,-1.0
21885,-1.0
21886,-1.0
21887,-1.0
21888,-1.0
21889,-1.0
21890,-1.0
21891,-1.0
21892,-1.0
21893,-1.0
21894,-1.0
21895,-1.0
21896,-1.0
21897,-1.0
21898,-1.0
21899,-1.0
21900,-1.0
21901,-1.0
21902,-1.0
21903,-1.0
21904,-1.0
21905,-1.0
21906,-1.0
21907,-1.0
21908,-1.0
21909,-1.0
21910,-1.0
21911,-1.0
21912,-1.0
21913,-1.0
21914,-1.0
21915,-1.0
21916,-1.0
21917,-1.0
21918,-1.0
21919,-1.0
21920,-1.0
21921,-1.0
21922,-1.0
21923,-1.0
21924,-1.0
21925,-1.0
21926,-1.0
21927,-1.0
21928,-1.0
21929,-1.0
21930,-1.0
21931,-1.0
21932,-1.0
21933,-1.0
21934,-1.0
21935,-1.0
21936,-1.0
21937,-1.0
21938,-1.0
21939,-1.0
21940,-1.0
21941,-1.0
21942,-1.0
21943,-1.0
21944,-1.0
21945,-1.0
21946,-1.0
21947,-1.0
21948,-1.0
21949,-1.0
21950,-1.0
21951,-1.0
21952,-1.0
21953,-1.0
21954,-1.0
21955,-1.0
21956,-1.0
21957,-1.0
21958,-1.0
21959,-1.0
21960,-1.0
21961,-1.0
21962,-1.0
21963,-1.0
21964,-1.0
21965,-1.0
21966,-1.0
21967,-1.0
21968,-1.0
21969,-1.0
21970,-1.0
21971,-1.0
21972,-1.0
21973,-1.0
21974,-1.0
21975,-1.0
21976,-1.0
21977,-1.0
21978,-1.0
21979,-1.0
21980,-1.0
21981,-1.0
21982,-1.0
21983,-1.0
21984,-1.0
21985,-1.0
21986,-1.0
21987,-1.0
21988,-1.0
21989,-1.0
21990,-1.0
21991,-1.0
21992,-1.0
21993,-1.0
21994,-1.0
21995,-1.0
21996,-1.0
21997,-1.0
21998,-1.0
21999,-1.0
22000,-1.0
22001,-1.0
22002,-1.0
22003,-1.0
22004,-1.0
22005,-1.0
22006,-1.0
22007,-1.0
22008,-1.0
22009,-1.0
22010,-1.0
22011,-1.0
22012,-1.0
22013,-1.0
22014,-1.0
22015,-1.0
22016,-1.0
22017,-1.0
22018,-1.0
22019,-1.0
22020,-1.0
22021,-1.0
22022,-1.0
22023,-1.0
22024,-1.0
22025,-1.0
22026,-1.0
22027,-1.0
22028,-1.0
22029,-1.0
22030,-1.0
22031,-1.0
22032,-1.0
22033,-1.0
22034,-1.0
22035,-1.0
22036,-1.0
22037,-1.0
22038,-1.0
22039,-1.0
22040,-1.0
22041,-1.0
22042,-1.0
22043,-1.0
22044,-1.0
22045,-1.0
22046,-1.0
22047,-1.0
22048,-1.0
22049,-1.0
22050,-1.0
22051,-1.0
22052,-1.0
22053,-1.0
22054,-1.0
22055,-1.0
22056,-1.0
22057,-1.0
22058,-1.0
22059,-1.0
22060,-1.0
22061,-1.0
22062,-1.0
22063,-1.0
22064,-1.0
22065,-1.0
22066,-1.0
22067,-1.0
22068,-1.0
22069,-1.0
22070,-1.0
22071,-1.0
22072,-1.0
22073,-1.0
22074,-1.0
22075,-1.0
22076,-1.0
22077,-1.0
22078,-1.0
22079,-1.0
22080,-1.0
22081,-1.0
22082,-1.0
22083,-1.0
22084,-1.0
22085,-1.0
22086,-1.0
22087,-1.0
22088,-1.0
22089,-1.0
22090,-1.0
22091,-1.0
22092,-1.0
22093,-1.0
22094,-1.0
22095,-1.0
22096,-1.0
22097,-1.0
22098,-1.0
22099,-1.0
22100,-1.0
22101,-1.0
22102,-1.0
22103,-1.0
22104,-1.0
22105,-1.0
22106,-1.0
22107,-1.0
22108,-1.0
22109,-1.0
22110,-1.0
22111,-1.0
22112,-1.0
22113,-1.0
22114,-1.0
22115,-1.0
22116,-1.0
22117,-1.0
22118,-1.0
22119,-1.0
22120,-1.0
22121,-1.0
22122,-1.0
22123,-1.0
22124,-1.0
22125,-1.0
22126,-1.0
22127,-1.0
22128,-1.0
22129,-1.0
22130,-1.0
22131,-1.0
22132,-1.0
22133,-1.0
22134,-1.0
22135,-1.0
22136,-1.0
22137,-1.0
22138,-1.0
22139,-1.0
22140,-1.0
22141,-1.0
22142,-1.0
22143,-1.0
22144,-1.0
22145,-1.0
22146,-1.0
22147,-1.0
22148,-1.0
22149,-1.0
22150,-1.0
22151,-1.0
22152,-1.0
22153,-1.0
22154,-1.0
22155,-1.0
22156,-1.0
22157,-1.0
22158,-1.0
22159,-1.0
22160,-1.0
22161,-1.0
22162,-1.0
22163,-1.0
22164,-1.0
22165,-1.0
22166,-1.0
22167,-1.0
22168,-1.0
22169,-1.0
22170,-1.0
22171,-1.0
22172,-1.0
22173,-1.0
22174,-1.0
22175,-1.0
22176,-1.0
22177,-1.0
22178,-1.0
22179,-1.0
22180,-1.0
22181,-1.0
22182,-1.0
22183,-1.0
22184,-1.0
22185,-1.0
22186,-1.0
22187,-1.0
22188,-1.0
22189,-1.0
22190,-1.0
22191,-1.0
22192,-1.0
22193,-1.0
22194,-1.0
22195,-1.0
22196,-1.0
22197,-1.0
22198,-1.0
22199,-1.0
22200,-1.0
22201,-1.0
22202,-1.0
22203,-1.0
22204,-1.0
22205,-1.0
22206,-1.0
22207,-1.0
22208,-1.0
22209,-1.0
22210,-1.0
22211,-1.0
22212,-1.0
22213,-1.0
22214,-1.0
22215,-1.0
22216,-1.0
22217,-1.0
22218,-1.0
22219,-1.0
22220,-1.0
22221,-1.0
22222,-1.0
22223,-1.0
22224,-1.0
22225,-1.0
22226,-1.0
22227,-1.0
22228,-1.0
22229,-1.0
22230,-1.0
22231,-1.0
22232,-1.0
22233,-1.0
22234,-1.0
22235,-1.0
22236,-1.0
22237,-1.0
22238,-1.0
22239,-1.0
22240,-1.0
22241,-1.0
22242,-1.0
22243,-1.0
22244,-1.0
22245,-1.0
22246,-1.0
22247,-1.0
22248,-1.0
22249,-1.0
22250,-1.0
22251,-1.0
22252,-1.0
22253,-1.0
22254,-1.0
22255,-1.0
22256,-1.0
22257,-1.0
22258,-1.0
22259,-1.0
22260,-1.0
22261,-1.0
22262,-1.0
22263,-1.0
22264,-1.0
22265,-1.0
22266,-1.0
22267,-1.0
22268,-1.0
22269,-1.0
22270,-1.0
22271,-1.0
22272,-1.0
22273,-1.0
22274,-1.0
22275,-1.0
22276,-1.0
22277,-1.0
22278,-1.0
22279,-1.0
22280,-1.0
22281,-1.0
22282,-1.0
22283,-1.0
22284,-1.0
22285,-1.0
22286,-1.0
22287,-1.0
22288,-1.0
22289,-1.0
22290,-1.0
22291,-1.0
22292,-1.0
22293,-1.0
22294,-1.0
22295,-1.0
22296,-1.0
22297,-1.0
22298,-1.0
22299,-1.0
22300,-1.0
22301,-1.0
22302,-1.0
22303,-1.0
22304,-1.0
22305,-1.0
22306,-1.0
22307,-1.0
22308,-1.0
22309,-1.0
22310,-1.0
22311,-1.0
22312,-1.0
22313,-1.0
22314,-1.0
22315,-1.0
22316,-1.0
22317,-1.0
22318,-1.0
22319,-1.0
22320,-1.0
22321,-1.0
22322,-1.0
22323,-1.0
22324,-1.0
22325,-1.0
22326,-1.0
22327,-1.0
22328,-1.0
22329,-1.0
22330,-1.0
22331,-1.0
22332,-1.0
22333,-1.0
22334,-1.0
22335,-1.0
22336,-1.0
22337,-1.0
22338,-1.0
22339,-1.0
22340,-1.0
22341,-1.0
22342,-1.0
22343,-1.0
22344,-1.0
22345,-1.0
22346,-1.0
22347,-1.0
22348,-1.0
22349,-1.0
22350,-1.0
22351,-1.0
22352,-1.0
22353,-1.0
22354,-1.0
22355,-1.0
22356,-1.0
22357,-1.0
22358,-1.0
22359,-1.0
22360,-1.0
22361,-1.0
22362,-1.0
22363,-1.0
22364,-1.0
22365,-1.0
22366,-1.0
22367,-1.0
22368,-1.0
22369,-1.0
22370,-1.0
22371,-1.0
22372,-1.0
22373,-1.0
22374,-1.0
22375,-1.0
22376,-1.0
22377,-1.0
22378,-1.0
22379,-1.0
22380,-1.0
22381,-1.0
22382,-1.0
22383,-1.0
22384,-1.0
22385,-1.0
22386,-1.0
22387,-1.0
22388,-1.0
22389,-1.0
22390,-1.0
22391,-1.0
22392,-1.0
22393,-1.0
22394,-1.0
22395,-1.0
22396,-1.0
22397,-1.0
22398,-1.0
22399,-1.0
22400,-1.0
22401,-1.0
22402,-1.0
22403,-1.0
22404,-1.0
22405,-1.0
22406,-1.0
22407,-1.0
22408,-1.0
22409,-1.0
22410,-1.0
22411,-1.0
22412,-1.0
22413,-1.0
22414,-1.0
22415,-1.0
22416,-1.0
22417,-1.0
22418,-1.0
22419,-1.0
22420,-1.0
22421,-1.0
22422,-1.0
22423,-1.0
22424,-1.0
22425,-1.0
22426,-1.0
22427,-1.0
22428,-1.0
22429,-1.0
22430,-1.0
22431,-1.0
22432,-1.0
22433,-1.0
22434,-1.0
22435,-1.0
22436,-1.0
22437,-1.0
22438,-1.0
22439,-1.0
22440,-1.0
22441,-1.0
22442,-1.0
22443,-1.0
22444,-1.0
22445,-1.0
22446,-1.0
22447,-1.0
22448,-1.0
22449,-1.0
22450,-1.0
22451,-1.0
22452,-1.0
22453,-1.0
22454,-1.0
22455,-1.0
22456,-1.0
22457,-1.0
22458,-1.0
22459,-1.0
22460,-1.0
22461,-1.0
22462,-1.0
22463,-1.0
22464,-1.0
22465,-1.0
22466,-1.0
22467,-1.0
22468,-1.0
22469,-1.0
22470,-1.0
22471,-1.0
22472,-1.0
22473,-1.0
22474,-1.0
22475,-1.0
22476,-1.0
22477,-1.0
22478,-1.0
22479,-1.0
22480,-1.0
22481,-1.0
22482,-1.0
22483,-1.0
22484,-1.0
22485,-1.0
22486,-1.0
22487,-1.0
22488,-1.0
22489,-1.0
22490,-1.0
22491,-1.0
22492,-1.0
22493,-1.0
22494,-1.0
22495,-1.0
22496,-1.0
22497,-1.0
22498,-1.0
22499,-1.0
22500,-1.0
22501,-1.0
22502,-1.0
22503,-1.0
22504,-1.0
22505,-1.0
22506,-1.0
22507,-1.0
22508,-1.0
22509,-1.0
22510,-1.0
22511,-1.0
22512,-1.0
22513,-1.0
22514,-1.0
22515,-1.0
22516,-1.0
22517,-1.0
22518,-1.0
22519,-1.0
22520,-1.0
22521,-1.0
22522,-1.0
22523,-1.0
22524,-1.0
22525,-1.0
22526,-1.0
22527,-1.0
22528,-1.0
22529,-1.0
22530,-1.0
22531,-1.0
22532,-1.0
22533,-1.0
22534,-1.0
22535,-1.0
22536,-1.0
22537,-1.0
22538,-1.0
22539,-1.0
22540,-1.0
22541,-1.0
22542,-1.0
22543,-1.0
22544,-1.0
22545,-1.0
22546,-1.0
22547,-1.0
22548,-1.0
22549,-1.0
22550,-1.0
22551,-1.0
22552,-1.0
22553,-1.0
22554,-1.0
22555,-1.0
22556,-1.0
22557,-1.0
22558,-1.0
22559,-1.0
22560,-1.0
22561,-1.0
22562,-1.0
22563,-1.0
22564,-1.0
22565,-1.0
22566,-1.0
22567,-1.0
22568,-1.0
22569,-1.0
22570,-1.0
22571,-1.0
22572,-1.0
22573,-1.0
22574,-1.0
22575,-1.0
22576,-1.0
22577,-1.0
22578,-1.0
22579,-1.0
22580,-1.0
22581,-1.0
22582,-1.0
22583,-1.0
22584,-1.0
22585,-1.0
22586,-1.0
22587,-1.0
22588,-1.0
22589,-1.0
22590,-1.0
22591,-1.0
22592,-1.0
22593,-1.0
22594,-1.0
22595,-1.0
22596,-1.0
22597,-1.0
22598,-1.0
22599,-1.0
22600,-1.0
22601,-1.0
22602,-1.0
22603,-1.0
22604,-1.0
22605,-1.0
22606,-1.0
22607,-1.0
22608,-1.0
22609,-1.0
22610,-1.0
22611,-1.0
22612,-1.0
22613,-1.0
22614,-1.0
22615,-1.0
22616,-1.0
22617,-1.0
22618,-1.0
22619,-1.0
22620,-1.0
22621,-1.0
22622,-1.0
22623,-1.0
22624,-1.0
22625,-1.0
22626,-1.0
22627,-1.0
22628,-1.0
22629,-1.0
22630,-1.0
22631,-1.0
22632,-1.0
22633,-1.0
22634,-1.0
22635,-1.0
22636,-1.0
22637,-1.0
22638,-1.0
22639,-1.0
22640,-1.0
22641,-1.0
22642,-1.0
22643,-1.0
22644,-1.0
22645,-1.0
22646,-1.0
22647,-1.0
22648,-1.0
22649,-1.0
22650,-1.0
22651,-1.0
22652,-1.0
22653,-1.0
22654,-1.0
22655,-1.0
22656,-1.0
22657,-1.0
22658,-1.0
22659,-1.0
22660,-1.0
22661,-1.0
22662,-1.0
22663,-1.0
22664,-1.0
22665,-1.0
22666,-1.0
22667,-1.0
22668,-1.0
22669,-1.0
22670,-1.0
22671,-1.0
22672,-1.0
22673,-1.0
22674,-1.0
22675,-1.0
22676,-1.0
22677,-1.0
22678,-1.0
22679,-1.0
22680,-1.0
22681,-1.0
22682,-1.0
22683,-1.0
22684,-1.0
22685,-1.0
22686,-1.0
22687,-1.0
22688,-1.0
22689,-1.0
22690,-1.0
22691,-1.0
22692,-1.0
22693,-1.0
22694,-1.0
22695,-1.0
22696,-1.0
22697,-1.0
22698,-1.0
22699,-1.0
22700,-1.0
22701,-1.0
22702,-1.0
22703,-1.0
22704,-1.0
22705,-1.0
22706,-1.0
22707,-1.0
22708,-1.0
22709,-1.0
22710,-1.0
22711,-1.0
22712,-1.0
22713,-1.0
22714,-1.0
22715,-1.0
22716,-1.0
22717,-1.0
22718,-1.0
22719,-1.0
22720,-1.0
22721,-1.0
22722,-1.0
22723,-1.0
22724,-1.0
22725,-1.0
22726,-1.0
22727,-1.0
22728,-1.0
22729,-1.0
22730,-1.0
22731,-1.0
22732,-1.0
22733,-1.0
22734,-1.0
22735,-1.0
22736,-1.0
22737,-1.0
22738,-1.0
22739,-1.0
22740,-1.0
22741,-1.0
22742,-1.0
22743,-1.0
22744,-1.0
22745,-1.0
22746,-1.0
22747,-1.0
22748,-1.0
22749,-1.0
22750,-1.0
22751,-1.0
22752,-1.0
22753,-1.0
22754,-1.0
22755,-1.0
22756,-1.0
22757,-1.0
22758,-1.0
22759,-1.0
22760,-1.0
22761,-1.0
22762,-1.0
22763,-1.0
22764,-1.0
22765,-1.0
22766,-1.0
22767,-1.0
22768,-1.0
22769,-1.0
22770,-1.0
22771,-1.0
22772,-1.0
22773,-1.0
22774,-1.0
22775,-1.0
22776,-1.0
22777,-1.0
22778,-1.0
22779,-1.0
22780,-1.0
22781,-1.0
22782,-1.0
22783,-1.0
22784,-1.0
22785,-1.0
22786,-1.0
22787,-1.0
22788,-1.0
22789,-1.0
22790,-1.0
22791,-1.0
22792,-1.0
22793,-1.0
22794,-1.0
22795,-1.0
22796,-1.0
22797,-1.0
22798,-1.0
22799,-1.0
22800,-1.0
22801,-1.0
22802,-1.0
22803,-1.0
22804,-1.0
22805,-1.0
22806,-1.0
22807,-1.0
22808,-1.0
22809,-1.0
22810,-1.0
22811,-1.0
22812,-1.0
22813,-1.0
22814,-1.0
22815,-1.0
22816,-1.0
22817,-1.0
22818,-1.0
22819,-1.0
22820,-1.0
22821,-1.0
22822,-1.0
22823,-1.0
22824,-1.0
22825,-1.0
22826,-1.0
22827,-1.0
22828,-1.0
22829,-1.0
22830,-1.0
22831,-1.0
22832,-1.0
22833,-1.0
22834,-1.0
22835,-1.0
22836,-1.0
22837,-1.0
22838,-1.0
22839,-1.0
22840,-1.0
22841,-1.0
22842,-1.0
22843,-1.0
22844,-1.0
22845,-1.0
22846,-1.0
22847,-1.0
22848,-1.0
22849,-1.0
22850,-1.0
22851,-1.0
22852,-1.0
22853,-1.0
22854,-1.0
22855,-1.0
22856,-1.0
22857,-1.0
22858,-1.0
22859,-1.0
22860,-1.0
22861,-1.0
22862,-1.0
22863,-1.0
22864,-1.0
22865,-1.0
22866,-1.0
22867,-1.0
22868,-1.0
22869,-1.0
22870,-1.0
22871,-1.0
22872,-1.0
22873,-1.0
22874,-1.0
22875,-1.0
22876,-1.0
22877,-1.0
22878,-1.0
22879,-1.0
22880,-1.0
22881,-1.0
22882,-1.0
22883,-1.0
22884,-1.0
22885,-1.0
22886,-1.0
22887,-1.0
22888,-1.0
22889,-1.0
22890,-1.0
22891,-1.0
22892,-1.0
22893,-1.0
22894,-1.0
22895,-1.0
22896,-1.0
22897,-1.0
22898,-1.0
22899,-1.0
22900,-1.0
22901,-1.0
22902,-1.0
22903,-1.0
22904,-1.0
22905,-1.0
22906,-1.0
22907,-1.0
22908,-1.0
22909,-1.0
22910,-1.0
22911,-1.0
22912,-1.0
22913,-1.0
22914,-1.0
22915,-1.0
22916,-1.0
22917,-1.0
22918,-1.0
22919,-1.0
22920,-1.0
22921,-1.0
22922,-1.0
22923,-1.0
22924,-1.0
22925,-1.0
22926,-1.0
22927,-1.0
22928,-1.0
22929,-1.0
22930,-1.0
22931,-1.0
22932,-1.0
22933,-1.0
22934,-1.0
22935,-1.0
22936,-1.0
22937,-1.0
22938,-1.0
22939,-1.0
22940,-1.0
22941,-1.0
22942,-1.0
22943,-1.0
22944,-1.0
22945,-1.0
22946,-1.0
22947,-1.0
22948,-1.0
22949,-1.0
22950,-1.0
22951,-1.0
22952,-1.0
22953,-1.0
22954,-1.0
22955,-1.0
22956,-1.0
22957,-1.0
22958,-1.0
22959,-1.0
22960,-1.0
22961,-1.0
22962,-1.0
22963,-1.0
22964,-1.0
22965,-1.0
22966,-1.0
22967,-1.0
22968,-1.0
22969,-1.0
22970,-1.0
22971,-1.0
22972,-1.0
22973,-1.0
22974,-1.0
22975,-1.0
22976,-1.0
22977,-1.0
22978,-1.0
22979,-1.0
22980,-1.0
22981,-1.0
22982,-1.0
22983,-1.0
22984,-1.0
22985,-1.0
22986,-1.0
22987,-1.0
22988,-1.0
22989,-1.0
22990,-1.0
22991,-1.0
22992,-1.0
22993,-1.0
22994,-1.0
22995,-1.0
22996,-1.0
22997,-1.0
22998,-1.0
22999,-1.0
23000,-1.0
23001,-1.0
23002,-1.0
23003,-1.0
23004,-1.0
23005,-1.0
23006,-1.0
23007,-1.0
23008,-1.0
23009,-1.0
23010,-1.0
23011,-1.0
23012,-1.0
23013,-1.0
23014,-1.0
23015,-1.0
23016,-1.0
23017,-1.0
23018,-1.0
23019,-1.0
23020,-1.0
23021,-1.0
23022,-1.0
23023,-1.0
23024,-1.0
23025,-1.0
23026,-1.0
23027,-1.0
23028,-1.0
23029,-1.0
23030,-1.0
23031,-1.0
23032,-1.0
23033,-1.0
23034,-1.0
23035,-1.0
23036,-1.0
23037,-1.0
23038,-1.0
23039,-1.0
23040,-1.0
23041,-1.0
23042,-1.0
23043,-1.0
23044,-1.0
23045,-1.0
23046,-1.0
23047,-1.0
23048,-1.0
23049,-1.0
23050,-1.0
23051,-1.0
23052,-1.0
23053,-1.0
23054,-1.0
23055,-1.0
23056,-1.0
23057,-1.0
23058,-1.0
23059,-1.0
23060,-1.0
23061,-1.0
23062,-1.0
23063,-1.0
23064,-1.0
23065,-1.0
23066,-1.0
23067,-1.0
23068,-1.0
23069,-1.0
23070,-1.0
23071,-1.0
23072,-1.0
23073,-1.0
23074,-1.0
23075,-1.0
23076,-1.0
23077,-1.0
23078,-1.0
23079,-1.0
23080,-1.0
23081,-1.0
23082,-1.0
23083,-1.0
23084,-1.0
23085,-1.0
23086,-1.0
23087,-1.0
23088,-1.0
23089,-1.0
23090,-1.0
23091,-1.0
23092,-1.0
23093,-1.0
23094,-1.0
23095,-1.0
23096,-1.0
23097,-1.0
23098,-1.0
23099,-1.0
23100,-1.0
23101,-1.0
23102,-1.0
23103,-1.0
23104,-1.0
23105,-1.0
23106,-1.0
23107,-1.0
23108,-1.0
23109,-1.0
23110,-1.0
23111,-1.0
23112,-1.0
23113,-1.0
23114,-1.0
23115,-1.0
23116,-1.0
23117,-1.0
23118,-1.0
23119,-1.0
23120,-1.0
23121,-1.0
23122,-1.0
23123,-1.0
23124,-1.0
23125,-1.0
23126,-1.0
23127,-1.0
23128,-1.0
23129,-1.0
23130,-1.0
23131,-1.0
23132,-1.0
23133,-1.0
23134,-1.0
23135,-1.0
23136,-1.0
23137,-1.0
23138,-1.0
23139,-1.0
23140,-1.0
23141,-1.0
23142,-1.0
23143,-1.0
23144,-1.0
23145,-1.0
23146,-1.0
23147,-1.0
23148,-1.0
23149,-1.0
23150,-1.0
23151,-1.0
23152,-1.0
23153,-1.0
23154,-1.0
23155,-1.0
23156,-1.0
23157,-1.0
23158,-1.0
23159,-1.0
23160,-1.0
23161,-1.0
23162,-1.0
23163,-1.0
23164,-1.0
23165,-1.0
23166,-1.0
23167,-1.0
23168,-1.0
23169,-1.0
23170,-1.0
23171,-1.0
23172,-1.0
23173,-1.0
23174,-1.0
23175,-1.0
23176,-1.0
23177,-1.0
23178,-1.0
23179,-1.0
23180,-1.0
23181,-1.0
23182,-1.0
23183,-1.0
23184,-1.0
23185,-1.0
23186,-1.0
23187,-1.0
23188,-1.0
23189,-1.0
23190,-1.0
23191,-1.0
23192,-1.0
23193,-1.0
23194,-1.0
23195,-1.0
23196,-1.0
23197,-1.0
23198,-1.0
23199,-1.0
23200,-1.0
23201,-1.0
23202,-1.0
23203,-1.0
23204,-1.0
23205,-1.0
23206,-1.0
23207,-1.0
23208,-1.0
23209,-1.0
23210,-1.0
23211,-1.0
23212,-1.0
23213,-1.0
23214,-1.0
23215,-1.0
23216,-1.0
23217,-1.0
23218,-1.0
23219,-1.0
23220,-1.0
23221,-1.0
23222,-1.0
23223,-1.0
23224,-1.0
23225,-1.0
23226,-1.0
23227,-1.0
23228,-1.0
23229,-1.0
23230,-1.0
23231,-1.0
23232,-1.0
23233,-1.0
23234,-1.0
23235,-1.0
23236,-1.0
23237,-1.0
23238,-1.0
23239,-1.0
23240,-1.0
23241,-1.0
23242,-1.0
23243,-1.0
23244,-1.0
23245,-1.0
23246,-1.0
23247,-1.0
23248,-1.0
23249,-1.0
23250,-1.0
23251,-1.0
23252,-1.0
23253,-1.0
23254,-1.0
23255,-1.0
23256,-1.0
23257,-1.0
23258,-1.0
23259,-1.0
23260,-1.0
23261,-1.0
23262,-1.0
23263,-1.0
23264,-1.0
23265,-1.0
23266,-1.0
23267,-1.0
23268,-1.0
23269,-1.0
23270,-1.0
23271,-1.0
23272,-1.0
23273,-1.0
23274,-1.0
23275,-1.0
23276,-1.0
23277,-1.0
23278,-1.0
23279,-1.0
23280,-1.0
23281,-1.0
23282,-1.0
23283,-1.0
23284,-1.0
23285,-1.0
23286,-1.0
23287,-1.0
23288,-1.0
23289,-1.0
23290,-1.0
23291,-1.0
23292,-1.0
23293,-1.0
23294,-1.0
23295,-1.0
23296,-1.0
23297,-1.0
23298,-1.0
23299,-1.0
23300,-1.0
23301,-1.0
23302,-1.0
23303,-1.0
23304,-1.0
23305,-1.0
23306,-1.0
23307,-1.0
23308,-1.0
23309,-1.0
23310,-1.0
23311,-1.0
23312,-1.0
23313,-1.0
23314,-1.0
23315,-1.0
23316,-1.0
23317,-1.0
23318,-1.0
23319,-1.0
23320,-1.0
23321,-1.0
23322,-1.0
23323,-1.0
23324,-1.0
23325,-1.0
23326,-1.0
23327,-1.0
23328,-1.0
23329,-1.0
23330,-1.0
23331,-1.0
23332,-1.0
23333,-1.0
23334,-1.0
23335,-1.0
23336,-1.0
23337,-1.0
23338,-1.0
23339,-1.0
23340,-1.0
23341,-1.0
23342,-1.0
23343,-1.0
23344,-1.0
23345,-1.0
23346,-1.0
23347,-1.0
23348,-1.0
23349,-1.0
23350,-1.0
23351,-1.0
23352,-1.0
23353,-1.0
23354,-1.0
23355,-1.0
23356,-1.0
23357,-1.0
23358,-1.0
23359,-1.0
23360,-1.0
23361,-1.0
23362,-1.0
23363,-1.0
23364,-1.0
23365,-1.0
23366,-1.0
23367,-1.0
23368,-1.0
23369,-1.0
23370,-1.0
23371,-1.0
23372,-1.0
23373,-1.0
23374,-1.0
23375,-1.0
23376,-1.0
23377,-1.0
23378,-1.0
23379,-1.0
23380,-1.0
23381,-1.0
23382,-1.0
23383,-1.0
23384,-1.0
23385,-1.0
23386,-1.0
23387,-1.0
23388,-1.0
23389,-1.0
23390,-1.0
23391,-1.0
23392,-1.0
23393,-1.0
23394,-1.0
23395,-1.0
23396,-1.0
23397,-1.0
23398,-1.0
23399,-1.0
23400,-1.0
23401,-1.0
23402,-1.0
23403,-1.0
23404,-1.0
23405,-1.0
23406,-1.0
23407,-1.0
23408,-1.0
23409,-1.0
23410,-1.0
23411,-1.0
23412,-1.0
23413,-1.0
23414,-1.0
23415,-1.0
23416,-1.0
23417,-1.0
23418,-1.0
23419,-1.0
23420,-1.0
23421,-1.0
23422,-1.0
23423,-1.0
23424,-1.0
23425,-1.0
23426,-1.0
23427,-1.0
23428,-1.0
23429,-1.0
23430,-1.0
23431,-1.0
23432,-1.0
23433,-1.0
23434,-1.0
23435,-1.0
23436,-1.0
23437,-1.0
23438,-1.0
23439,-1.0
23440,-1.0
23441,-1.0
23442,-1.0
23443,-1.0
23444,-1.0
23445,-1.0
23446,-1.0
23447,-1.0
23448,-1.0
23449,-1.0
23450,-1.0
23451,-1.0
23452,-1.0
23453,-1.0
23454,-1.0
23455,-1.0
23456,-1.0
23457,-1.0
23458,-1.0
23459,-1.0
23460,-1.0
23461,-1.0
23462,-1.0
23463,-1.0
23464,-1.0
23465,-1.0
23466,-1.0
23467,-1.0
23468,-1.0
23469,-1.0
23470,-1.0
23471,-1.0
23472,-1.0
23473,-1.0
23474,-1.0
23475,-1.0
23476,-1.0
23477,-1.0
23478,-1.0
23479,-1.0
23480,-1.0
23481,-1.0
23482,-1.0
23483,-1.0
23484,-1.0
23485,-1.0
23486,-1.0
23487,-1.0
23488,-1.0
23489,-1.0
23490,-1.0
23491,-1.0
23492,-1.0
23493,-1.0
23494,-1.0
23495,-1.0
23496,-1.0
23497,-1.0
23498,-1.0
23499,-1.0
23500,-1.0
23501,-1.0
23502,-1.0
23503,-1.0
23504,-1.0
23505,-1.0
23506,-1.0
23507,-1.0
23508,-1.0
23509,-1.0
23510,-1.0
23511,-1.0
23512,-1.0
23513,-1.0
23514,-1.0
23515,-1.0
23516,-1.0
23517,-1.0
23518,-1.0
23519,-1.0
23520,-1.0
23521,-1.0
23522,-1.0
23523,-1.0
23524,-1.0
23525,-1.0
23526,-1.0
23527,-1.0
23528,-1.0
23529,-1.0
23530,-1.0
23531,-1.0
23532,-1.0
23533,-1.0
23534,-1.0
23535,-1.0
23536,-1.0
23537,-1.0
23538,-1.0
23539,-1.0
23540,-1.0
23541,-1.0
23542,-1.0
23543,-1.0
23544,-1.0
23545,-1.0
23546,-1.0
23547,-1.0
23548,-1.0
23549,-1.0
23550,-1.0
23551,-1.0
23552,-1.0
23553,-1.0
23554,-1.0
23555,-1.0
23556,-1.0
23557,-1.0
23558,-1.0
23559,-1.0
23560,-1.0
23561,-1.0
23562,-1.0
23563,-1.0
23564,-1.0
23565,-1.0
23566,-1.0
23567,-1.0
23568,-1.0
23569,-1.0
23570,-1.0
23571,-1.0
23572,-1.0
23573,-1.0
23574,-1.0
23575,-1.0
23576,-1.0
23577,-1.0
23578,-1.0
23579,-1.0
23580,-1.0
23581,-1.0
23582,-1.0
23583,-1.0
23584,-1.0
23585,-1.0
23586,-1.0
23587,-1.0
23588,-1.0
23589,-1.0
23590,-1.0
23591,-1.0
23592,-1.0
23593,-1.0
23594,-1.0
23595,-1.0
23596,-1.0
23597,-1.0
23598,-1.0
23599,-1.0
23600,-1.0
23601,-1.0
23602,-1.0
23603,-1.0
23604,-1.0
23605,-1.0
23606,-1.0
23607,-1.0
23608,-1.0
23609,-1.0
23610,-1.0
23611,-1.0
23612,-1.0
23613,-1.0
23614,-1.0
23615,-1.0
23616,-1.0
23617,-1.0
23618,-1.0
23619,-1.0
23620,-1.0
23621,-1.0
23622,-1.0
23623,-1.0
23624,-1.0
23625,-1.0
23626,-1.0
23627,-1.0
23628,-1.0
23629,-1.0
23630,-1.0
23631,-1.0
23632,-1.0
23633,-1.0
23634,-1.0
23635,-1.0
23636,-1.0
23637,-1.0
23638,-1.0
23639,-1.0
23640,-1.0
23641,-1.0
23642,-1.0
23643,-1.0
23644,-1.0
23645,-1.0
23646,-1.0
23647,-1.0
23648,-1.0
23649,-1.0
23650,-1.0
23651,-1.0
23652,-1.0
23653,-1.0
23654,-1.0
23655,-1.0
23656,-1.0
23657,-1.0
23658,-1.0
23659,-1.0
23660,-1.0
23661,-1.0
23662,-1.0
23663,-1.0
23664,-1.0
23665,-1.0
23666,-1.0
23667,-1.0
23668,-1.0
23669,-1.0
23670,-1.0
23671,-1.0
23672,-1.0
23673,-1.0
23674,-1.0
23675,-1.0
23676,-1.0
23677,-1.0
23678,-1.0
23679,-1.0
23680,-1.0
23681,-1.0
23682,-1.0
23683,-1.0
23684,-1.0
23685,-1.0
23686,-1.0
23687,-1.0
23688,-1.0
23689,-1.0
23690,-1.0
23691,-1.0
23692,-1.0
23693,-1.0
23694,-1.0
23695,-1.0
23696,-1.0
23697,-1.0
23698,-1.0
23699,-1.0
23700,-1.0
23701,-1.0
23702,-1.0
23703,-1.0
23704,-1.0
23705,-1.0
23706,-1.0
23707,-1.0
23708,-1.0
23709,-1.0
23710,-1.0
23711,-1.0
23712,-1.0
23713,-1.0
23714,-1.0
23715,-1.0
23716,-1.0
23717,-1.0
23718,-1.0
23719,-1.0
23720,-1.0
23721,-1.0
23722,-1.0
23723,-1.0
23724,-1.0
23725,-1.0
23726,-1.0
23727,-1.0
23728,-1.0
23729,-1.0
23730,-1.0
23731,-1.0
23732,-1.0
23733,-1.0
23734,-1.0
23735,-1.0
23736,-1.0
23737,-1.0
23738,-1.0
23739,-1.0
23740,-1.0
23741,-1.0
23742,-1.0
23743,-1.0
23744,-1.0
23745,-1.0
23746,-1.0
23747,-1.0
23748,-1.0
23749,-1.0
23750,-1.0
23751,-1.0
23752,-1.0
23753,-1.0
23754,-1.0
23755,-1.0
23756,-1.0
23757,-1.0
23758,-1.0
23759,-1.0
23760,-1.0
23761,-1.0
23762,-1.0
23763,-1.0
23764,-1.0
23765,-1.0
23766,-1.0
23767,-1.0
23768,-1.0
23769,-1.0
23770,-1.0
23771,-1.0
23772,-1.0
23773,-1.0
23774,-1.0
23775,-1.0
23776,-1.0
23777,-1.0
23778,-1.0
23779,-1.0
23780,-1.0
23781,-1.0
23782,-1.0
23783,-1.0
23784,-1.0
23785,-1.0
23786,-1.0
23787,-1.0
23788,-1.0
23789,-1.0
23790,-1.0
23791,-1.0
23792,-1.0
23793,-1.0
23794,-1.0
23795,-1.0
23796,-1.0
23797,-1.0
23798,-1.0
23799,-1.0
23800,-1.0
23801,-1.0
23802,-1.0
23803,-1.0
23804,-1.0
23805,-1.0
23806,-1.0
23807,-1.0
23808,-1.0
23809,-1.0
23810,-1.0
23811,-1.0
23812,-1.0
23813,-1.0
23814,-1.0
23815,-1.0
23816,-1.0
23817,-1.0
23818,-1.0
23819,-1.0
23820,-1.0
23821,-1.0
23822,-1.0
23823,-1.0
23824,-1.0
23825,-1.0
23826,-1.0
23827,-1.0
23828,-1.0
23829,-1.0
23830,-1.0
23831,-1.0
23832,-1.0
23833,-1.0
23834,-1.0
23835,-1.0
23836,-1.0
23837,-1.0
23838,-1.0
23839,-1.0
23840,-1.0
23841,-1.0
23842,-1.0
23843,-1.0
23844,-1.0
23845,-1.0
23846,-1.0
23847,-1.0
23848,-1.0
23849,-1.0
23850,-1.0
23851,-1.0
23852,-1.0
23853,-1.0
23854,-1.0
23855,-1.0
23856,-1.0
23857,-1.0
23858,-1.0
23859,-1.0
23860,-1.0
23861,-1.0
23862,-1.0
23863,-1.0
23864,-1.0
23865,-1.0
23866,-1.0
23867,-1.0
23868,-1.0
23869,-1.0
23870,-1.0
23871,-1.0
23872,-1.0
23873,-1.0
23874,-1.0
23875,-1.0
23876,-1.0
23877,-1.0
23878,-1.0
23879,-1.0
23880,-1.0
23881,-1.0
23882,-1.0
23883,-1.0
23884,-1.0
23885,-1.0
23886,-1.0
23887,-1.0
23888,-1.0
23889,-1.0
23890,-1.0
23891,-1.0
23892,-1.0
23893,-1.0
23894,-1.0
23895,-1.0
23896,-1.0
23897,-1.0
23898,-1.0
23899,-1.0
23900,-1.0
23901,-1.0
23902,-1.0
23903,-1.0
23904,-1.0
23905,-1.0
23906,-1.0
23907,-1.0
23908,-1.0
23909,-1.0
23910,-1.0
23911,-1.0
23912,-1.0
23913,-1.0
23914,-1.0
23915,-1.0
23916,-1.0
23917,-1.0
23918,-1.0
23919,-1.0
23920,-1.0
23921,-1.0
23922,-1.0
23923,-1.0
23924,-1.0
23925,-1.0
23926,-1.0
23927,-1.0
23928,-1.0
23929,-1.0
23930,-1.0
23931,-1.0
23932,-1.0
23933,-1.0
23934,-1.0
23935,-1.0
23936,-1.0
23937,-1.0
23938,-1.0
23939,-1.0
23940,-1.0
23941,-1.0
23942,-1.0
23943,-1.0
23944,-1.0
23945,-1.0
23946,-1.0
23947,-1.0
23948,-1.0
23949,-1.0
23950,-1.0
23951,-1.0
23952,-1.0
23953,-1.0
23954,-1.0
23955,-1.0
23956,-1.0
23957,-1.0
23958,-1.0
23959,-1.0
23960,-1.0
23961,-1.0
23962,-1.0
23963,-1.0
23964,-1.0
23965,-1.0
23966,-1.0
23967,-1.0
23968,-1.0
23969,-1.0
23970,-1.0
23971,-1.0
23972,-1.0
23973,-1.0
23974,-1.0
23975,-1.0
23976,-1.0
23977,-1.0
23978,-1.0
23979,-1.0
23980,-1.0
23981,-1.0
23982,-1.0
23983,-1.0
23984,-1.0
23985,-1.0
23986,-1.0
23987,-1.0
23988,-1.0
23989,-1.0
23990,-1.0
23991,-1.0
23992,-1.0
23993,-1.0
23994,-1.0
23995,-1.0
23996,-1.0
23997,-1.0
23998,-1.0
23999,-1.0
24000,-1.0
24001,-1.0
24002,-1.0
24003,-1.0
24004,-1.0
24005,-1.0
24006,-1.0
24007,-1.0
24008,-1.0
24009,-1.0
24010,-1.0
24011,-1.0
24012,-1.0
24013,-1.0
24014,-1.0
24015,-1.0
24016,-1.0
24017,-1.0
24018,-1.0
24019,-1.0
24020,-1.0
24021,-1.0
24022,-1.0
24023,-1.0
24024,-1.0
24025,-1.0
24026,-1.0
24027,-1.0
24028,-1.0
24029,-1.0
24030,-1.0
24031,-1.0
24032,-1.0
24033,-1.0
24034,-1.0
24035,-1.0
24036,-1.0
24037,-1.0
24038,-1.0
24039,-1.0
24040,-1.0
24041,-1.0
24042,-1.0
24043,-1.0
24044,-1.0
24045,-1.0
24046,-1.0
24047,-1.0
24048,-1.0
24049,-1.0
24050,-1.0
24051,-1.0
24052,-1.0
24053,-1.0
24054,-1.0
24055,-1.0
24056,-1.0
24057,-1.0
24058,-1.0
24059,-1.0
24060,-1.0
24061,-1.0
24062,-1.0
24063,-1.0
24064,-1.0
24065,-1.0
24066,-1.0
24067,-1.0
24068,-1.0
24069,-1.0
24070,-1.0
24071,-1.0
24072,-1.0
24073,-1.0
24074,-1.0
24075,-1.0
24076,-1.0
24077,-1.0
24078,-1.0
24079,-1.0
24080,-1.0
24081,-1.0
24082,-1.0
24083,-1.0
24084,-1.0
24085,-1.0
24086,-1.0
24087,-1.0
24088,-1.0
24089,-1.0
24090,-1.0
24091,-1.0
24092,-1.0
24093,-1.0
24094,-1.0
24095,-1.0
24096,-1.0
24097,-1.0
24098,-1.0
24099,-1.0
24100,-1.0
24101,-1.0
24102,-1.0
24103,-1.0
24104,-1.0
24105,-1.0
24106,-1.0
24107,-1.0
24108,-1.0
24109,-1.0
24110,-1.0
24111,-1.0
24112,-1.0
24113,-1.0
24114,-1.0
24115,-1.0
24116,-1.0
24117,-1.0
24118,-1.0
24119,-1.0
24120,-1.0
24121,-1.0
24122,-1.0
24123,-1.0
24124,-1.0
24125,-1.0
24126,-1.0
24127,-1.0
24128,-1.0
24129,-1.0
24130,-1.0
24131,-1.0
24132,-1.0
24133,-1.0
24134,-1.0
24135,-1.0
24136,-1.0
24137,-1.0
24138,-1.0
24139,-1.0
24140,-1.0
24141,-1.0
24142,-1.0
24143,-1.0
24144,-1.0
24145,-1.0
24146,-1.0
24147,-1.0
24148,-1.0
24149,-1.0
24150,-1.0
24151,-1.0
24152,-1.0
24153,-1.0
24154,-1.0
24155,-1.0
24156,-1.0
24157,-1.0
24158,-1.0
24159,-1.0
24160,-1.0
24161,-1.0
24162,-1.0
24163,-1.0
24164,-1.0
24165,-1.0
24166,-1.0
24167,-1.0
24168,-1.0
24169,-1.0
24170,-1.0
24171,-1.0
24172,-1.0
24173,-1.0
24174,-1.0
24175,-1.0
24176,-1.0
24177,-1.0
24178,-1.0
24179,-1.0
24180,-1.0
24181,-1.0
24182,-1.0
24183,-1.0
24184,-1.0
24185,-1.0
24186,-1.0
24187,-1.0
24188,-1.0
24189,-1.0
24190,-1.0
24191,-1.0
24192,-1.0
24193,-1.0
24194,-1.0
24195,-1.0
24196,-1.0
24197,-1.0
24198,-1.0
24199,-1.0
24200,-1.0
24201,-1.0
24202,-1.0
24203,-1.0
24204,-1.0
24205,-1.0
24206,-1.0
24207,-1.0
24208,-1.0
24209,-1.0
24210,-1.0
24211,-1.0
24212,-1.0
24213,-1.0
24214,-1.0
24215,-1.0
24216,-1.0
24217,-1.0
24218,-1.0
24219,-1.0
24220,-1.0
24221,-1.0
24222,-1.0
24223,-1.0
24224,-1.0
24225,-1.0
24226,-1.0
24227,-1.0
24228,-1.0
24229,-1.0
24230,-1.0
24231,-1.0
24232,-1.0
24233,-1.0
24234,-1.0
24235,-1.0
24236,-1.0
24237,-1.0
24238,-1.0
24239,-1.0
24240,-1.0
24241,-1.0
24242,-1.0
24243,-1.0
24244,-1.0
24245,-1.0
24246,-1.0
24247,-1.0
24248,-1.0
24249,-1.0
24250,-1.0
24251,-1.0
24252,-1.0
24253,-1.0
24254,-1.0
24255,-1.0
24256,-1.0
24257,-1.0
24258,-1.0
24259,-1.0
24260,-1.0
24261,-1.0
24262,-1.0
24263,-1.0
24264,-1.0
24265,-1.0
24266,-1.0
24267,-1.0
24268,-1.0
24269,-1.0
24270,-1.0
24271,-1.0
24272,-1.0
24273,-1.0
24274,-1.0
24275,-1.0
24276,-1.0
24277,-1.0
24278,-1.0
24279,-1.0
24280,-1.0
24281,-1.0
24282,-1.0
24283,-1.0
24284,-1.0
24285,-1.0
24286,-1.0
24287,-1.0
24288,-1.0
24289,-1.0
24290,-1.0
24291,-1.0
24292,-1.0
24293,-1.0
24294,-1.0
24295,-1.0
24296,-1.0
24297,-1.0
24298,-1.0
24299,-1.0
24300,-1.0
24301,-1.0
24302,-1.0
24303,-1.0
24304,-1.0
24305,-1.0
24306,-1.0
24307,-1.0
24308,-1.0
24309,-1.0
24310,-1.0
24311,-1.0
24312,-1.0
24313,-1.0
24314,-1.0
24315,-1.0
24316,-1.0
24317,-1.0
24318,-1.0
24319,-1.0
24320,-1.0
24321,-1.0
24322,-1.0
24323,-1.0
24324,-1.0
24325,-1.0
24326,-1.0
24327,-1.0
24328,-1.0
24329,-1.0
24330,-1.0
24331,-1.0
24332,-1.0
24333,-1.0
24334,-1.0
24335,-1.0
24336,-1.0
24337,-1.0
24338,-1.0
24339,-1.0
24340,-1.0
24341,-1.0
24342,-1.0
24343,-1.0
24344,-1.0
24345,-1.0
24346,-1.0
24347,-1.0
24348,-1.0
24349,-1.0
24350,-1.0
24351,-1.0
24352,-1.0
24353,-1.0
24354,-1.0
24355,-1.0
24356,-1.0
24357,-1.0
24358,-1.0
24359,-1.0
24360,-1.0
24361,-1.0
24362,-1.0
24363,-1.0
24364,-1.0
24365,-1.0
24366,-1.0
24367,-1.0
24368,-1.0
24369,-1.0
24370,-1.0
24371,-1.0
24372,-1.0
24373,-1.0
24374,-1.0
24375,-1.0
24376,-1.0
24377,-1.0
24378,-1.0
24379,-1.0
24380,-1.0
24381,-1.0
24382,-1.0
24383,-1.0
24384,-1.0
24385,-1.0
24386,-1.0
24387,-1.0
24388,-1.0
24389,-1.0
24390,-1.0
24391,-1.0
24392,-1.0
24393,-1.0
24394,-1.0
24395,-1.0
24396,-1.0
24397,-1.0
24398,-1.0
24399,-1.0
24400,-1.0
24401,-1.0
24402,-1.0
24403,-1.0
24404,-1.0
24405,-1.0
24406,-1.0
24407,-1.0
24408,-1.0
24409,-1.0
24410,-1.0
24411,-1.0
24412,-1.0
24413,-1.0
24414,-1.0
24415,-1.0
24416,-1.0
24417,-1.0
24418,-1.0
24419,-1.0
24420,-1.0
24421,-1.0
24422,-1.0
24423,-1.0
24424,-1.0
24425,-1.0
24426,-1.0
24427,-1.0
24428,-1.0
24429,-1.0
24430,-1.0
24431,-1.0
24432,-1.0
24433,-1.0
24434,-1.0
24435,-1.0
24436,-1.0
24437,-1.0
24438,-1.0
24439,-1.0
24440,-1.0
24441,-1.0
24442,-1.0
24443,-1.0
24444,-1.0
24445,-1.0
24446,-1.0
24447,-1.0
24448,-1.0
24449,-1.0
24450,-1.0
24451,-1.0
24452,-1.0
24453,-1.0
24454,-1.0
24455,-1.0
24456,-1.0
24457,-1.0
24458,-1.0
24459,-1.0
24460,-1.0
24461,-1.0
24462,-1.0
24463,-1.0
24464,-1.0
24465,-1.0
24466,-1.0
24467,-1.0
24468,-1.0
24469,-1.0
24470,-1.0
24471,-1.0
24472,-1.0
24473,-1.0
24474,-1.0
24475,-1.0
24476,-1.0
24477,-1.0
24478,-1.0
24479,-1.0
24480,-1.0
24481,-1.0
24482,-1.0
24483,-1.0
24484,-1.0
24485,-1.0
24486,-1.0
24487,-1.0
24488,-1.0
24489,-1.0
24490,-1.0
24491,-1.0
24492,-1.0
24493,-1.0
24494,-1.0
24495,-1.0
24496,-1.0
24497,-1.0
24498,-1.0
24499,-1.0
24500,-1.0
24501,-1.0
24502,-1.0
24503,-1.0
24504,-1.0
24505,-1.0
24506,-1.0
24507,-1.0
24508,-1.0
24509,-1.0
24510,-1.0
24511,-1.0
24512,-1.0
24513,-1.0
24514,-1.0
24515,-1.0
24516,-1.0
24517,-1.0
24518,-1.0
24519,-1.0
24520,-1.0
24521,-1.0
24522,-1.0
24523,-1.0
24524,-1.0
24525,-1.0
24526,-1.0
24527,-1.0
24528,-1.0
24529,-1.0
24530,-1.0
24531,-1.0
24532,-1.0
24533,-1.0
24534,-1.0
24535,-1.0
24536,-1.0
24537,-1.0
24538,-1.0
24539,-1.0
24540,-1.0
24541,-1.0
24542,-1.0
24543,-1.0
24544,-1.0
24545,-1.0
24546,-1.0
24547,-1.0
24548,-1.0
24549,-1.0
24550,-1.0
24551,-1.0
24552,-1.0
24553,-1.0
24554,-1.0
24555,-1.0
24556,-1.0
24557,-1.0
24558,-1.0
24559,-1.0
24560,-1.0
24561,-1.0
24562,-1.0
24563,-1.0
24564,-1.0
24565,-1.0
24566,-1.0
24567,-1.0
24568,-1.0
24569,-1.0
24570,-1.0
24571,-1.0
24572,-1.0
24573,-1.0
24574,-1.0
24575,-1.0
24576,-1.0
24577,-1.0
24578,-1.0
24579,-1.0
24580,-1.0
24581,-1.0
24582,-1.0
24583,-1.0
24584,-1.0
24585,-1.0
24586,-1.0
24587,-1.0
24588,-1.0
24589,-1.0
24590,-1.0
24591,-1.0
24592,-1.0
24593,-1.0
24594,-1.0
24595,-1.0
24596,-1.0
24597,-1.0
24598,-1.0
24599,-1.0
24600,-1.0
24601,-1.0
24602,-1.0
24603,-1.0
24604,-1.0
24605,-1.0
24606,-1.0
24607,-1.0
24608,-1.0
24609,-1.0
24610,-1.0
24611,-1.0
24612,-1.0
24613,-1.0
24614,-1.0
24615,-1.0
24616,-1.0
24617,-1.0
24618,-1.0
24619,-1.0
24620,-1.0
24621,-1.0
24622,-1.0
24623,-1.0
24624,-1.0
24625,-1.0
24626,-1.0
24627,-1.0
24628,-1.0
24629,-1.0
24630,-1.0
24631,-1.0
24632,-1.0
24633,-1.0
24634,-1.0
24635,-1.0
24636,-1.0
24637,-1.0
24638,-1.0
24639,-1.0
24640,-1.0
24641,-1.0
24642,-1.0
24643,-1.0
24644,-1.0
24645,-1.0
24646,-1.0
24647,-1.0
24648,-1.0
24649,-1.0
24650,-1.0
24651,-1.0
24652,-1.0
24653,-1.0
24654,-1.0
24655,-1.0
24656,-1.0
24657,-1.0
24658,-1.0
24659,-1.0
24660,-1.0
24661,-1.0
24662,-1.0
24663,-1.0
24664,-1.0
24665,-1.0
24666,-1.0
24667,-1.0
24668,-1.0
24669,-1.0
24670,-1.0
24671,-1.0
24672,-1.0
24673,-1.0
24674,-1.0
24675,-1.0
24676,-1.0
24677,-1.0
24678,-1.0
24679,-1.0
24680,-1.0
24681,-1.0
24682,-1.0
24683,-1.0
24684,-1.0
24685,-1.0
24686,-1.0
24687,-1.0
24688,-1.0
24689,-1.0
24690,-1.0
24691,-1.0
24692,-1.0
24693,-1.0
24694,-1.0
24695,-1.0
24696,-1.0
24697,-1.0
24698,-1.0
24699,-1.0
24700,-1.0
24701,-1.0
24702,-1.0
24703,-1.0
24704,-1.0
24705,-1.0
24706,-1.0
24707,-1.0
24708,-1.0
24709,-1.0
24710,-1.0
24711,-1.0
24712,-1.0
24713,-1.0
24714,-1.0
24715,-1.0
24716,-1.0
24717,-1.0
24718,-1.0
24719,-1.0
24720,-1.0
24721,-1.0
24722,-1.0
24723,-1.0
24724,-1.0
24725,-1.0
24726,-1.0
24727,-1.0
24728,-1.0
24729,-1.0
24730,-1.0
24731,-1.0
24732,-1.0
24733,-1.0
24734,-1.0
24735,-1.0
24736,-1.0
24737,-1.0
24738,-1.0
24739,-1.0
24740,-1.0
24741,-1.0
24742,-1.0
24743,-1.0
24744,-1.0
24745,-1.0
24746,-1.0
24747,-1.0
24748,-1.0
24749,-1.0
24750,-1.0
24751,-1.0
24752,-1.0
24753,-1.0
24754,-1.0
24755,-1.0
24756,-1.0
24757,-1.0
24758,-1.0
24759,-1.0
24760,-1.0
24761,-1.0
24762,-1.0
24763,-1.0
24764,-1.0
24765,-1.0
24766,-1.0
24767,-1.0
24768,-1.0
24769,-1.0
24770,-1.0
24771,-1.0
24772,-1.0
24773,-1.0
24774,-1.0
24775,-1.0
24776,-1.0
24777,-1.0
24778,-1.0
24779,-1.0
24780,-1.0
24781,-1.0
24782,-1.0
24783,-1.0
24784,-1.0
24785,-1.0
24786,-1.0
24787,-1.0
24788,-1.0
24789,-1.0
24790,-1.0
24791,-1.0
24792,-1.0
24793,-1.0
24794,-1.0
24795,-1.0
24796,-1.0
24797,-1.0
24798,-1.0
24799,-1.0
24800,-1.0
24801,-1.0
24802,-1.0
24803,-1.0
24804,-1.0
24805,-1.0
24806,-1.0
24807,-1.0
24808,-1.0
24809,-1.0
24810,-1.0
24811,-1.0
24812,-1.0
24813,-1.0
24814,-1.0
24815,-1.0
24816,-1.0
24817,-1.0
24818,-1.0
24819,-1.0
24820,-1.0
24821,-1.0
24822,-1.0
24823,-1.0
24824,-1.0
24825,-1.0
24826,-1.0
24827,-1.0
24828,-1.0
24829,-1.0
24830,-1.0
24831,-1.0
24832,-1.0
24833,-1.0
24834,-1.0
24835,-1.0
24836,-1.0
24837,-1.0
24838,-1.0
24839,-1.0
24840,-1.0
24841,-1.0
24842,-1.0
24843,-1.0
24844,-1.0
24845,-1.0
24846,-1.0
24847,-1.0
24848,-1.0
24849,-1.0
24850,-1.0
24851,-1.0
24852,-1.0
24853,-1.0
24854,-1.0
24855,-1.0
24856,-1.0
24857,-1.0
24858,-1.0
24859,-1.0
24860,-1.0
24861,-1.0
24862,-1.0
24863,-1.0
24864,-1.0
24865,-1.0
24866,-1.0
24867,-1.0
24868,-1.0
24869,-1.0
24870,-1.0
24871,-1.0
24872,-1.0
24873,-1.0
24874,-1.0
24875,-1.0
24876,-1.0
24877,-1.0
24878,-1.0
24879,-1.0
24880,-1.0
24881,-1.0
24882,-1.0
24883,-1.0
24884,-1.0
24885,-1.0
24886,-1.0
24887,-1.0
24888,-1.0
24889,-1.0
24890,-1.0
24891,-1.0
24892,-1.0
24893,-1.0
24894,-1.0
24895,-1.0
24896,-1.0
24897,-1.0
24898,-1.0
24899,-1.0
24900,-1.0
24901,-1.0
24902,-1.0
24903,-1.0
24904,-1.0
24905,-1.0
24906,-1.0
24907,-1.0
24908,-1.0
24909,-1.0
24910,-1.0
24911,-1.0
24912,-1.0
24913,-1.0
24914,-1.0
24915,-1.0
24916,-1.0
24917,-1.0
24918,-1.0
24919,-1.0
24920,-1.0
24921,-1.0
24922,-1.0
24923,-1.0
24924,-1.0
24925,-1.0
24926,-1.0
24927,-1.0
24928,-1.0
24929,-1.0
24930,-1.0
24931,-1.0
24932,-1.0
24933,-1.0
24934,-1.0
24935,-1.0
24936,-1.0
24937,-1.0
24938,-1.0
24939,-1.0
24940,-1.0
24941,-1.0
24942,-1.0
24943,-1.0
24944,-1.0
24945,-1.0
24946,-1.0
24947,-1.0
24948,-1.0
24949,-1.0
24950,-1.0
24951,-1.0
24952,-1.0
24953,-1.0
24954,-1.0
24955,-1.0
24956,-1.0
24957,-1.0
24958,-1.0
24959,-1.0
24960,-1.0
24961,-1.0
24962,-1.0
24963,-1.0
24964,-1.0
24965,-1.0
24966,-1.0
24967,-1.0
24968,-1.0
24969,-1.0
24970,-1.0
24971,-1.0
24972,-1.0
24973,-1.0
24974,-1.0
24975,-1.0
24976,-1.0
24977,-1.0
24978,-1.0
24979,-1.0
24980,-1.0
24981,-1.0
24982,-1.0
24983,-1.0
24984,-1.0
24985,-1.0
24986,-1.0
24987,-1.0
24988,-1.0
24989,-1.0
24990,-1.0
24991,-1.0
24992,-1.0
24993,-1.0
24994,-1.0
24995,-1.0
24996,-1.0
24997,-1.0
24998,-1.0
24999,-1.0
25000,-1.0
25001,-1.0
25002,-1.0
25003,-1.0
25004,-1.0
25005,-1.0
25006,-1.0
25007,-1.0
25008,-1.0
25009,-1.0
25010,-1.0
25011,-1.0
25012,-1.0
25013,-1.0
25014,-1.0
25015,-1.0
25016,-1.0
25017,-1.0
25018,-1.0
25019,-1.0
25020,-1.0
25021,-1.0
25022,-1.0
25023,-1.0
25024,-1.0
25025,-1.0
25026,-1.0
25027,-1.0
25028,-1.0
25029,-1.0
25030,-1.0
25031,-1.0
25032,-1.0
25033,-1.0
25034,-1.0
25035,-1.0
25036,-1.0
25037,-1.0
25038,-1.0
25039,-1.0
25040,-1.0
25041,-1.0
25042,-1.0
25043,-1.0
25044,-1.0
25045,-1.0
25046,-1.0
25047,-1.0
25048,-1.0
25049,-1.0
25050,-1.0
25051,-1.0
25052,-1.0
25053,-1.0
25054,-1.0
25055,-1.0
25056,-1.0
25057,-1.0
25058,-1.0
25059,-1.0
25060,-1.0
25061,-1.0
25062,-1.0
25063,-1.0
25064,-1.0
25065,-1.0
25066,-1.0
25067,-1.0
25068,-1.0
25069,-1.0
25070,-1.0
25071,-1.0
25072,-1.0
25073,-1.0
25074,-1.0
25075,-1.0
25076,-1.0
25077,-1.0
25078,-1.0
25079,-1.0
25080,-1.0
25081,-1.0
25082,-1.0
25083,-1.0
25084,-1.0
25085,-1.0
25086,-1.0
25087,-1.0
25088,-1.0
25089,-1.0
25090,-1.0
25091,-1.0
25092,-1.0
25093,-1.0
25094,-1.0
25095,-1.0
25096,-1.0
25097,-1.0
25098,-1.0
25099,-1.0
25100,-1.0
25101,-1.0
25102,-1.0
25103,-1.0
25104,-1.0
25105,-1.0
25106,-1.0
25107,-1.0
25108,-1.0
25109,-1.0
25110,-1.0
25111,-1.0
25112,-1.0
25113,-1.0
25114,-1.0
25115,-1.0
25116,-1.0
25117,-1.0
25118,-1.0
25119,-1.0
25120,-1.0
25121,-1.0
25122,-1.0
25123,-1.0
25124,-1.0
25125,-1.0
25126,-1.0
25127,-1.0
25128,-1.0
25129,-1.0
25130,-1.0
25131,-1.0
25132,-1.0
25133,-1.0
25134,-1.0
25135,-1.0
25136,-1.0
25137,-1.0
25138,-1.0
25139,-1.0
25140,-1.0
25141,-1.0
25142,-1.0
25143,-1.0
25144,-1.0
25145,-1.0
25146,-1.0
25147,-1.0
25148,-1.0
25149,-1.0
25150,-1.0
25151,-1.0
25152,-1.0
25153,-1.0
25154,-1.0
25155,-1.0
25156,-1.0
25157,-1.0
25158,-1.0
25159,-1.0
25160,-1.0
25161,-1.0
25162,-1.0
25163,-1.0
25164,-1.0
25165,-1.0
25166,-1.0
25167,-1.0
25168,-1.0
25169,-1.0
25170,-1.0
25171,-1.0
25172,-1.0
25173,-1.0
25174,-1.0
25175,-1.0
25176,-1.0
25177,-1.0
25178,-1.0
25179,-1.0
25180,-1.0
25181,-1.0
25182,-1.0
25183,-1.0
25184,-1.0
25185,-1.0
25186,-1.0
25187,-1.0
25188,-1.0
25189,-1.0
25190,-1.0
25191,-1.0
25192,-1.0
25193,-1.0
25194,-1.0
25195,-1.0
25196,-1.0
25197,-1.0
25198,-1.0
25199,-1.0
25200,-1.0
25201,-1.0
25202,-1.0
25203,-1.0
25204,-1.0
25205,-1.0
25206,-1.0
25207,-1.0
25208,-1.0
25209,-1.0
25210,-1.0
25211,-1.0
25212,-1.0
25213,-1.0
25214,-1.0
25215,-1.0
25216,-1.0
25217,-1.0
25218,-1.0
25219,-1.0
25220,-1.0
25221,-1.0
25222,-1.0
25223,-1.0
25224,-1.0
25225,-1.0
25226,-1.0
25227,-1.0
25228,-1.0
25229,-1.0
25230,-1.0
25231,-1.0
25232,-1.0
25233,-1.0
25234,-1.0
25235,-1.0
25236,-1.0
25237,-1.0
25238,-1.0
25239,-1.0
25240,-1.0
25241,-1.0
25242,-1.0
25243,-1.0
25244,-1.0
25245,-1.0
25246,-1.0
25247,-1.0
25248,-1.0
25249,-1.0
25250,-1.0
25251,-1.0
25252,-1.0
25253,-1.0
25254,-1.0
25255,-1.0
25256,-1.0
25257,-1.0
25258,-1.0
25259,-1.0
25260,-1.0
25261,-1.0
25262,-1.0
25263,-1.0
25264,-1.0
25265,-1.0
25266,-1.0
25267,-1.0
25268,-1.0
25269,-1.0
25270,-1.0
25271,-1.0
25272,-1.0
25273,-1.0
25274,-1.0
25275,-1.0
25276,-1.0
25277,-1.0
25278,-1.0
25279,-1.0
25280,-1.0
25281,-1.0
25282,-1.0
25283,-1.0
25284,-1.0
25285,-1.0
25286,-1.0
25287,-1.0
25288,-1.0
25289,-1.0
25290,-1.0
25291,-1.0
25292,-1.0
25293,-1.0
25294,-1.0
25295,-1.0
25296,-1.0
25297,-1.0
25298,-1.0
25299,-1.0
25300,-1.0
25301,-1.0
25302,-1.0
25303,-1.0
25304,-1.0
25305,-1.0
25306,-1.0
25307,-1.0
25308,-1.0
25309,-1.0
25310,-1.0
25311,-1.0
25312,-1.0
25313,-1.0
25314,-1.0
25315,-1.0
25316,-1.0
25317,-1.0
25318,-1.0
25319,-1.0
25320,-1.0
25321,-1.0
25322,-1.0
25323,-1.0
25324,-1.0
25325,-1.0
25326,-1.0
25327,-1.0
25328,-1.0
25329,-1.0
25330,-1.0
25331,-1.0
25332,-1.0
25333,-1.0
25334,-1.0
25335,-1.0
25336,-1.0
25337,-1.0
25338,-1.0
25339,-1.0
25340,-1.0
25341,-1.0
25342,-1.0
25343,-1.0
25344,-1.0
25345,-1.0
25346,-1.0
25347,-1.0
25348,-1.0
25349,-1.0
25350,-1.0
25351,-1.0
25352,-1.0
25353,-1.0
25354,-1.0
25355,-1.0
25356,-1.0
25357,-1.0
25358,-1.0
25359,-1.0
25360,-1.0
25361,-1.0
25362,-1.0
25363,-1.0
25364,-1.0
25365,-1.0
25366,-1.0
25367,-1.0
25368,-1.0
25369,-1.0
25370,-1.0
25371,-1.0
25372,-1.0
25373,-1.0
25374,-1.0
25375,-1.0
25376,-1.0
25377,-1.0
25378,-1.0
25379,-1.0
25380,-1.0
25381,-1.0
25382,-1.0
25383,-1.0
25384,-1.0
25385,-1.0
25386,-1.0
25387,-1.0
25388,-1.0
25389,-1.0
25390,-1.0
25391,-1.0
25392,-1.0
25393,-1.0
25394,-1.0
25395,-1.0
25396,-1.0
25397,-1.0
25398,-1.0
25399,-1.0
25400,-1.0
25401,-1.0
25402,-1.0
25403,-1.0
25404,-1.0
25405,-1.0
25406,-1.0
25407,-1.0
25408,-1.0
25409,-1.0
25410,-1.0
25411,-1.0
25412,-1.0
25413,-1.0
25414,-1.0
25415,-1.0
25416,-1.0
25417,-1.0
25418,-1.0
25419,-1.0
25420,-1.0
25421,-1.0
25422,-1.0
25423,-1.0
25424,-1.0
25425,-1.0
25426,-1.0
25427,-1.0
25428,-1.0
25429,-1.0
25430,-1.0
25431,-1.0
25432,-1.0
25433,-1.0
25434,-1.0
25435,-1.0
25436,-1.0
25437,-1.0
25438,-1.0
25439,-1.0
25440,-1.0
25441,-1.0
25442,-1.0
25443,-1.0
25444,-1.0
25445,-1.0
25446,-1.0
25447,-1.0
25448,-1.0
25449,-1.0
25450,-1.0
25451,-1.0
25452,-1.0
25453,-1.0
25454,-1.0
25455,-1.0
25456,-1.0
25457,-1.0
25458,-1.0
25459,-1.0
25460,-1.0
25461,-1.0
25462,-1.0
25463,-1.0
25464,-1.0
25465,-1.0
25466,-1.0
25467,-1.0
25468,-1.0
25469,-1.0
25470,-1.0
25471,-1.0
25472,-1.0
25473,-1.0
25474,-1.0
25475,-1.0
25476,-1.0
25477,-1.0
25478,-1.0
25479,-1.0
25480,-1.0
25481,-1.0
25482,-1.0
25483,-1.0
25484,-1.0
25485,-1.0
25486,-1.0
25487,-1.0
25488,-1.0
25489,-1.0
25490,-1.0
25491,-1.0
25492,-1.0
25493,-1.0
25494,-1.0
25495,-1.0
25496,-1.0
25497,-1.0
25498,-1.0
25499,-1.0
25500,-1.0
25501,-1.0
25502,-1.0
25503,-1.0
25504,-1.0
25505,-1.0
25506,-1.0
25507,-1.0
25508,-1.0
25509,-1.0
25510,-1.0
25511,-1.0
25512,-1.0
25513,-1.0
25514,-1.0
25515,-1.0
25516,-1.0
25517,-1.0
25518,-1.0
25519,-1.0
25520,-1.0
25521,-1.0
25522,-1.0
25523,-1.0
25524,-1.0
25525,-1.0
25526,-1.0
25527,-1.0
25528,-1.0
25529,-1.0
25530,-1.0
25531,-1.0
25532,-1.0
25533,-1.0
25534,-1.0
25535,-1.0
25536,-1.0
25537,-1.0
25538,-1.0
25539,-1.0
25540,-1.0
25541,-1.0
25542,-1.0
25543,-1.0
25544,-1.0
25545,-1.0
25546,-1.0
25547,-1.0
25548,-1.0
25549,-1.0
25550,-1.0
25551,-1.0
25552,-1.0
25553,-1.0
25554,-1.0
25555,-1.0
25556,-1.0
25557,-1.0
25558,-1.0
25559,-1.0
25560,-1.0
25561,-1.0
25562,-1.0
25563,-1.0
25564,-1.0
25565,-1.0
25566,-1.0
25567,-1.0
25568,-1.0
25569,-1.0
25570,-1.0
25571,-1.0
25572,-1.0
25573,-1.0
25574,-1.0
25575,-1.0
25576,-1.0
25577,-1.0
25578,-1.0
25579,-1.0
25580,-1.0
25581,-1.0
25582,-1.0
25583,-1.0
25584,-1.0
25585,-1.0
25586,-1.0
25587,-1.0
25588,-1.0
25589,-1.0
25590,-1.0
25591,-1.0
25592,-1.0
25593,-1.0
25594,-1.0
25595,-1.0
25596,-1.0
25597,-1.0
25598,-1.0
25599,-1.0
25600,-1.0
25601,-1.0
25602,-1.0
25603,-1.0
25604,-1.0
25605,-1.0
25606,-1.0
25607,-1.0
25608,-1.0
25609,-1.0
25610,-1.0
25611,-1.0
25612,-1.0
25613,-1.0
25614,-1.0
25615,-1.0
25616,-1.0
25617,-1.0
25618,-1.0
25619,-1.0
25620,-1.0
25621,-1.0
25622,-1.0
25623,-1.0
25624,-1.0
25625,-1.0
25626,-1.0
25627,-1.0
25628,-1.0
25629,-1.0
25630,-1.0
25631,-1.0
25632,-1.0
25633,-1.0
25634,-1.0
25635,-1.0
25636,-1.0
25637,-1.0
25638,-1.0
25639,-1.0
25640,-1.0
25641,-1.0
25642,-1.0
25643,-1.0
25644,-1.0
25645,-1.0
25646,-1.0
25647,-1.0
25648,-1.0
25649,-1.0
25650,-1.0
25651,-1.0
25652,-1.0
25653,-1.0
25654,-1.0
25655,-1.0
25656,-1.0
25657,-1.0
25658,-1.0
25659,-1.0
25660,-1.0
25661,-1.0
25662,-1.0
25663,-1.0
25664,-1.0
25665,-1.0
25666,-1.0
25667,-1.0
25668,-1.0
25669,-1.0
25670,-1.0
25671,-1.0
25672,-1.0
25673,-1.0
25674,-1.0
25675,-1.0
25676,-1.0
25677,-1.0
25678,-1.0
25679,-1.0
25680,-1.0
25681,-1.0
25682,-1.0
25683,-1.0
25684,-1.0
25685,-1.0
25686,-1.0
25687,-1.0
25688,-1.0
25689,-1.0
25690,-1.0
25691,-1.0
25692,-1.0
25693,-1.0
25694,-1.0
25695,-1.0
25696,-1.0
25697,-1.0
25698,-1.0
25699,-1.0
25700,-1.0
25701,-1.0
25702,-1.0
25703,-1.0
25704,-1.0
25705,-1.0
25706,-1.0
25707,-1.0
25708,-1.0
25709,-1.0
25710,-1.0
25711,-1.0
25712,-1.0
25713,-1.0
25714,-1.0
25715,-1.0
25716,-1.0
25717,-1.0
25718,-1.0
25719,-1.0
25720,-1.0
25721,-1.0
25722,-1.0
25723,-1.0
25724,-1.0
25725,-1.0
25726,-1.0
25727,-1.0
25728,-1.0
25729,-1.0
25730,-1.0
25731,-1.0
25732,-1.0
25733,-1.0
25734,-1.0
25735,-1.0
25736,-1.0
25737,-1.0
25738,-1.0
25739,-1.0
25740,-1.0
25741,-1.0
25742,-1.0
25743,-1.0
25744,-1.0
25745,-1.0
25746,-1.0
25747,-1.0
25748,-1.0
25749,-1.0
25750,-1.0
25751,-1.0
25752,-1.0
25753,-1.0
25754,-1.0
25755,-1.0
25756,-1.0
25757,-1.0
25758,-1.0
25759,-1.0
25760,-1.0
25761,-1.0
25762,-1.0
25763,-1.0
25764,-1.0
25765,-1.0
25766,-1.0
25767,-1.0
25768,-1.0
25769,-1.0
25770,-1.0
25771,-1.0
25772,-1.0
25773,-1.0
25774,-1.0
25775,-1.0
25776,-1.0
25777,-1.0
25778,-1.0
25779,-1.0
25780,-1.0
25781,-1.0
25782,-1.0
25783,-1.0
25784,-1.0
25785,-1.0
25786,-1.0
25787,-1.0
25788,-1.0
25789,-1.0
25790,-1.0
25791,-1.0
25792,-1.0
25793,-1.0
25794,-1.0
25795,-1.0
25796,-1.0
25797,-1.0
25798,-1.0
25799,-1.0
25800,-1.0
25801,-1.0
25802,-1.0
25803,-1.0
25804,-1.0
25805,-1.0
25806,-1.0
25807,-1.0
25808,-1.0
25809,-1.0
25810,-1.0
25811,-1.0
25812,-1.0
25813,-1.0
25814,-1.0
25815,-1.0
25816,-1.0
25817,-1.0
25818,-1.0
25819,-1.0
25820,-1.0
25821,-1.0
25822,-1.0
25823,-1.0
25824,-1.0
25825,-1.0
25826,-1.0
25827,-1.0
25828,-1.0
25829,-1.0
25830,-1.0
25831,-1.0
25832,-1.0
25833,-1.0
25834,-1.0
25835,-1.0
25836,-1.0
25837,-1.0
25838,-1.0
25839,-1.0
25840,-1.0
25841,-1.0
25842,-1.0
25843,-1.0
25844,-1.0
25845,-1.0
25846,-1.0
25847,-1.0
25848,-1.0
25849,-1.0
25850,-1.0
25851,-1.0
25852,-1.0
25853,-1.0
25854,-1.0
25855,-1.0
25856,-1.0
25857,-1.0
25858,-1.0
25859,-1.0
25860,-1.0
25861,-1.0
25862,-1.0
25863,-1.0
25864,-1.0
25865,-1.0
25866,-1.0
25867,-1.0
25868,-1.0
25869,-1.0
25870,-1.0
25871,-1.0
25872,-1.0
25873,-1.0
25874,-1.0
25875,-1.0
25876,-1.0
25877,-1.0
25878,-1.0
25879,-1.0
25880,-1.0
25881,-1.0
25882,-1.0
25883,-1.0
25884,-1.0
25885,-1.0
25886,-1.0
25887,-1.0
25888,-1.0
25889,-1.0
25890,-1.0
25891,-1.0
25892,-1.0
25893,-1.0
25894,-1.0
25895,-1.0
25896,-1.0
25897,-1.0
25898,-1.0
25899,-1.0
25900,-1.0
25901,-1.0
25902,-1.0
25903,-1.0
25904,-1.0
25905,-1.0
25906,-1.0
25907,-1.0
25908,-1.0
25909,-1.0
25910,-1.0
25911,-1.0
25912,-1.0
25913,-1.0
25914,-1.0
25915,-1.0
25916,-1.0
25917,-1.0
25918,-1.0
25919,-1.0
25920,-1.0
25921,-1.0
25922,-1.0
25923,-1.0
25924,-1.0
25925,-1.0
25926,-1.0
25927,-1.0
25928,-1.0
25929,-1.0
25930,-1.0
25931,-1.0
25932,-1.0
25933,-1.0
25934,-1.0
25935,-1.0
25936,-1.0
25937,-1.0
25938,-1.0
25939,-1.0
25940,-1.0
25941,-1.0
25942,-1.0
25943,-1.0
25944,-1.0
25945,-1.0
25946,-1.0
25947,-1.0
25948,-1.0
25949,-1.0
25950,-1.0
25951,-1.0
25952,-1.0
25953,-1.0
25954,-1.0
25955,-1.0
25956,-1.0
25957,-1.0
25958,-1.0
25959,-1.0
25960,-1.0
25961,-1.0
25962,-1.0
25963,-1.0
25964,-1.0
25965,-1.0
25966,-1.0
25967,-1.0
25968,-1.0
25969,-1.0
25970,-1.0
25971,-1.0
25972,-1.0
25973,-1.0
25974,-1.0
25975,-1.0
25976,-1.0
25977,-1.0
25978,-1.0
25979,-1.0
25980,-1.0
25981,-1.0
25982,-1.0
25983,-1.0
25984,-1.0
25985,-1.0
25986,-1.0
25987,-1.0
25988,-1.0
25989,-1.0
25990,-1.0
25991,-1.0
25992,-1.0
25993,-1.0
25994,-1.0
25995,-1.0
25996,-1.0
25997,-1.0
25998,-1.0
25999,-1.0
26000,-1.0
26001,-1.0
26002,-1.0
26003,-1.0
26004,-1.0
26005,-1.0
26006,-1.0
26007,-1.0
26008,-1.0
26009,-1.0
26010,-1.0
26011,-1.0
26012,-1.0
26013,-1.0
26014,-1.0
26015,-1.0
26016,-1.0
26017,-1.0
26018,-1.0
26019,-1.0
26020,-1.0
26021,-1.0
26022,-1.0
26023,-1.0
26024,-1.0
26025,-1.0
26026,-1.0
26027,-1.0
26028,-1.0
26029,-1.0
26030,-1.0
26031,-1.0
26032,-1.0
26033,-1.0
26034,-1.0
26035,-1.0
26036,-1.0
26037,-1.0
26038,-1.0
26039,-1.0
26040,-1.0
26041,-1.0
26042,-1.0
26043,-1.0
26044,-1.0
26045,-1.0
26046,-1.0
26047,-1.0
26048,-1.0
26049,-1.0
26050,-1.0
26051,-1.0
26052,-1.0
26053,-1.0
26054,-1.0
26055,-1.0
26056,-1.0
26057,-1.0
26058,-1.0
26059,-1.0
26060,-1.0
26061,-1.0
26062,-1.0
26063,-1.0
26064,-1.0
26065,-1.0
26066,-1.0
26067,-1.0
26068,-1.0
26069,-1.0
26070,-1.0
26071,-1.0
26072,-1.0
26073,-1.0
26074,-1.0
26075,-1.0
26076,-1.0
26077,-1.0
26078,-1.0
26079,-1.0
26080,-1.0
26081,-1.0
26082,-1.0
26083,-1.0
26084,-1.0
26085,-1.0
26086,-1.0
26087,-1.0
26088,-1.0
26089,-1.0
26090,-1.0
26091,-1.0
26092,-1.0
26093,-1.0
26094,-1.0
26095,-1.0
26096,-1.0
26097,-1.0
26098,-1.0
26099,-1.0
26100,-1.0
26101,-1.0
26102,-1.0
26103,-1.0
26104,-1.0
26105,-1.0
26106,-1.0
26107,-1.0
26108,-1.0
26109,-1.0
26110,-1.0
26111,-1.0
26112,-1.0
26113,-1.0
26114,-1.0
26115,-1.0
26116,-1.0
26117,-1.0
26118,-1.0
26119,-1.0
26120,-1.0
26121,-1.0
26122,-1.0
26123,-1.0
26124,-1.0
26125,-1.0
26126,-1.0
26127,-1.0
26128,-1.0
26129,-1.0
26130,-1.0
26131,-1.0
26132,-1.0
26133,-1.0
26134,-1.0
26135,-1.0
26136,-1.0
26137,-1.0
26138,-1.0
26139,-1.0
26140,-1.0
26141,-1.0
26142,-1.0
26143,-1.0
26144,-1.0
26145,-1.0
26146,-1.0
26147,-1.0
26148,-1.0
26149,-1.0
26150,-1.0
26151,-1.0
26152,-1.0
26153,-1.0
26154,-1.0
26155,-1.0
26156,-1.0
26157,-1.0
26158,-1.0
26159,-1.0
26160,-1.0
26161,-1.0
26162,-1.0
26163,-1.0
26164,-1.0
26165,-1.0
26166,-1.0
26167,-1.0
26168,-1.0
26169,-1.0
26170,-1.0
26171,-1.0
26172,-1.0
26173,-1.0
26174,-1.0
26175,-1.0
26176,-1.0
26177,-1.0
26178,-1.0
26179,-1.0
26180,-1.0
26181,-1.0
26182,-1.0
26183,-1.0
26184,-1.0
26185,-1.0
26186,-1.0
26187,-1.0
26188,-1.0
26189,-1.0
26190,-1.0
26191,-1.0
26192,-1.0
26193,-1.0
26194,-1.0
26195,-1.0
26196,-1.0
26197,-1.0
26198,-1.0
26199,-1.0
26200,-1.0
26201,-1.0
26202,-1.0
26203,-1.0
26204,-1.0
26205,-1.0
26206,-1.0
26207,-1.0
26208,-1.0
26209,-1.0
26210,-1.0
26211,-1.0
26212,-1.0
26213,-1.0
26214,-1.0
26215,-1.0
26216,-1.0
26217,-1.0
26218,-1.0
26219,-1.0
26220,-1.0
26221,-1.0
26222,-1.0
26223,-1.0
26224,-1.0
26225,-1.0
26226,-1.0
26227,-1.0
26228,-1.0
26229,-1.0
26230,-1.0
26231,-1.0
26232,-1.0
26233,-1.0
26234,-1.0
26235,-1.0
26236,-1.0
26237,-1.0
26238,-1.0
26239,-1.0
26240,-1.0
26241,-1.0
26242,-1.0
26243,-1.0
26244,-1.0
26245,-1.0
26246,-1.0
26247,-1.0
26248,-1.0
26249,-1.0
26250,-1.0
26251,-1.0
26252,-1.0
26253,-1.0
26254,-1.0
26255,-1.0
26256,-1.0
26257,-1.0
26258,-1.0
26259,-1.0
26260,-1.0
26261,-1.0
26262,-1.0
26263,-1.0
26264,-1.0
26265,-1.0
26266,-1.0
26267,-1.0
26268,-1.0
26269,-1.0
26270,-1.0
26271,-1.0
26272,-1.0
26273,-1.0
26274,-1.0
26275,-1.0
26276,-1.0
26277,-1.0
26278,-1.0
26279,-1.0
26280,-1.0
26281,-1.0
26282,-1.0
26283,-1.0
26284,-1.0
26285,-1.0
26286,-1.0
26287,-1.0
26288,-1.0
26289,-1.0
26290,-1.0
26291,-1.0
26292,-1.0
26293,-1.0
26294,-1.0
26295,-1.0
26296,-1.0
26297,-1.0
26298,-1.0
26299,-1.0
26300,-1.0
26301,-1.0
26302,-1.0
26303,-1.0
26304,-1.0
26305,-1.0
26306,-1.0
26307,-1.0
26308,-1.0
26309,-1.0
26310,-1.0
26311,-1.0
26312,-1.0
26313,-1.0
26314,-1.0
26315,-1.0
26316,-1.0
26317,-1.0
26318,-1.0
26319,-1.0
26320,-1.0
26321,-1.0
26322,-1.0
26323,-1.0
26324,-1.0
26325,-1.0
26326,-1.0
26327,-1.0
26328,-1.0
26329,-1.0
26330,-1.0
26331,-1.0
26332,-1.0
26333,-1.0
26334,-1.0
26335,-1.0
26336,-1.0
26337,-1.0
26338,-1.0
26339,-1.0
26340,-1.0
26341,-1.0
26342,-1.0
26343,-1.0
26344,-1.0
26345,-1.0
26346,-1.0
26347,-1.0
26348,-1.0
26349,-1.0
26350,-1.0
26351,-1.0
26352,-1.0
26353,-1.0
26354,-1.0
26355,-1.0
26356,-1.0
26357,-1.0
26358,-1.0
26359,-1.0
26360,-1.0
26361,-1.0
26362,-1.0
26363,-1.0
26364,-1.0
26365,-1.0
26366,-1.0
26367,-1.0
26368,-1.0
26369,-1.0
26370,-1.0
26371,-1.0
26372,-1.0
26373,-1.0
26374,-1.0
26375,-1.0
26376,-1.0
26377,-1.0
26378,-1.0
26379,-1.0
26380,-1.0
26381,-1.0
26382,-1.0
26383,-1.0
26384,-1.0
26385,-1.0
26386,-1.0
26387,-1.0
26388,-1.0
26389,-1.0
26390,-1.0
26391,-1.0
26392,-1.0
26393,-1.0
26394,-1.0
26395,-1.0
26396,-1.0
26397,-1.0
26398,-1.0
26399,-1.0
26400,-1.0
26401,-1.0
26402,-1.0
26403,-1.0
26404,-1.0
26405,-1.0
26406,-1.0
26407,-1.0
26408,-1.0
26409,-1.0
26410,-1.0
26411,-1.0
26412,-1.0
26413,-1.0
26414,-1.0
26415,-1.0
26416,-1.0
26417,-1.0
26418,-1.0
26419,-1.0
26420,-1.0
26421,-1.0
26422,-1.0
26423,-1.0
26424,-1.0
26425,-1.0
26426,-1.0
26427,-1.0
26428,-1.0
26429,-1.0
26430,-1.0
26431,-1.0
26432,-1.0
26433,-1.0
26434,-1.0
26435,-1.0
26436,-1.0
26437,-1.0
26438,-1.0
26439,-1.0
26440,-1.0
26441,-1.0
26442,-1.0
26443,-1.0
26444,-1.0
26445,-1.0
26446,-1.0
26447,-1.0
26448,-1.0
26449,-1.0
26450,-1.0
26451,-1.0
26452,-1.0
26453,-1.0
26454,-1.0
26455,-1.0
26456,-1.0
26457,-1.0
26458,-1.0
26459,-1.0
26460,-1.0
26461,-1.0
26462,-1.0
26463,-1.0
26464,-1.0
26465,-1.0
26466,-1.0
26467,-1.0
26468,-1.0
26469,-1.0
26470,-1.0
26471,-1.0
26472,-1.0
26473,-1.0
26474,-1.0
26475,-1.0
26476,-1.0
26477,-1.0
26478,-1.0
26479,-1.0
26480,-1.0
26481,-1.0
26482,-1.0
26483,-1.0
26484,-1.0
26485,-1.0
26486,-1.0
26487,-1.0
26488,-1.0
26489,-1.0
26490,-1.0
26491,-1.0
26492,-1.0
26493,-1.0
26494,-1.0
26495,-1.0
26496,-1.0
26497,-1.0
26498,-1.0
26499,-1.0
26500,-1.0
26501,-1.0
26502,-1.0
26503,-1.0
26504,-1.0
26505,-1.0
26506,-1.0
26507,-1.0
26508,-1.0
26509,-1.0
26510,-1.0
26511,-1.0
26512,-1.0
26513,-1.0
26514,-1.0
26515,-1.0
26516,-1.0
26517,-1.0
26518,-1.0
26519,-1.0
26520,-1.0
26521,-1.0
26522,-1.0
26523,-1.0
26524,-1.0
26525,-1.0
26526,-1.0
26527,-1.0
26528,-1.0
26529,-1.0
26530,-1.0
26531,-1.0
26532,-1.0
26533,-1.0
26534,-1.0
26535,-1.0
26536,-1.0
26537,-1.0
26538,-1.0
26539,-1.0
26540,-1.0
26541,-1.0
26542,-1.0
26543,-1.0
26544,-1.0
26545,-1.0
26546,-1.0
26547,-1.0
26548,-1.0
26549,-1.0
26550,-1.0
26551,-1.0
26552,-1.0
26553,-1.0
26554,-1.0
26555,-1.0
26556,-1.0
26557,-1.0
26558,-1.0
26559,-1.0
26560,-1.0
26561,-1.0
26562,-1.0
26563,-1.0
26564,-1.0
26565,-1.0
26566,-1.0
26567,-1.0
26568,-1.0
26569,-1.0
26570,-1.0
26571,-1.0
26572,-1.0
26573,-1.0
26574,-1.0
26575,-1.0
26576,-1.0
26577,-1.0
26578,-1.0
26579,-1.0
26580,-1.0
26581,-1.0
26582,-1.0
26583,-1.0
26584,-1.0
26585,-1.0
26586,-1.0
26587,-1.0
26588,-1.0
26589,-1.0
26590,-1.0
26591,-1.0
26592,-1.0
26593,-1.0
26594,-1.0
26595,-1.0
26596,-1.0
26597,-1.0
26598,-1.0
26599,-1.0
26600,-1.0
26601,-1.0
26602,-1.0
26603,-1.0
26604,-1.0
26605,-1.0
26606,-1.0
26607,-1.0
26608,-1.0
26609,-1.0
26610,-1.0
26611,-1.0
26612,-1.0
26613,-1.0
26614,-1.0
26615,-1.0
26616,-1.0
26617,-1.0
26618,-1.0
26619,-1.0
26620,-1.0
26621,-1.0
26622,-1.0
26623,-1.0
26624,-1.0
26625,-1.0
26626,-1.0
26627,-1.0
26628,-1.0
26629,-1.0
26630,-1.0
26631,-1.0
26632,-1.0
26633,-1.0
26634,-1.0
26635,-1.0
26636,-1.0
26637,-1.0
26638,-1.0
26639,-1.0
26640,-1.0
26641,-1.0
26642,-1.0
26643,-1.0
26644,-1.0
26645,-1.0
26646,-1.0
26647,-1.0
26648,-1.0
26649,-1.0
26650,-1.0
26651,-1.0
26652,-1.0
26653,-1.0
26654,-1.0
26655,-1.0
26656,-1.0
26657,-1.0
26658,-1.0
26659,-1.0
26660,-1.0
26661,-1.0
26662,-1.0
26663,-1.0
26664,-1.0
26665,-1.0
26666,-1.0
26667,-1.0
26668,-1.0
26669,-1.0
26670,-1.0
26671,-1.0
26672,-1.0
26673,-1.0
26674,-1.0
26675,-1.0
26676,-1.0
26677,-1.0
26678,-1.0
26679,-1.0
26680,-1.0
26681,-1.0
26682,-1.0
26683,-1.0
26684,-1.0
26685,-1.0
26686,-1.0
26687,-1.0
26688,-1.0
26689,-1.0
26690,-1.0
26691,-1.0
26692,-1.0
26693,-1.0
26694,-1.0
26695,-1.0
26696,-1.0
26697,-1.0
26698,-1.0
26699,-1.0
26700,-1.0
26701,-1.0
26702,-1.0
26703,-1.0
26704,-1.0
26705,-1.0
26706,-1.0
26707,-1.0
26708,-1.0
26709,-1.0
26710,-1.0
26711,-1.0
26712,-1.0
26713,-1.0
26714,-1.0
26715,-1.0
26716,-1.0
26717,-1.0
26718,-1.0
26719,-1.0
26720,-1.0
26721,-1.0
26722,-1.0
26723,-1.0
26724,-1.0
26725,-1.0
26726,-1.0
26727,-1.0
26728,-1.0
26729,-1.0
26730,-1.0
26731,-1.0
26732,-1.0
26733,-1.0
26734,-1.0
26735,-1.0
26736,-1.0
26737,-1.0
26738,-1.0
26739,-1.0
26740,-1.0
26741,-1.0
26742,-1.0
26743,-1.0
26744,-1.0
26745,-1.0
26746,-1.0
26747,-1.0
26748,-1.0
26749,-1.0
26750,-1.0
26751,-1.0
26752,-1.0
26753,-1.0
26754,-1.0
26755,-1.0
26756,-1.0
26757,-1.0
26758,-1.0
26759,-1.0
26760,-1.0
26761,-1.0
26762,-1.0
26763,-1.0
26764,-1.0
26765,-1.0
26766,-1.0
26767,-1.0
26768,-1.0
26769,-1.0
26770,-1.0
26771,-1.0
26772,-1.0
26773,-1.0
26774,-1.0
26775,-1.0
26776,-1.0
26777,-1.0
26778,-1.0
26779,-1.0
26780,-1.0
26781,-1.0
26782,-1.0
26783,-1.0
26784,-1.0
26785,-1.0
26786,-1.0
26787,-1.0
26788,-1.0
26789,-1.0
26790,-1.0
26791,-1.0
26792,-1.0
26793,-1.0
26794,-1.0
26795,-1.0
26796,-1.0
26797,-1.0
26798,-1.0
26799,-1.0
26800,-1.0
26801,-1.0
26802,-1.0
26803,-1.0
26804,-1.0
26805,-1.0
26806,-1.0
26807,-1.0
26808,-1.0
26809,-1.0
26810,-1.0
26811,-1.0
26812,-1.0
26813,-1.0
26814,-1.0
26815,-1.0
26816,-1.0
26817,-1.0
26818,-1.0
26819,-1.0
26820,-1.0
26821,-1.0
26822,-1.0
26823,-1.0
26824,-1.0
26825,-1.0
26826,-1.0
26827,-1.0
26828,-1.0
26829,-1.0
26830,-1.0
26831,-1.0
26832,-1.0
26833,-1.0
26834,-1.0
26835,-1.0
26836,-1.0
26837,-1.0
26838,-1.0
26839,-1.0
26840,-1.0
26841,-1.0
26842,-1.0
26843,-1.0
26844,-1.0
26845,-1.0
26846,-1.0
26847,-1.0
26848,-1.0
26849,-1.0
26850,-1.0
26851,-1.0
26852,-1.0
26853,-1.0
26854,-1.0
26855,-1.0
26856,-1.0
26857,-1.0
26858,-1.0
26859,-1.0
26860,-1.0
26861,-1.0
26862,-1.0
26863,-1.0
26864,-1.0
26865,-1.0
26866,-1.0
26867,-1.0
26868,-1.0
26869,-1.0
26870,-1.0
26871,-1.0
26872,-1.0
26873,-1.0
26874,-1.0
26875,-1.0
26876,-1.0
26877,-1.0
26878,-1.0
26879,-1.0
26880,-1.0
26881,-1.0
26882,-1.0
26883,-1.0
26884,-1.0
26885,-1.0
26886,-1.0
26887,-1.0
26888,-1.0
26889,-1.0
26890,-1.0
26891,-1.0
26892,-1.0
26893,-1.0
26894,-1.0
26895,-1.0
26896,-1.0
26897,-1.0
26898,-1.0
26899,-1.0
26900,-1.0
26901,-1.0
26902,-1.0
26903,-1.0
26904,-1.0
26905,-1.0
26906,-1.0
26907,-1.0
26908,-1.0
26909,-1.0
26910,-1.0
26911,-1.0
26912,-1.0
26913,-1.0
26914,-1.0
26915,-1.0
26916,-1.0
26917,-1.0
26918,-1.0
26919,-1.0
26920,-1.0
26921,-1.0
26922,-1.0
26923,-1.0
26924,-1.0
26925,-1.0
26926,-1.0
26927,-1.0
26928,-1.0
26929,-1.0
26930,-1.0
26931,-1.0
26932,-1.0
26933,-1.0
26934,-1.0
26935,-1.0
26936,-1.0
26937,-1.0
26938,-1.0
26939,-1.0
26940,-1.0
26941,-1.0
26942,-1.0
26943,-1.0
26944,-1.0
26945,-1.0
26946,-1.0
26947,-1.0
26948,-1.0
26949,-1.0
26950,-1.0
26951,-1.0
26952,-1.0
26953,-1.0
26954,-1.0
26955,-1.0
26956,-1.0
26957,-1.0
26958,-1.0
26959,-1.0
26960,-1.0
26961,-1.0
26962,-1.0
26963,-1.0
26964,-1.0
26965,-1.0
26966,-1.0
26967,-1.0
26968,-1.0
26969,-1.0
26970,-1.0
26971,-1.0
26972,-1.0
26973,-1.0
26974,-1.0
26975,-1.0
26976,-1.0
26977,-1.0
26978,-1.0
26979,-1.0
26980,-1.0
26981,-1.0
26982,-1.0
26983,-1.0
26984,-1.0
26985,-1.0
26986,-1.0
26987,-1.0
26988,-1.0
26989,-1.0
26990,-1.0
26991,-1.0
26992,-1.0
26993,-1.0
26994,-1.0
26995,-1.0
26996,-1.0
26997,-1.0
26998,-1.0
26999,-1.0
27000,-1.0
27001,-1.0
27002,-1.0
27003,-1.0
27004,-1.0
27005,-1.0
27006,-1.0
27007,-1.0
27008,-1.0
27009,-1.0
27010,-1.0
27011,-1.0
27012,-1.0
27013,-1.0
27014,-1.0
27015,-1.0
27016,-1.0
27017,-1.0
27018,-1.0
27019,-1.0
27020,-1.0
27021,-1.0
27022,-1.0
27023,-1.0
27024,-1.0
27025,-1.0
27026,-1.0
27027,-1.0
27028,-1.0
27029,-1.0
27030,-1.0
27031,-1.0
27032,-1.0
27033,-1.0
27034,-1.0
27035,-1.0
27036,-1.0
27037,-1.0
27038,-1.0
27039,-1.0
27040,-1.0
27041,-1.0
27042,-1.0
27043,-1.0
27044,-1.0
27045,-1.0
27046,-1.0
27047,-1.0
27048,-1.0
27049,-1.0
27050,-1.0
27051,-1.0
27052,-1.0
27053,-1.0
27054,-1.0
27055,-1.0
27056,-1.0
27057,-1.0
27058,-1.0
27059,-1.0
27060,-1.0
27061,-1.0
27062,-1.0
27063,-1.0
27064,-1.0
27065,-1.0
27066,-1.0
27067,-1.0
27068,-1.0
27069,-1.0
27070,-1.0
27071,-1.0
27072,-1.0
27073,-1.0
27074,-1.0
27075,-1.0
27076,-1.0
27077,-1.0
27078,-1.0
27079,-1.0
27080,-1.0
27081,-1.0
27082,-1.0
27083,-1.0
27084,-1.0
27085,-1.0
27086,-1.0
27087,-1.0
27088,-1.0
27089,-1.0
27090,-1.0
27091,-1.0
27092,-1.0
27093,-1.0
27094,-1.0
27095,-1.0
27096,-1.0
27097,-1.0
27098,-1.0
27099,-1.0
27100,-1.0
27101,-1.0
27102,-1.0
27103,-1.0
27104,-1.0
27105,-1.0
27106,-1.0
27107,-1.0
27108,-1.0
27109,-1.0
27110,-1.0
27111,-1.0
27112,-1.0
27113,-1.0
27114,-1.0
27115,-1.0
27116,-1.0
27117,-1.0
27118,-1.0
27119,-1.0
27120,-1.0
27121,-1.0
27122,-1.0
27123,-1.0
27124,-1.0
27125,-1.0
27126,-1.0
27127,-1.0
27128,-1.0
27129,-1.0
27130,-1.0
27131,-1.0
27132,-1.0
27133,-1.0
27134,-1.0
27135,-1.0
27136,-1.0
27137,-1.0
27138,-1.0
27139,-1.0
27140,-1.0
27141,-1.0
27142,-1.0
27143,-1.0
27144,-1.0
27145,-1.0
27146,-1.0
27147,-1.0
27148,-1.0
27149,-1.0
27150,-1.0
27151,-1.0
27152,-1.0
27153,-1.0
27154,-1.0
27155,-1.0
27156,-1.0
27157,-1.0
27158,-1.0
27159,-1.0
27160,-1.0
27161,-1.0
27162,-1.0
27163,-1.0
27164,-1.0
27165,-1.0
27166,-1.0
27167,-1.0
27168,-1.0
27169,-1.0
27170,-1.0
27171,-1.0
27172,-1.0
27173,-1.0
27174,-1.0
27175,-1.0
27176,-1.0
27177,-1.0
27178,-1.0
27179,-1.0
27180,-1.0
27181,-1.0
27182,-1.0
27183,-1.0
27184,-1.0
27185,-1.0
27186,-1.0
27187,-1.0
27188,-1.0
27189,-1.0
27190,-1.0
27191,-1.0
27192,-1.0
27193,-1.0
27194,-1.0
27195,-1.0
27196,-1.0
27197,-1.0
27198,-1.0
27199,-1.0
27200,-1.0
27201,-1.0
27202,-1.0
27203,-1.0
27204,-1.0
27205,-1.0
27206,-1.0
27207,-1.0
27208,-1.0
27209,-1.0
27210,-1.0
27211,-1.0
27212,-1.0
27213,-1.0
27214,-1.0
27215,-1.0
27216,-1.0
27217,-1.0
27218,-1.0
27219,-1.0
27220,-1.0
27221,-1.0
27222,-1.0
27223,-1.0
27224,-1.0
27225,-1.0
27226,-1.0
27227,-1.0
27228,-1.0
27229,-1.0
27230,-1.0
27231,-1.0
27232,-1.0
27233,-1.0
27234,-1.0
27235,-1.0
27236,-1.0
27237,-1.0
27238,-1.0
27239,-1.0
27240,-1.0
27241,-1.0
27242,-1.0
27243,-1.0
27244,-1.0
27245,-1.0
27246,-1.0
27247,-1.0
27248,-1.0
27249,-1.0
27250,-1.0
27251,-1.0
27252,-1.0
27253,-1.0
27254,-1.0
27255,-1.0
27256,-1.0
27257,-1.0
27258,-1.0
27259,-1.0
27260,-1.0
27261,-1.0
27262,-1.0
27263,-1.0
27264,-1.0
27265,-1.0
27266,-1.0
27267,-1.0
27268,-1.0
27269,-1.0
27270,-1.0
27271,-1.0
27272,-1.0
27273,-1.0
27274,-1.0
27275,-1.0
27276,-1.0
27277,-1.0
27278,-1.0
27279,-1.0
27280,-1.0
27281,-1.0
27282,-1.0
27283,-1.0
27284,-1.0
27285,-1.0
27286,-1.0
27287,-1.0
27288,-1.0
27289,-1.0
27290,-1.0
27291,-1.0
27292,-1.0
27293,-1.0
27294,-1.0
27295,-1.0
27296,-1.0
27297,-1.0
27298,-1.0
27299,-1.0
27300,-1.0
27301,-1.0
27302,-1.0
27303,-1.0
27304,-1.0
27305,-1.0
27306,-1.0
27307,-1.0
27308,-1.0
27309,-1.0
27310,-1.0
27311,-1.0
27312,-1.0
27313,-1.0
27314,-1.0
27315,-1.0
27316,-1.0
27317,-1.0
27318,-1.0
27319,-1.0
27320,-1.0
27321,-1.0
27322,-1.0
27323,-1.0
27324,-1.0
27325,-1.0
27326,-1.0
27327,-1.0
27328,-1.0
27329,-1.0
27330,-1.0
27331,-1.0
27332,-1.0
27333,-1.0
27334,-1.0
27335,-1.0
27336,-1.0
27337,-1.0
27338,-1.0
27339,-1.0
27340,-1.0
27341,-1.0
27342,-1.0
27343,-1.0
27344,-1.0
27345,-1.0
27346,-1.0
27347,-1.0
27348,-1.0
27349,-1.0
27350,-1.0
27351,-1.0
27352,-1.0
27353,-1.0
27354,-1.0
27355,-1.0
27356,-1.0
27357,-1.0
27358,-1.0
27359,-1.0
27360,-1.0
27361,-1.0
27362,-1.0
27363,-1.0
27364,-1.0
27365,-1.0
27366,-1.0
27367,-1.0
27368,-1.0
27369,-1.0
27370,-1.0
27371,-1.0
27372,-1.0
27373,-1.0
27374,-1.0
27375,-1.0
27376,-1.0
27377,-1.0
27378,-1.0
27379,-1.0
27380,-1.0
27381,-1.0
27382,-1.0
27383,-1.0
27384,-1.0
27385,-1.0
27386,-1.0
27387,-1.0
27388,-1.0
27389,-1.0
27390,-1.0
27391,-1.0
27392,-1.0
27393,-1.0
27394,-1.0
27395,-1.0
27396,-1.0
27397,-1.0
27398,-1.0
27399,-1.0
27400,-1.0
27401,-1.0
27402,-1.0
27403,-1.0
27404,-1.0
27405,-1.0
27406,-1.0
27407,-1.0
27408,-1.0
27409,-1.0
27410,-1.0
27411,-1.0
27412,-1.0
27413,-1.0
27414,-1.0
27415,-1.0
27416,-1.0
27417,-1.0
27418,-1.0
27419,-1.0
27420,-1.0
27421,-1.0
27422,-1.0
27423,-1.0
27424,-1.0
27425,-1.0
27426,-1.0
27427,-1.0
27428,-1.0
27429,-1.0
27430,-1.0
27431,-1.0
27432,-1.0
27433,-1.0
27434,-1.0
27435,-1.0
27436,-1.0
27437,-1.0
27438,-1.0
27439,-1.0
27440,-1.0
27441,-1.0
27442,-1.0
27443,-1.0
27444,-1.0
27445,-1.0
27446,-1.0
27447,-1.0
27448,-1.0
27449,-1.0
27450,-1.0
27451,-1.0
27452,-1.0
27453,-1.0
27454,-1.0
27455,-1.0
27456,-1.0
27457,-1.0
27458,-1.0
27459,-1.0
27460,-1.0
27461,-1.0
27462,-1.0
27463,-1.0
27464,-1.0
27465,-1.0
27466,-1.0
27467,-1.0
27468,-1.0
27469,-1.0
27470,-1.0
27471,-1.0
27472,-1.0
27473,-1.0
27474,-1.0
27475,-1.0
27476,-1.0
27477,-1.0
27478,-1.0
27479,-1.0
27480,-1.0
27481,-1.0
27482,-1.0
27483,-1.0
27484,-1.0
27485,-1.0
27486,-1.0
27487,-1.0
27488,-1.0
27489,-1.0
27490,-1.0
27491,-1.0
27492,-1.0
27493,-1.0
27494,-1.0
27495,-1.0
27496,-1.0
27497,-1.0
27498,-1.0
27499,-1.0
27500,-1.0
27501,-1.0
27502,-1.0
27503,-1.0
27504,-1.0
27505,-1.0
27506,-1.0
27507,-1.0
27508,-1.0
27509,-1.0
27510,-1.0
27511,-1.0
27512,-1.0
27513,-1.0
27514,-1.0
27515,-1.0
27516,-1.0
27517,-1.0
27518,-1.0
27519,-1.0
27520,-1.0
27521,-1.0
27522,-1.0
27523,-1.0
27524,-1.0
27525,-1.0
27526,-1.0
27527,-1.0
27528,-1.0
27529,-1.0
27530,-1.0
27531,-1.0
27532,-1.0
27533,-1.0
27534,-1.0
27535,-1.0
27536,-1.0
27537,-1.0
27538,-1.0
27539,-1.0
27540,-1.0
27541,-1.0
27542,-1.0
27543,-1.0
27544,-1.0
27545,-1.0
27546,-1.0
27547,-1.0
27548,-1.0
27549,-1.0
27550,-1.0
27551,-1.0
27552,-1.0
27553,-1.0
27554,-1.0
27555,-1.0
27556,-1.0
27557,-1.0
27558,-1.0
27559,-1.0
27560,-1.0
27561,-1.0
27562,-1.0
27563,-1.0
27564,-1.0
27565,-1.0
27566,-1.0
27567,-1.0
27568,-1.0
27569,-1.0
27570,-1.0
27571,-1.0
27572,-1.0
27573,-1.0
27574,-1.0
27575,-1.0
27576,-1.0
27577,-1.0
27578,-1.0
27579,-1.0
27580,-1.0
27581,-1.0
27582,-1.0
27583,-1.0
27584,-1.0
27585,-1.0
27586,-1.0
27587,-1.0
27588,-1.0
27589,-1.0
27590,-1.0
27591,-1.0
27592,-1.0
27593,-1.0
27594,-1.0
27595,-1.0
27596,-1.0
27597,-1.0
27598,-1.0
27599,-1.0
27600,-1.0
27601,-1.0
27602,-1.0
27603,-1.0
27604,-1.0
27605,-1.0
27606,-1.0
27607,-1.0
27608,-1.0
27609,-1.0
27610,-1.0
27611,-1.0
27612,-1.0
27613,-1.0
27614,-1.0
27615,-1.0
27616,-1.0
27617,-1.0
27618,-1.0
27619,-1.0
27620,-1.0
27621,-1.0
27622,-1.0
27623,-1.0
27624,-1.0
27625,-1.0
27626,-1.0
27627,-1.0
27628,-1.0
27629,-1.0
27630,-1.0
27631,-1.0
27632,-1.0
27633,-1.0
27634,-1.0
27635,-1.0
27636,-1.0
27637,-1.0
27638,-1.0
27639,-1.0
27640,-1.0
27641,-1.0
27642,-1.0
27643,-1.0
27644,-1.0
27645,-1.0
27646,-1.0
27647,-1.0
27648,-1.0
27649,-1.0
27650,-1.0
27651,-1.0
27652,-1.0
27653,-1.0
27654,-1.0
27655,-1.0
27656,-1.0
27657,-1.0
27658,-1.0
27659,-1.0
27660,-1.0
27661,-1.0
27662,-1.0
27663,-1.0
27664,-1.0
27665,-1.0
27666,-1.0
27667,-1.0
27668,-1.0
27669,-1.0
27670,-1.0
27671,-1.0
27672,-1.0
27673,-1.0
27674,-1.0
27675,-1.0
27676,-1.0
27677,-1.0
27678,-1.0
27679,-1.0
27680,-1.0
27681,-1.0
27682,-1.0
27683,-1.0
27684,-1.0
27685,-1.0
27686,-1.0
27687,-1.0
27688,-1.0
27689,-1.0
27690,-1.0
27691,-1.0
27692,-1.0
27693,-1.0
27694,-1.0
27695,-1.0
27696,-1.0
27697,-1.0
27698,-1.0
27699,-1.0
27700,-1.0
27701,-1.0
27702,-1.0
27703,-1.0
27704,-1.0
27705,-1.0
27706,-1.0
27707,-1.0
27708,-1.0
27709,-1.0
27710,-1.0
27711,-1.0
27712,-1.0
27713,-1.0
27714,-1.0
27715,-1.0
27716,-1.0
27717,-1.0
27718,-1.0
27719,-1.0
27720,-1.0
27721,-1.0
27722,-1.0
27723,-1.0
27724,-1.0
27725,-1.0
27726,-1.0
27727,-1.0
27728,-1.0
27729,-1.0
27730,-1.0
27731,-1.0
27732,-1.0
27733,-1.0
27734,-1.0
27735,-1.0
27736,-1.0
27737,-1.0
27738,-1.0
27739,-1.0
27740,-1.0
27741,-1.0
27742,-1.0
27743,-1.0
27744,-1.0
27745,-1.0
27746,-1.0
27747,-1.0
27748,-1.0
27749,-1.0
27750,-1.0
27751,-1.0
27752,-1.0
27753,-1.0
27754,-1.0
27755,-1.0
27756,-1.0
27757,-1.0
27758,-1.0
27759,-1.0
27760,-1.0
27761,-1.0
27762,-1.0
27763,-1.0
27764,-1.0
27765,-1.0
27766,-1.0
27767,-1.0
27768,-1.0
27769,-1.0
27770,-1.0
27771,-1.0
27772,-1.0
27773,-1.0
27774,-1.0
27775,-1.0
27776,-1.0
27777,-1.0
27778,-1.0
27779,-1.0
27780,-1.0
27781,-1.0
27782,-1.0
27783,-1.0
27784,-1.0
27785,-1.0
27786,-1.0
27787,-1.0
27788,-1.0
27789,-1.0
27790,-1.0
27791,-1.0
27792,-1.0
27793,-1.0
27794,-1.0
27795,-1.0
27796,-1.0
27797,-1.0
27798,-1.0
27799,-1.0
27800,-1.0
27801,-1.0
27802,-1.0
27803,-1.0
27804,-1.0
27805,-1.0
27806,-1.0
27807,-1.0
27808,-1.0
27809,-1.0
27810,-1.0
27811,-1.0
27812,-1.0
27813,-1.0
27814,-1.0
27815,-1.0
27816,-1.0
27817,-1.0
27818,-1.0
27819,-1.0
27820,-1.0
27821,-1.0
27822,-1.0
27823,-1.0
27824,-1.0
27825,-1.0
27826,-1.0
27827,-1.0
27828,-1.0
27829,-1.0
27830,-1.0
27831,-1.0
27832,-1.0
27833,-1.0
27834,-1.0
27835,-1.0
27836,-1.0
27837,-1.0
27838,-1.0
27839,-1.0
27840,-1.0
27841,-1.0
27842,-1.0
27843,-1.0
27844,-1.0
27845,-1.0
27846,-1.0
27847,-1.0
27848,-1.0
27849,-1.0
27850,-1.0
27851,-1.0
27852,-1.0
27853,-1.0
27854,-1.0
27855,-1.0
27856,-1.0
27857,-1.0
27858,-1.0
27859,-1.0
27860,-1.0
27861,-1.0
27862,-1.0
27863,-1.0
27864,-1.0
27865,-1.0
27866,-1.0
27867,-1.0
27868,-1.0
27869,-1.0
27870,-1.0
27871,-1.0
27872,-1.0
27873,-1.0
27874,-1.0
27875,-1.0
27876,-1.0
27877,-1.0
27878,-1.0
27879,-1.0
27880,-1.0
27881,-1.0
27882,-1.0
27883,-1.0
27884,-1.0
27885,-1.0
27886,-1.0
27887,-1.0
27888,-1.0
27889,-1.0
27890,-1.0
27891,-1.0
27892,-1.0
27893,-1.0
27894,-1.0
27895,-1.0
27896,-1.0
27897,-1.0
27898,-1.0
27899,-1.0
27900,-1.0
27901,-1.0
27902,-1.0
27903,-1.0
27904,-1.0
27905,-1.0
27906,-1.0
27907,-1.0
27908,-1.0
27909,-1.0
27910,-1.0
27911,-1.0
27912,-1.0
27913,-1.0
27914,-1.0
27915,-1.0
27916,-1.0
27917,-1.0
27918,-1.0
27919,-1.0
27920,-1.0
27921,-1.0
27922,-1.0
27923,-1.0
27924,-1.0
27925,-1.0
27926,-1.0
27927,-1.0
27928,-1.0
27929,-1.0
27930,-1.0
27931,-1.0
27932,-1.0
27933,-1.0
27934,-1.0
27935,-1.0
27936,-1.0
27937,-1.0
27938,-1.0
27939,-1.0
27940,-1.0
27941,-1.0
27942,-1.0
27943,-1.0
27944,-1.0
27945,-1.0
27946,-1.0
27947,-1.0
27948,-1.0
27949,-1.0
27950,-1.0
27951,-1.0
27952,-1.0
27953,-1.0
27954,-1.0
27955,-1.0
27956,-1.0
27957,-1.0
27958,-1.0
27959,-1.0
27960,-1.0
27961,-1.0
27962,-1.0
27963,-1.0
27964,-1.0
27965,-1.0
27966,-1.0
27967,-1.0
27968,-1.0
27969,-1.0
27970,-1.0
27971,-1.0
27972,-1.0
27973,-1.0
27974,-1.0
27975,-1.0
27976,-1.0
27977,-1.0
27978,-1.0
27979,-1.0
27980,-1.0
27981,-1.0
27982,-1.0
27983,-1.0
27984,-1.0
27985,-1.0
27986,-1.0
27987,-1.0
27988,-1.0
27989,-1.0
27990,-1.0
27991,-1.0
27992,-1.0
27993,-1.0
27994,-1.0
27995,-1.0
27996,-1.0
27997,-1.0
27998,-1.0
27999,-1.0
28000,-1.0
28001,-1.0
28002,-1.0
28003,-1.0
28004,-1.0
28005,-1.0
28006,-1.0
28007,-1.0
28008,-1.0
28009,-1.0
28010,-1.0
28011,-1.0
28012,-1.0
28013,-1.0
28014,-1.0
28015,-1.0
28016,-1.0
28017,-1.0
28018,-1.0
28019,-1.0
28020,-1.0
28021,-1.0
28022,-1.0
28023,-1.0
28024,-1.0
28025,-1.0
28026,-1.0
28027,-1.0
28028,-1.0
28029,-1.0
28030,-1.0
28031,-1.0
28032,-1.0
28033,-1.0
28034,-1.0
28035,-1.0
28036,-1.0
28037,-1.0
28038,-1.0
28039,-1.0
28040,-1.0
28041,-1.0
28042,-1.0
28043,-1.0
28044,-1.0
28045,-1.0
28046,-1.0
28047,-1.0
28048,-1.0
28049,-1.0
28050,-1.0
28051,-1.0
28052,-1.0
28053,-1.0
28054,-1.0
28055,-1.0
28056,-1.0
28057,-1.0
28058,-1.0
28059,-1.0
28060,-1.0
28061,-1.0
28062,-1.0
28063,-1.0
28064,-1.0
28065,-1.0
28066,-1.0
28067,-1.0
28068,-1.0
28069,-1.0
28070,-1.0
28071,-1.0
28072,-1.0
28073,-1.0
28074,-1.0
28075,-1.0
28076,-1.0
28077,-1.0
28078,-1.0
28079,-1.0
28080,-1.0
28081,-1.0
28082,-1.0
28083,-1.0
28084,-1.0
28085,-1.0
28086,-1.0
28087,-1.0
28088,-1.0
28089,-1.0
28090,-1.0
28091,-1.0
28092,-1.0
28093,-1.0
28094,-1.0
28095,-1.0
28096,-1.0
28097,-1.0
28098,-1.0
28099,-1.0
28100,-1.0
28101,-1.0
28102,-1.0
28103,-1.0
28104,-1.0
28105,-1.0
28106,-1.0
28107,-1.0
28108,-1.0
28109,-1.0
28110,-1.0
28111,-1.0
28112,-1.0
28113,-1.0
28114,-1.0
28115,-1.0
28116,-1.0
28117,-1.0
28118,-1.0
28119,-1.0
28120,-1.0
28121,-1.0
28122,-1.0
28123,-1.0
28124,-1.0
28125,-1.0
28126,-1.0
28127,-1.0
28128,-1.0
28129,-1.0
28130,-1.0
28131,-1.0
28132,-1.0
28133,-1.0
28134,-1.0
28135,-1.0
28136,-1.0
28137,-1.0
28138,-1.0
28139,-1.0
28140,-1.0
28141,-1.0
28142,-1.0
28143,-1.0
28144,-1.0
28145,-1.0
28146,-1.0
28147,-1.0
28148,-1.0
28149,-1.0
28150,-1.0
28151,-1.0
28152,-1.0
28153,-1.0
28154,-1.0
28155,-1.0
28156,-1.0
28157,-1.0
28158,-1.0
28159,-1.0
28160,-1.0
28161,-1.0
28162,-1.0
28163,-1.0
28164,-1.0
28165,-1.0
28166,-1.0
28167,-1.0
28168,-1.0
28169,-1.0
28170,-1.0
28171,-1.0
28172,-1.0
28173,-1.0
28174,-1.0
28175,-1.0
28176,-1.0
28177,-1.0
28178,-1.0
28179,-1.0
28180,-1.0
28181,-1.0
28182,-1.0
28183,-1.0
28184,-1.0
28185,-1.0
28186,-1.0
28187,-1.0
28188,-1.0
28189,-1.0
28190,-1.0
28191,-1.0
28192,-1.0
28193,-1.0
28194,-1.0
28195,-1.0
28196,-1.0
28197,-1.0
28198,-1.0
28199,-1.0
28200,-1.0
28201,-1.0
28202,-1.0
28203,-1.0
28204,-1.0
28205,-1.0
28206,-1.0
28207,-1.0
28208,-1.0
28209,-1.0
28210,-1.0
28211,-1.0
28212,-1.0
28213,-1.0
28214,-1.0
28215,-1.0
28216,-1.0
28217,-1.0
28218,-1.0
28219,-1.0
28220,-1.0
28221,-1.0
28222,-1.0
28223,-1.0
28224,-1.0
28225,-1.0
28226,-1.0
28227,-1.0
28228,-1.0
28229,-1.0
28230,-1.0
28231,-1.0
28232,-1.0
28233,-1.0
28234,-1.0
28235,-1.0
28236,-1.0
28237,-1.0
28238,-1.0
28239,-1.0
28240,-1.0
28241,-1.0
28242,-1.0
28243,-1.0
28244,-1.0
28245,-1.0
28246,-1.0
28247,-1.0
28248,-1.0
28249,-1.0
28250,-1.0
28251,-1.0
28252,-1.0
28253,-1.0
28254,-1.0
28255,-1.0
28256,-1.0
28257,-1.0
28258,-1.0
28259,-1.0
28260,-1.0
28261,-1.0
28262,-1.0
28263,-1.0
28264,-1.0
28265,-1.0
28266,-1.0
28267,-1.0
28268,-1.0
28269,-1.0
28270,-1.0
28271,-1.0
28272,-1.0
28273,-1.0
28274,-1.0
28275,-1.0
28276,-1.0
28277,-1.0
28278,-1.0
28279,-1.0
28280,-1.0
28281,-1.0
28282,-1.0
28283,-1.0
28284,-1.0
28285,-1.0
28286,-1.0
28287,-1.0
28288,-1.0
28289,-1.0
28290,-1.0
28291,-1.0
28292,-1.0
28293,-1.0
28294,-1.0
28295,-1.0
28296,-1.0
28297,-1.0
28298,-1.0
28299,-1.0
28300,-1.0
28301,-1.0
28302,-1.0
28303,-1.0
28304,-1.0
28305,-1.0
28306,-1.0
28307,-1.0
28308,-1.0
28309,-1.0
28310,-1.0
28311,-1.0
28312,-1.0
28313,-1.0
28314,-1.0
28315,-1.0
28316,-1.0
28317,-1.0
28318,-1.0
28319,-1.0
28320,-1.0
28321,-1.0
28322,-1.0
28323,-1.0
28324,-1.0
28325,-1.0
28326,-1.0
28327,-1.0
28328,-1.0
28329,-1.0
28330,-1.0
28331,-1.0
28332,-1.0
28333,-1.0
28334,-1.0
28335,-1.0
28336,-1.0
28337,-1.0
28338,-1.0
28339,-1.0
28340,-1.0
28341,-1.0
28342,-1.0
28343,-1.0
28344,-1.0
28345,-1.0
28346,-1.0
28347,-1.0
28348,-1.0
28349,-1.0
28350,-1.0
28351,-1.0
28352,-1.0
28353,-1.0
28354,-1.0
28355,-1.0
28356,-1.0
28357,-1.0
28358,-1.0
28359,-1.0
28360,-1.0
28361,-1.0
28362,-1.0
28363,-1.0
28364,-1.0
28365,-1.0
28366,-1.0
28367,-1.0
28368,-1.0
28369,-1.0
28370,-1.0
28371,-1.0
28372,-1.0
28373,-1.0
28374,-1.0
28375,-1.0
28376,-1.0
28377,-1.0
28378,-1.0
28379,-1.0
28380,-1.0
28381,-1.0
28382,-1.0
28383,-1.0
28384,-1.0
28385,-1.0
28386,-1.0
28387,-1.0
28388,-1.0
28389,-1.0
28390,-1.0
28391,-1.0
28392,-1.0
28393,-1.0
28394,-1.0
28395,-1.0
28396,-1.0
28397,-1.0
28398,-1.0
28399,-1.0
28400,-1.0
28401,-1.0
28402,-1.0
28403,-1.0
28404,-1.0
28405,-1.0
28406,-1.0
28407,-1.0
28408,-1.0
28409,-1.0
28410,-1.0
28411,-1.0
28412,-1.0
28413,-1.0
28414,-1.0
28415,-1.0
28416,-1.0
28417,-1.0
28418,-1.0
28419,-1.0
28420,-1.0
28421,-1.0
28422,-1.0
28423,-1.0
28424,-1.0
28425,-1.0
28426,-1.0
28427,-1.0
28428,-1.0
28429,-1.0
28430,-1.0
28431,-1.0
28432,-1.0
28433,-1.0
28434,-1.0
28435,-1.0
28436,-1.0
28437,-1.0
28438,-1.0
28439,-1.0
28440,-1.0
28441,-1.0
28442,-1.0
28443,-1.0
28444,-1.0
28445,-1.0
28446,-1.0
28447,-1.0
28448,-1.0
28449,-1.0
28450,-1.0
28451,-1.0
28452,-1.0
28453,-1.0
28454,-1.0
28455,-1.0
28456,-1.0
28457,-1.0
28458,-1.0
28459,-1.0
28460,-1.0
28461,-1.0
28462,-1.0
28463,-1.0
28464,-1.0
28465,-1.0
28466,-1.0
28467,-1.0
28468,-1.0
28469,-1.0
28470,-1.0
28471,-1.0
28472,-1.0
28473,-1.0
28474,-1.0
28475,-1.0
28476,-1.0
28477,-1.0
28478,-1.0
28479,-1.0
28480,-1.0
28481,-1.0
28482,-1.0
28483,-1.0
28484,-1.0
28485,-1.0
28486,-1.0
28487,-1.0
28488,-1.0
28489,-1.0
28490,-1.0
28491,-1.0
28492,-1.0
28493,-1.0
28494,-1.0
28495,-1.0
28496,-1.0
28497,-1.0
28498,-1.0
28499,-1.0
28500,-1.0
28501,-1.0
28502,-1.0
28503,-1.0
28504,-1.0
28505,-1.0
28506,-1.0
28507,-1.0
28508,-1.0
28509,-1.0
28510,-1.0
28511,-1.0
28512,-1.0
28513,-1.0
28514,-1.0
28515,-1.0
28516,-1.0
28517,-1.0
28518,-1.0
28519,-1.0
28520,-1.0
28521,-1.0
28522,-1.0
28523,-1.0
28524,-1.0
28525,-1.0
28526,-1.0
28527,-1.0
28528,-1.0
28529,-1.0
28530,-1.0
28531,-1.0
28532,-1.0
28533,-1.0
28534,-1.0
28535,-1.0
28536,-1.0
28537,-1.0
28538,-1.0
28539,-1.0
28540,-1.0
28541,-1.0
28542,-1.0
28543,-1.0
28544,-1.0
28545,-1.0
28546,-1.0
28547,-1.0
28548,-1.0
28549,-1.0
28550,-1.0
28551,-1.0
28552,-1.0
28553,-1.0
28554,-1.0
28555,-1.0
28556,-1.0
28557,-1.0
28558,-1.0
28559,-1.0
28560,-1.0
28561,-1.0
28562,-1.0
28563,-1.0
28564,-1.0
28565,-1.0
28566,-1.0
28567,-1.0
28568,-1.0
28569,-1.0
28570,-1.0
28571,-1.0
28572,-1.0
28573,-1.0
28574,-1.0
28575,-1.0
28576,-1.0
28577,-1.0
28578,-1.0
28579,-1.0
28580,-1.0
28581,-1.0
28582,-1.0
28583,-1.0
28584,-1.0
28585,-1.0
28586,-1.0
28587,-1.0
28588,-1.0
28589,-1.0
28590,-1.0
28591,-1.0
28592,-1.0
28593,-1.0
28594,-1.0
28595,-1.0
28596,-1.0
28597,-1.0
28598,-1.0
28599,-1.0
28600,-1.0
28601,-1.0
28602,-1.0
28603,-1.0
28604,-1.0
28605,-1.0
28606,-1.0
28607,-1.0
28608,-1.0
28609,-1.0
28610,-1.0
28611,-1.0
28612,-1.0
28613,-1.0
28614,-1.0
28615,-1.0
28616,-1.0
28617,-1.0
28618,-1.0
28619,-1.0
28620,-1.0
28621,-1.0
28622,-1.0
28623,-1.0
28624,-1.0
28625,-1.0
28626,-1.0
28627,-1.0
28628,-1.0
28629,-1.0
28630,-1.0
28631,-1.0
28632,-1.0
28633,-1.0
28634,-1.0
28635,-1.0
28636,-1.0
28637,-1.0
28638,-1.0
28639,-1.0
28640,-1.0
28641,-1.0
28642,-1.0
28643,-1.0
28644,-1.0
28645,-1.0
28646,-1.0
28647,-1.0
28648,-1.0
28649,-1.0
28650,-1.0
28651,-1.0
28652,-1.0
28653,-1.0
28654,-1.0
28655,-1.0
28656,-1.0
28657,-1.0
28658,-1.0
28659,-1.0
28660,-1.0
28661,-1.0
28662,-1.0
28663,-1.0
28664,-1.0
28665,-1.0
28666,-1.0
28667,-1.0
28668,-1.0
28669,-1.0
28670,-1.0
28671,-1.0
28672,-1.0
28673,-1.0
28674,-1.0
28675,-1.0
28676,-1.0
28677,-1.0
28678,-1.0
28679,-1.0
28680,-1.0
28681,-1.0
28682,-1.0
28683,-1.0
28684,-1.0
28685,-1.0
28686,-1.0
28687,-1.0
28688,-1.0
28689,-1.0
28690,-1.0
28691,-1.0
28692,-1.0
28693,-1.0
28694,-1.0
28695,-1.0
28696,-1.0
28697,-1.0
28698,-1.0
28699,-1.0
28700,-1.0
28701,-1.0
28702,-1.0
28703,-1.0
28704,-1.0
28705,-1.0
28706,-1.0
28707,-1.0
28708,-1.0
28709,-1.0
28710,-1.0
28711,-1.0
28712,-1.0
28713,-1.0
28714,-1.0
28715,-1.0
28716,-1.0
28717,-1.0
28718,-1.0
28719,-1.0
28720,-1.0
28721,-1.0
28722,-1.0
28723,-1.0
28724,-1.0
28725,-1.0
28726,-1.0
28727,-1.0
28728,-1.0
28729,-1.0
28730,-1.0
28731,-1.0
28732,-1.0
28733,-1.0
28734,-1.0
28735,-1.0
28736,-1.0
28737,-1.0
28738,-1.0
28739,-1.0
28740,-1.0
28741,-1.0
28742,-1.0
28743,-1.0
28744,-1.0
28745,-1.0
28746,-1.0
28747,-1.0
28748,-1.0
28749,-1.0
28750,-1.0
28751,-1.0
28752,-1.0
28753,-1.0
28754,-1.0
28755,-1.0
28756,-1.0
28757,-1.0
28758,-1.0
28759,-1.0
28760,-1.0
28761,-1.0
28762,-1.0
28763,-1.0
28764,-1.0
28765,-1.0
28766,-1.0
28767,-1.0
28768,-1.0
28769,-1.0
28770,-1.0
28771,-1.0
28772,-1.0
28773,-1.0
28774,-1.0
28775,-1.0
28776,-1.0
28777,-1.0
28778,-1.0
28779,-1.0
28780,-1.0
28781,-1.0
28782,-1.0
28783,-1.0
28784,-1.0
28785,-1.0
28786,-1.0
28787,-1.0
28788,-1.0
28789,-1.0
28790,-1.0
28791,-1.0
28792,-1.0
28793,-1.0
28794,-1.0
28795,-1.0
28796,-1.0
28797,-1.0
28798,-1.0
28799,-1.0
28800,-1.0
28801,-1.0
28802,-1.0
28803,-1.0
28804,-1.0
28805,-1.0
28806,-1.0
28807,-1.0
28808,-1.0
28809,-1.0
28810,-1.0
28811,-1.0
28812,-1.0
28813,-1.0
28814,-1.0
28815,-1.0
28816,-1.0
28817,-1.0
28818,-1.0
28819,-1.0
28820,-1.0
28821,-1.0
28822,-1.0
28823,-1.0
28824,-1.0
28825,-1.0
28826,-1.0
28827,-1.0
28828,-1.0
28829,-1.0
28830,-1.0
28831,-1.0
28832,-1.0
28833,-1.0
28834,-1.0
28835,-1.0
28836,-1.0
28837,-1.0
28838,-1.0
28839,-1.0
28840,-1.0
28841,-1.0
28842,-1.0
28843,-1.0
28844,-1.0
28845,-1.0
28846,-1.0
28847,-1.0
28848,-1.0
28849,-1.0
28850,-1.0
28851,-1.0
28852,-1.0
28853,-1.0
28854,-1.0
28855,-1.0
28856,-1.0
28857,-1.0
28858,-1.0
28859,-1.0
28860,-1.0
28861,-1.0
28862,-1.0
28863,-1.0
28864,-1.0
28865,-1.0
28866,-1.0
28867,-1.0
28868,-1.0
28869,-1.0
28870,-1.0
28871,-1.0
28872,-1.0
28873,-1.0
28874,-1.0
28875,-1.0
28876,-1.0
28877,-1.0
28878,-1.0
28879,-1.0
28880,-1.0
28881,-1.0
28882,-1.0
28883,-1.0
28884,-1.0
28885,-1.0
28886,-1.0
28887,-1.0
28888,-1.0
28889,-1.0
28890,-1.0
28891,-1.0
28892,-1.0
28893,-1.0
28894,-1.0
28895,-1.0
28896,-1.0
28897,-1.0
28898,-1.0
28899,-1.0
28900,-1.0
28901,-1.0
28902,-1.0
28903,-1.0
28904,-1.0
28905,-1.0
28906,-1.0
28907,-1.0
28908,-1.0
28909,-1.0
28910,-1.0
28911,-1.0
28912,-1.0
28913,-1.0
28914,-1.0
28915,-1.0
28916,-1.0
28917,-1.0
28918,-1.0
28919,-1.0
28920,-1.0
28921,-1.0
28922,-1.0
28923,-1.0
28924,-1.0
28925,-1.0
28926,-1.0
28927,-1.0
28928,-1.0
28929,-1.0
28930,-1.0
28931,-1.0
28932,-1.0
28933,-1.0
28934,-1.0
28935,-1.0
28936,-1.0
28937,-1.0
28938,-1.0
28939,-1.0
28940,-1.0
28941,-1.0
28942,-1.0
28943,-1.0
28944,-1.0
28945,-1.0
28946,-1.0
28947,-1.0
28948,-1.0
28949,-1.0
28950,-1.0
28951,-1.0
28952,-1.0
28953,-1.0
28954,-1.0
28955,-1.0
28956,-1.0
28957,-1.0
28958,-1.0
28959,-1.0
28960,-1.0
28961,-1.0
28962,-1.0
28963,-1.0
28964,-1.0
28965,-1.0
28966,-1.0
28967,-1.0
28968,-1.0
28969,-1.0
28970,-1.0
28971,-1.0
28972,-1.0
28973,-1.0
28974,-1.0
28975,-1.0
28976,-1.0
28977,-1.0
28978,-1.0
28979,-1.0
28980,-1.0
28981,-1.0
28982,-1.0
28983,-1.0
28984,-1.0
28985,-1.0
28986,-1.0
28987,-1.0
28988,-1.0
28989,-1.0
28990,-1.0
28991,-1.0
28992,-1.0
28993,-1.0
28994,-1.0
28995,-1.0
28996,-1.0
28997,-1.0
28998,-1.0
28999,-1.0
29000,-1.0
29001,-1.0
29002,-1.0
29003,-1.0
29004,-1.0
29005,-1.0
29006,-1.0
29007,-1.0
29008,-1.0
29009,-1.0
29010,-1.0
29011,-1.0
29012,-1.0
29013,-1.0
29014,-1.0
29015,-1.0
29016,-1.0
29017,-1.0
29018,-1.0
29019,-1.0
29020,-1.0
29021,-1.0
29022,-1.0
29023,-1.0
29024,-1.0
29025,-1.0
29026,-1.0
29027,-1.0
29028,-1.0
29029,-1.0
29030,-1.0
29031,-1.0
29032,-1.0
29033,-1.0
29034,-1.0
29035,-1.0
29036,-1.0
29037,-1.0
29038,-1.0
29039,-1.0
29040,-1.0
29041,-1.0
29042,-1.0
29043,-1.0
29044,-1.0
29045,-1.0
29046,-1.0
29047,-1.0
29048,-1.0
29049,-1.0
29050,-1.0
29051,-1.0
29052,-1.0
29053,-1.0
29054,-1.0
29055,-1.0
29056,-1.0
29057,-1.0
29058,-1.0
29059,-1.0
29060,-1.0
29061,-1.0
29062,-1.0
29063,-1.0
29064,-1.0
29065,-1.0
29066,-1.0
29067,-1.0
29068,-1.0
29069,-1.0
29070,-1.0
29071,-1.0
29072,-1.0
29073,-1.0
29074,-1.0
29075,-1.0
29076,-1.0
29077,-1.0
29078,-1.0
29079,-1.0
29080,-1.0
29081,-1.0
29082,-1.0
29083,-1.0
29084,-1.0
29085,-1.0
29086,-1.0
29087,-1.0
29088,-1.0
29089,-1.0
29090,-1.0
29091,-1.0
29092,-1.0
29093,-1.0
29094,-1.0
29095,-1.0
29096,-1.0
29097,-1.0
29098,-1.0
29099,-1.0
29100,-1.0
29101,-1.0
29102,-1.0
29103,-1.0
29104,-1.0
29105,-1.0
29106,-1.0
29107,-1.0
29108,-1.0
29109,-1.0
29110,-1.0
29111,-1.0
29112,-1.0
29113,-1.0
29114,-1.0
29115,-1.0
29116,-1.0
29117,-1.0
29118,-1.0
29119,-1.0
29120,-1.0
29121,-1.0
29122,-1.0
29123,-1.0
29124,-1.0
29125,-1.0
29126,-1.0
29127,-1.0
29128,-1.0
29129,-1.0
29130,-1.0
29131,-1.0
29132,-1.0
29133,-1.0
29134,-1.0
29135,-1.0
29136,-1.0
29137,-1.0
29138,-1.0
29139,-1.0
29140,-1.0
29141,-1.0
29142,-1.0
29143,-1.0
29144,-1.0
29145,-1.0
29146,-1.0
29147,-1.0
29148,-1.0
29149,-1.0
29150,-1.0
29151,-1.0
29152,-1.0
29153,-1.0
29154,-1.0
29155,-1.0
29156,-1.0
29157,-1.0
29158,-1.0
29159,-1.0
29160,-1.0
29161,-1.0
29162,-1.0
29163,-1.0
29164,-1.0
29165,-1.0
29166,-1.0
29167,-1.0
29168,-1.0
29169,-1.0
29170,-1.0
29171,-1.0
29172,-1.0
29173,-1.0
29174,-1.0
29175,-1.0
29176,-1.0
29177,-1.0
29178,-1.0
29179,-1.0
29180,-1.0
29181,-1.0
29182,-1.0
29183,-1.0
29184,-1.0
29185,-1.0
29186,-1.0
29187,-1.0
29188,-1.0
29189,-1.0
29190,-1.0
29191,-1.0
29192,-1.0
29193,-1.0
29194,-1.0
29195,-1.0
29196,-1.0
29197,-1.0
29198,-1.0
29199,-1.0
29200,-1.0
29201,-1.0
29202,-1.0
29203,-1.0
29204,-1.0
29205,-1.0
29206,-1.0
29207,-1.0
29208,-1.0
29209,-1.0
29210,-1.0
29211,-1.0
29212,-1.0
29213,-1.0
29214,-1.0
29215,-1.0
29216,-1.0
29217,-1.0
29218,-1.0
29219,-1.0
29220,-1.0
29221,-1.0
29222,-1.0
29223,-1.0
29224,-1.0
29225,-1.0
29226,-1.0
29227,-1.0
29228,-1.0
29229,-1.0
29230,-1.0
29231,-1.0
29232,-1.0
29233,-1.0
29234,-1.0
29235,-1.0
29236,-1.0
29237,-1.0
29238,-1.0
29239,-1.0
29240,-1.0
29241,-1.0
29242,-1.0
29243,-1.0
29244,-1.0
29245,-1.0
29246,-1.0
29247,-1.0
29248,-1.0
29249,-1.0
29250,-1.0
29251,-1.0
29252,-1.0
29253,-1.0
29254,-1.0
29255,-1.0
29256,-1.0
29257,-1.0
29258,-1.0
29259,-1.0
29260,-1.0
29261,-1.0
29262,-1.0
29263,-1.0
29264,-1.0
29265,-1.0
29266,-1.0
29267,-1.0
29268,-1.0
29269,-1.0
29270,-1.0
29271,-1.0
29272,-1.0
29273,-1.0
29274,-1.0
29275,-1.0
29276,-1.0
29277,-1.0
29278,-1.0
29279,-1.0
29280,-1.0
29281,-1.0
29282,-1.0
29283,-1.0
29284,-1.0
29285,-1.0
29286,-1.0
29287,-1.0
29288,-1.0
29289,-1.0
29290,-1.0
29291,-1.0
29292,-1.0
29293,-1.0
29294,-1.0
29295,-1.0
29296,-1.0
29297,-1.0
29298,-1.0
29299,-1.0
29300,-1.0
29301,-1.0
29302,-1.0
29303,-1.0
29304,-1.0
29305,-1.0
29306,-1.0
29307,-1.0
29308,-1.0
29309,-1.0
29310,-1.0
29311,-1.0
29312,-1.0
29313,-1.0
29314,-1.0
29315,-1.0
29316,-1.0
29317,-1.0
29318,-1.0
29319,-1.0
29320,-1.0
29321,-1.0
29322,-1.0
29323,-1.0
29324,-1.0
29325,-1.0
29326,-1.0
29327,-1.0
29328,-1.0
29329,-1.0
29330,-1.0
29331,-1.0
29332,-1.0
29333,-1.0
29334,-1.0
29335,-1.0
29336,-1.0
29337,-1.0
29338,-1.0
29339,-1.0
29340,-1.0
29341,-1.0
29342,-1.0
29343,-1.0
29344,-1.0
29345,-1.0
29346,-1.0
29347,-1.0
29348,-1.0
29349,-1.0
29350,-1.0
29351,-1.0
29352,-1.0
29353,-1.0
29354,-1.0
29355,-1.0
29356,-1.0
29357,-1.0
29358,-1.0
29359,-1.0
29360,-1.0
29361,-1.0
29362,-1.0
29363,-1.0
29364,-1.0
29365,-1.0
29366,-1.0
29367,-1.0
29368,-1.0
29369,-1.0
29370,-1.0
29371,-1.0
29372,-1.0
29373,-1.0
29374,-1.0
29375,-1.0
29376,-1.0
29377,-1.0
29378,-1.0
29379,-1.0
29380,-1.0
29381,-1.0
29382,-1.0
29383,-1.0
29384,-1.0
29385,-1.0
29386,-1.0
29387,-1.0
29388,-1.0
29389,-1.0
29390,-1.0
29391,-1.0
29392,-1.0
29393,-1.0
29394,-1.0
29395,-1.0
29396,-1.0
29397,-1.0
29398,-1.0
29399,-1.0
29400,-1.0
29401,-1.0
29402,-1.0
29403,-1.0
29404,-1.0
29405,-1.0
29406,-1.0
29407,-1.0
29408,-1.0
29409,-1.0
29410,-1.0
29411,-1.0
29412,-1.0
29413,-1.0
29414,-1.0
29415,-1.0
29416,-1.0
29417,-1.0
29418,-1.0
29419,-1.0
29420,-1.0
29421,-1.0
29422,-1.0
29423,-1.0
29424,-1.0
29425,-1.0
29426,-1.0
29427,-1.0
29428,-1.0
29429,-1.0
29430,-1.0
29431,-1.0
29432,-1.0
29433,-1.0
29434,-1.0
29435,-1.0
29436,-1.0
29437,-1.0
29438,-1.0
29439,-1.0
29440,-1.0
29441,-1.0
29442,-1.0
29443,-1.0
29444,-1.0
29445,-1.0
29446,-1.0
29447,-1.0
29448,-1.0
29449,-1.0
29450,-1.0
29451,-1.0
29452,-1.0
29453,-1.0
29454,-1.0
29455,-1.0
29456,-1.0
29457,-1.0
29458,-1.0
29459,-1.0
29460,-1.0
29461,-1.0
29462,-1.0
29463,-1.0
29464,-1.0
29465,-1.0
29466,-1.0
29467,-1.0
29468,-1.0
29469,-1.0
29470,-1.0
29471,-1.0
29472,-1.0
29473,-1.0
29474,-1.0
29475,-1.0
29476,-1.0
29477,-1.0
29478,-1.0
29479,-1.0
29480,-1.0
29481,-1.0
29482,-1.0
29483,-1.0
29484,-1.0
29485,-1.0
29486,-1.0
29487,-1.0
29488,-1.0
29489,-1.0
29490,-1.0
29491,-1.0
29492,-1.0
29493,-1.0
29494,-1.0
29495,-1.0
29496,-1.0
29497,-1.0
29498,-1.0
29499,-1.0
29500,-1.0
29501,-1.0
29502,-1.0
29503,-1.0
29504,-1.0
29505,-1.0
29506,-1.0
29507,-1.0
29508,-1.0
29509,-1.0
29510,-1.0
29511,-1.0
29512,-1.0
29513,-1.0
29514,-1.0
29515,-1.0
29516,-1.0
29517,-1.0
29518,-1.0
29519,-1.0
29520,-1.0
29521,-1.0
29522,-1.0
29523,-1.0
29524,-1.0
29525,-1.0
29526,-1.0
29527,-1.0
29528,-1.0
29529,-1.0
29530,-1.0
29531,-1.0
29532,-1.0
29533,-1.0
29534,-1.0
29535,-1.0
29536,-1.0
29537,-1.0
29538,-1.0
29539,-1.0
29540,-1.0
29541,-1.0
29542,-1.0
29543,-1.0
29544,-1.0
29545,-1.0
29546,-1.0
29547,-1.0
29548,-1.0
29549,-1.0
29550,-1.0
29551,-1.0
29552,-1.0
29553,-1.0
29554,-1.0
29555,-1.0
29556,-1.0
29557,-1.0
29558,-1.0
29559,-1.0
29560,-1.0
29561,-1.0
29562,-1.0
29563,-1.0
29564,-1.0
29565,-1.0
29566,-1.0
29567,-1.0
29568,-1.0
29569,-1.0
29570,-1.0
29571,-1.0
29572,-1.0
29573,-1.0
29574,-1.0
29575,-1.0
29576,-1.0
29577,-1.0
29578,-1.0
29579,-1.0
29580,-1.0
29581,-1.0
29582,-1.0
29583,-1.0
29584,-1.0
29585,-1.0
29586,-1.0
29587,-1.0
29588,-1.0
29589,-1.0
29590,-1.0
29591,-1.0
29592,-1.0
29593,-1.0
29594,-1.0
29595,-1.0
29596,-1.0
29597,-1.0
29598,-1.0
29599,-1.0
29600,-1.0
29601,-1.0
29602,-1.0
29603,-1.0
29604,-1.0
29605,-1.0
29606,-1.0
29607,-1.0
29608,-1.0
29609,-1.0
29610,-1.0
29611,-1.0
29612,-1.0
29613,-1.0
29614,-1.0
29615,-1.0
29616,-1.0
29617,-1.0
29618,-1.0
29619,-1.0
29620,-1.0
29621,-1.0
29622,-1.0
29623,-1.0
29624,-1.0
29625,-1.0
29626,-1.0
29627,-1.0
29628,-1.0
29629,-1.0
29630,-1.0
29631,-1.0
29632,-1.0
29633,-1.0
29634,-1.0
29635,-1.0
29636,-1.0
29637,-1.0
29638,-1.0
29639,-1.0
29640,-1.0
29641,-1.0
29642,-1.0
29643,-1.0
29644,-1.0
29645,-1.0
29646,-1.0
29647,-1.0
29648,-1.0
29649,-1.0
29650,-1.0
29651,-1.0
29652,-1.0
29653,-1.0
29654,-1.0
29655,-1.0
29656,-1.0
29657,-1.0
29658,-1.0
29659,-1.0
29660,-1.0
29661,-1.0
29662,-1.0
29663,-1.0
29664,-1.0
29665,-1.0
29666,-1.0
29667,-1.0
29668,-1.0
29669,-1.0
29670,-1.0
29671,-1.0
29672,-1.0
29673,-1.0
29674,-1.0
29675,-1.0
29676,-1.0
29677,-1.0
29678,-1.0
29679,-1.0
29680,-1.0
29681,-1.0
29682,-1.0
29683,-1.0
29684,-1.0
29685,-1.0
29686,-1.0
29687,-1.0
29688,-1.0
29689,-1.0
29690,-1.0
29691,-1.0
29692,-1.0
29693,-1.0
29694,-1.0
29695,-1.0
29696,-1.0
29697,-1.0
29698,-1.0
29699,-1.0
29700,-1.0
29701,-1.0
29702,-1.0
29703,-1.0
29704,-1.0
29705,-1.0
29706,-1.0
29707,-1.0
29708,-1.0
29709,-1.0
29710,-1.0
29711,-1.0
29712,-1.0
29713,-1.0
29714,-1.0
29715,-1.0
29716,-1.0
29717,-1.0
29718,-1.0
29719,-1.0
29720,-1.0
29721,-1.0
29722,-1.0
29723,-1.0
29724,-1.0
29725,-1.0
29726,-1.0
29727,-1.0
29728,-1.0
29729,-1.0
29730,-1.0
29731,-1.0
29732,-1.0
29733,-1.0
29734,-1.0
29735,-1.0
29736,-1.0
29737,-1.0
29738,-1.0
29739,-1.0
29740,-1.0
29741,-1.0
29742,-1.0
29743,-1.0
29744,-1.0
29745,-1.0
29746,-1.0
29747,-1.0
29748,-1.0
29749,-1.0
29750,-1.0
29751,-1.0
29752,-1.0
29753,-1.0
29754,-1.0
29755,-1.0
29756,-1.0
29757,-1.0
29758,-1.0
29759,-1.0
29760,-1.0
29761,-1.0
29762,-1.0
29763,-1.0
29764,-1.0
29765,-1.0
29766,-1.0
29767,-1.0
29768,-1.0
29769,-1.0
29770,-1.0
29771,-1.0
29772,-1.0
29773,-1.0
29774,-1.0
29775,-1.0
29776,-1.0
29777,-1.0
29778,-1.0
29779,-1.0
29780,-1.0
29781,-1.0
29782,-1.0
29783,-1.0
29784,-1.0
29785,-1.0
29786,-1.0
29787,-1.0
29788,-1.0
29789,-1.0
29790,-1.0
29791,-1.0
29792,-1.0
29793,-1.0
29794,-1.0
29795,-1.0
29796,-1.0
29797,-1.0
29798,-1.0
29799,-1.0
29800,-1.0
29801,-1.0
29802,-1.0
29803,-1.0
29804,-1.0
29805,-1.0
29806,-1.0
29807,-1.0
29808,-1.0
29809,-1.0
29810,-1.0
29811,-1.0
29812,-1.0
29813,-1.0
29814,-1.0
29815,-1.0
29816,-1.0
29817,-1.0
29818,-1.0
29819,-1.0
29820,-1.0
29821,-1.0
29822,-1.0
29823,-1.0
29824,-1.0
29825,-1.0
29826,-1.0
29827,-1.0
29828,-1.0
29829,-1.0
29830,-1.0
29831,-1.0
29832,-1.0
29833,-1.0
29834,-1.0
29835,-1.0
29836,-1.0
29837,-1.0
29838,-1.0
29839,-1.0
29840,-1.0
29841,-1.0
29842,-1.0
29843,-1.0
29844,-1.0
29845,-1.0
29846,-1.0
29847,-1.0
29848,-1.0
29849,-1.0
29850,-1.0
29851,-1.0
29852,-1.0
29853,-1.0
29854,-1.0
29855,-1.0
29856,-1.0
29857,-1.0
29858,-1.0
29859,-1.0
29860,-1.0
29861,-1.0
29862,-1.0
29863,-1.0
29864,-1.0
29865,-1.0
29866,-1.0
29867,-1.0
29868,-1.0
29869,-1.0
29870,-1.0
29871,-1.0
29872,-1.0
29873,-1.0
29874,-1.0
29875,-1.0
29876,-1.0
29877,-1.0
29878,-1.0
29879,-1.0
29880,-1.0
29881,-1.0
29882,-1.0
29883,-1.0
29884,-1.0
29885,-1.0
29886,-1.0
29887,-1.0
29888,-1.0
29889,-1.0
29890,-1.0
29891,-1.0
29892,-1.0
29893,-1.0
29894,-1.0
29895,-1.0
29896,-1.0
29897,-1.0
29898,-1.0
29899,-1.0
29900,-1.0
29901,-1.0
29902,-1.0
29903,-1.0
29904,-1.0
29905,-1.0
29906,-1.0
29907,-1.0
29908,-1.0
29909,-1.0
29910,-1.0
29911,-1.0
29912,-1.0
29913,-1.0
29914,-1.0
29915,-1.0
29916,-1.0
29917,-1.0
29918,-1.0
29919,-1.0
29920,-1.0
29921,-1.0
29922,-1.0
29923,-1.0
29924,-1.0
29925,-1.0
29926,-1.0
29927,-1.0
29928,-1.0
29929,-1.0
29930,-1.0
29931,-1.0
29932,-1.0
29933,-1.0
29934,-1.0
29935,-1.0
29936,-1.0
29937,-1.0
29938,-1.0
29939,-1.0
29940,-1.0
29941,-1.0
29942,-1.0
29943,-1.0
29944,-1.0
29945,-1.0
29946,-1.0
29947,-1.0
29948,-1.0
29949,-1.0
29950,-1.0
29951,-1.0
29952,-1.0
29953,-1.0
29954,-1.0
29955,-1.0
29956,-1.0
29957,-1.0
29958,-1.0
29959,-1.0
29960,-1.0
29961,-1.0
29962,-1.0
29963,-1.0
29964,-1.0
29965,-1.0
29966,-1.0
29967,-1.0
29968,-1.0
29969,-1.0
29970,-1.0
29971,-1.0
29972,-1.0
29973,-1.0
29974,-1.0
29975,-1.0
29976,-1.0
29977,-1.0
29978,-1.0
29979,-1.0
29980,-1.0
29981,-1.0
29982,-1.0
29983,-1.0
29984,-1.0
29985,-1.0
29986,-1.0
29987,-1.0
29988,-1.0
29989,-1.0
29990,-1.0
29991,-1.0
29992,-1.0
29993,-1.0
29994,-1.0
29995,-1.0
29996,-1.0
29997,-1.0
29998,-1.0
29999,-1.0
30000,-1.0
30001,-1.0
30002,-1.0
30003,-1.0
30004,-1.0
30005,-1.0
30006,-1.0
30007,-1.0
30008,-1.0
30009,-1.0
30010,-1.0
30011,-1.0
30012,-1.0
30013,-1.0
30014,-1.0
30015,-1.0
30016,-1.0
30017,-1.0
30018,-1.0
30019,-1.0
30020,-1.0
30021,-1.0
30022,-1.0
30023,-1.0
30024,-1.0
30025,-1.0
30026,-1.0
30027,-1.0
30028,-1.0
30029,-1.0
30030,-1.0
30031,-1.0
30032,-1.0
30033,-1.0
30034,-1.0
30035,-1.0
30036,-1.0
30037,-1.0
30038,-1.0
30039,-1.0
30040,-1.0
30041,-1.0
30042,-1.0
30043,-1.0
30044,-1.0
30045,-1.0
30046,-1.0
30047,-1.0
30048,-1.0
30049,-1.0
30050,-1.0
30051,-1.0
30052,-1.0
30053,-1.0
30054,-1.0
30055,-1.0
30056,-1.0
30057,-1.0
30058,-1.0
30059,-1.0
30060,-1.0
30061,-1.0
30062,-1.0
30063,-1.0
30064,-1.0
30065,-1.0
30066,-1.0
30067,-1.0
30068,-1.0
30069,-1.0
30070,-1.0
30071,-1.0
30072,-1.0
30073,-1.0
30074,-1.0
30075,-1.0
30076,-1.0
30077,-1.0
30078,-1.0
30079,-1.0
30080,-1.0
30081,-1.0
30082,-1.0
30083,-1.0
30084,-1.0
30085,-1.0
30086,-1.0
30087,-1.0
30088,-1.0
30089,-1.0
30090,-1.0
30091,-1.0
30092,-1.0
30093,-1.0
30094,-1.0
30095,-1.0
30096,-1.0
30097,-1.0
30098,-1.0
30099,-1.0
30100,-1.0
30101,-1.0
30102,-1.0
30103,-1.0
30104,-1.0
30105,-1.0
30106,-1.0
30107,-1.0
30108,-1.0
30109,-1.0
30110,-1.0
30111,-1.0
30112,-1.0
30113,-1.0
30114,-1.0
30115,-1.0
30116,-1.0
30117,-1.0
30118,-1.0
30119,-1.0
30120,-1.0
30121,-1.0
30122,-1.0
30123,-1.0
30124,-1.0
30125,-1.0
30126,-1.0
30127,-1.0
30128,-1.0
30129,-1.0
30130,-1.0
30131,-1.0
30132,-1.0
30133,-1.0
30134,-1.0
30135,-1.0
30136,-1.0
30137,-1.0
30138,-1.0
30139,-1.0
30140,-1.0
30141,-1.0
30142,-1.0
30143,-1.0
30144,-1.0
30145,-1.0
30146,-1.0
30147,-1.0
30148,-1.0
30149,-1.0
30150,-1.0
30151,-1.0
30152,-1.0
30153,-1.0
30154,-1.0
30155,-1.0
30156,-1.0
30157,-1.0
30158,-1.0
30159,-1.0
30160,-1.0
30161,-1.0
30162,-1.0
30163,-1.0
30164,-1.0
30165,-1.0
30166,-1.0
30167,-1.0
30168,-1.0
30169,-1.0
30170,-1.0
30171,-1.0
30172,-1.0
30173,-1.0
30174,-1.0
30175,-1.0
30176,-1.0
30177,-1.0
30178,-1.0
30179,-1.0
30180,-1.0
30181,-1.0
30182,-1.0
30183,-1.0
30184,-1.0
30185,-1.0
30186,-1.0
30187,-1.0
30188,-1.0
30189,-1.0
30190,-1.0
30191,-1.0
30192,-1.0
30193,-1.0
30194,-1.0
30195,-1.0
30196,-1.0
30197,-1.0
30198,-1.0
30199,-1.0
30200,-1.0
30201,-1.0
30202,-1.0
30203,-1.0
30204,-1.0
30205,-1.0
30206,-1.0
30207,-1.0
30208,-1.0
30209,-1.0
30210,-1.0
30211,-1.0
30212,-1.0
30213,-1.0
30214,-1.0
30215,-1.0
30216,-1.0
30217,-1.0
30218,-1.0
30219,-1.0
30220,-1.0
30221,-1.0
30222,-1.0
30223,-1.0
30224,-1.0
30225,-1.0
30226,-1.0
30227,-1.0
30228,-1.0
30229,-1.0
30230,-1.0
30231,-1.0
30232,-1.0
30233,-1.0
30234,-1.0
30235,-1.0
30236,-1.0
30237,-1.0
30238,-1.0
30239,-1.0
30240,-1.0
30241,-1.0
30242,-1.0
30243,-1.0
30244,-1.0
30245,-1.0
30246,-1.0
30247,-1.0
30248,-1.0
30249,-1.0
30250,-1.0
30251,-1.0
30252,-1.0
30253,-1.0
30254,-1.0
30255,-1.0
30256,-1.0
30257,-1.0
30258,-1.0
30259,-1.0
30260,-1.0
30261,-1.0
30262,-1.0
30263,-1.0
30264,-1.0
30265,-1.0
30266,-1.0
30267,-1.0
30268,-1.0
30269,-1.0
30270,-1.0
30271,-1.0
30272,-1.0
30273,-1.0
30274,-1.0
30275,-1.0
30276,-1.0
30277,-1.0
30278,-1.0
30279,-1.0
30280,-1.0
30281,-1.0
30282,-1.0
30283,-1.0
30284,-1.0
30285,-1.0
30286,-1.0
30287,-1.0
30288,-1.0
30289,-1.0
30290,-1.0
30291,-1.0
30292,-1.0
30293,-1.0
30294,-1.0
30295,-1.0
30296,-1.0
30297,-1.0
30298,-1.0
30299,-1.0
30300,-1.0
30301,-1.0
30302,-1.0
30303,-1.0
30304,-1.0
30305,-1.0
30306,-1.0
30307,-1.0
30308,-1.0
30309,-1.0
30310,-1.0
30311,-1.0
30312,-1.0
30313,-1.0
30314,-1.0
30315,-1.0
30316,-1.0
30317,-1.0
30318,-1.0
30319,-1.0
30320,-1.0
30321,-1.0
30322,-1.0
30323,-1.0
30324,-1.0
30325,-1.0
30326,-1.0
30327,-1.0
30328,-1.0
30329,-1.0
30330,-1.0
30331,-1.0
30332,-1.0
30333,-1.0
30334,-1.0
30335,-1.0
30336,-1.0
30337,-1.0
30338,-1.0
30339,-1.0
30340,-1.0
30341,-1.0
30342,-1.0
30343,-1.0
30344,-1.0
30345,-1.0
30346,-1.0
30347,-1.0
30348,-1.0
30349,-1.0
30350,-1.0
30351,-1.0
30352,-1.0
30353,-1.0
30354,-1.0
30355,-1.0
30356,-1.0
30357,-1.0
30358,-1.0
30359,-1.0
30360,-1.0
30361,-1.0
30362,-1.0
30363,-1.0
30364,-1.0
30365,-1.0
30366,-1.0
30367,-1.0
30368,-1.0
30369,-1.0
30370,-1.0
30371,-1.0
30372,-1.0
30373,-1.0
30374,-1.0
30375,-1.0
30376,-1.0
30377,-1.0
30378,-1.0
30379,-1.0
30380,-1.0
30381,-1.0
30382,-1.0
30383,-1.0
30384,-1.0
30385,-1.0
30386,-1.0
30387,-1.0
30388,-1.0
30389,-1.0
30390,-1.0
30391,-1.0
30392,-1.0
30393,-1.0
30394,-1.0
30395,-1.0
30396,-1.0
30397,-1.0
30398,-1.0
30399,-1.0
30400,-1.0
30401,-1.0
30402,-1.0
30403,-1.0
30404,-1.0
30405,-1.0
30406,-1.0
30407,-1.0
30408,-1.0
30409,-1.0
30410,-1.0
30411,-1.0
30412,-1.0
30413,-1.0
30414,-1.0
30415,-1.0
30416,-1.0
30417,-1.0
30418,-1.0
30419,-1.0
30420,-1.0
30421,-1.0
30422,-1.0
30423,-1.0
30424,-1.0
30425,-1.0
30426,-1.0
30427,-1.0
30428,-1.0
30429,-1.0
30430,-1.0
30431,-1.0
30432,-1.0
30433,-1.0
30434,-1.0
30435,-1.0
30436,-1.0
30437,-1.0
30438,-1.0
30439,-1.0
30440,-1.0
30441,-1.0
30442,-1.0
30443,-1.0
30444,-1.0
30445,-1.0
30446,-1.0
30447,-1.0
30448,-1.0
30449,-1.0
30450,-1.0
30451,-1.0
30452,-1.0
30453,-1.0
30454,-1.0
30455,-1.0
30456,-1.0
30457,-1.0
30458,-1.0
30459,-1.0
30460,-1.0
30461,-1.0
30462,-1.0
30463,-1.0
30464,-1.0
30465,-1.0
30466,-1.0
30467,-1.0
30468,-1.0
30469,-1.0
30470,-1.0
30471,-1.0
30472,-1.0
30473,-1.0
30474,-1.0
30475,-1.0
30476,-1.0
30477,-1.0
30478,-1.0
30479,-1.0
30480,-1.0
30481,-1.0
30482,-1.0
30483,-1.0
30484,-1.0
30485,-1.0
30486,-1.0
30487,-1.0
30488,-1.0
30489,-1.0
30490,-1.0
30491,-1.0
30492,-1.0
30493,-1.0
30494,-1.0
30495,-1.0
30496,-1.0
30497,-1.0
30498,-1.0
30499,-1.0
30500,-1.0
30501,-1.0
30502,-1.0
30503,-1.0
30504,-1.0
30505,-1.0
30506,-1.0
30507,-1.0
30508,-1.0
30509,-1.0
30510,-1.0
30511,-1.0
30512,-1.0
30513,-1.0
30514,-1.0
30515,-1.0
30516,-1.0
30517,-1.0
30518,-1.0
30519,-1.0
30520,-1.0
30521,-1.0
30522,-1.0
30523,-1.0
30524,-1.0
30525,-1.0
30526,-1.0
30527,-1.0
30528,-1.0
30529,-1.0
30530,-1.0
30531,-1.0
30532,-1.0
30533,-1.0
30534,-1.0
30535,-1.0
30536,-1.0
30537,-1.0
30538,-1.0
30539,-1.0
30540,-1.0
30541,-1.0
30542,-1.0
30543,-1.0
30544,-1.0
30545,-1.0
30546,-1.0
30547,-1.0
30548,-1.0
30549,-1.0
30550,-1.0
30551,-1.0
30552,-1.0
30553,-1.0
30554,-1.0
30555,-1.0
30556,-1.0
30557,-1.0
30558,-1.0
30559,-1.0
30560,-1.0
30561,-1.0
30562,-1.0
30563,-1.0
30564,-1.0
30565,-1.0
30566,-1.0
30567,-1.0
30568,-1.0
30569,-1.0
30570,-1.0
30571,-1.0
30572,-1.0
30573,-1.0
30574,-1.0
30575,-1.0
30576,-1.0
30577,-1.0
30578,-1.0
30579,-1.0
30580,-1.0
30581,-1.0
30582,-1.0
30583,-1.0
30584,-1.0
30585,-1.0
30586,-1.0
30587,-1.0
30588,-1.0
30589,-1.0
30590,-1.0
30591,-1.0
30592,-1.0
30593,-1.0
30594,-1.0
30595,-1.0
30596,-1.0
30597,-1.0
30598,-1.0
30599,-1.0
30600,-1.0
30601,-1.0
30602,-1.0
30603,-1.0
30604,-1.0
30605,-1.0
30606,-1.0
30607,-1.0
30608,-1.0
30609,-1.0
30610,-1.0
30611,-1.0
30612,-1.0
30613,-1.0
30614,-1.0
30615,-1.0
30616,-1.0
30617,-1.0
30618,-1.0
30619,-1.0
30620,-1.0
30621,-1.0
30622,-1.0
30623,-1.0
30624,-1.0
30625,-1.0
30626,-1.0
30627,-1.0
30628,-1.0
30629,-1.0
30630,-1.0
30631,-1.0
30632,-1.0
30633,-1.0
30634,-1.0
30635,-1.0
30636,-1.0
30637,-1.0
30638,-1.0
30639,-1.0
30640,-1.0
30641,-1.0
30642,-1.0
30643,-1.0
30644,-1.0
30645,-1.0
30646,-1.0
30647,-1.0
30648,-1.0
30649,-1.0
30650,-1.0
30651,-1.0
30652,-1.0
30653,-1.0
30654,-1.0
30655,-1.0
30656,-1.0
30657,-1.0
30658,-1.0
30659,-1.0
30660,-1.0
30661,-1.0
30662,-1.0
30663,-1.0
30664,-1.0
30665,-1.0
30666,-1.0
30667,-1.0
30668,-1.0
30669,-1.0
30670,-1.0
30671,-1.0
30672,-1.0
30673,-1.0
30674,-1.0
30675,-1.0
30676,-1.0
30677,-1.0
30678,-1.0
30679,-1.0
30680,-1.0
30681,-1.0
30682,-1.0
30683,-1.0
30684,-1.0
30685,-1.0
30686,-1.0
30687,-1.0
30688,-1.0
30689,-1.0
30690,-1.0
30691,-1.0
30692,-1.0
30693,-1.0
30694,-1.0
30695,-1.0
30696,-1.0
30697,-1.0
30698,-1.0
30699,-1.0
30700,-1.0
30701,-1.0
30702,-1.0
30703,-1.0
30704,-1.0
30705,-1.0
30706,-1.0
30707,-1.0
30708,-1.0
30709,-1.0
30710,-1.0
30711,-1.0
30712,-1.0
30713,-1.0
30714,-1.0
30715,-1.0
30716,-1.0
30717,-1.0
30718,-1.0
30719,-1.0
30720,-1.0
30721,-1.0
30722,-1.0
30723,-1.0
30724,-1.0
30725,-1.0
30726,-1.0
30727,-1.0
30728,-1.0
30729,-1.0
30730,-1.0
30731,-1.0
30732,-1.0
30733,-1.0
30734,-1.0
30735,-1.0
30736,-1.0
30737,-1.0
30738,-1.0
30739,-1.0
30740,-1.0
30741,-1.0
30742,-1.0
30743,-1.0
30744,-1.0
30745,-1.0
30746,-1.0
30747,-1.0
30748,-1.0
30749,-1.0
30750,-1.0
30751,-1.0
30752,-1.0
30753,-1.0
30754,-1.0
30755,-1.0
30756,-1.0
30757,-1.0
30758,-1.0
30759,-1.0
30760,-1.0
30761,-1.0
30762,-1.0
30763,-1.0
30764,-1.0
30765,-1.0
30766,-1.0
30767,-1.0
30768,-1.0
30769,-1.0
30770,-1.0
30771,-1.0
30772,-1.0
30773,-1.0
30774,-1.0
30775,-1.0
30776,-1.0
30777,-1.0
30778,-1.0
30779,-1.0
30780,-1.0
30781,-1.0
30782,-1.0
30783,-1.0
30784,-1.0
30785,-1.0
30786,-1.0
30787,-1.0
30788,-1.0
30789,-1.0
30790,-1.0
30791,-1.0
30792,-1.0
30793,-1.0
30794,-1.0
30795,-1.0
30796,-1.0
30797,-1.0
30798,-1.0
30799,-1.0
30800,-1.0
30801,-1.0
30802,-1.0
30803,-1.0
30804,-1.0
30805,-1.0
30806,-1.0
30807,-1.0
30808,-1.0
30809,-1.0
30810,-1.0
30811,-1.0
30812,-1.0
30813,-1.0
30814,-1.0
30815,-1.0
30816,-1.0
30817,-1.0
30818,-1.0
30819,-1.0
30820,-1.0
30821,-1.0
30822,-1.0
30823,-1.0
30824,-1.0
30825,-1.0
30826,-1.0
30827,-1.0
30828,-1.0
30829,-1.0
30830,-1.0
30831,-1.0
30832,-1.0
30833,-1.0
30834,-1.0
30835,-1.0
30836,-1.0
30837,-1.0
30838,-1.0
30839,-1.0
30840,-1.0
30841,-1.0
30842,-1.0
30843,-1.0
30844,-1.0
30845,-1.0
30846,-1.0
30847,-1.0
30848,-1.0
30849,-1.0
30850,-1.0
30851,-1.0
30852,-1.0
30853,-1.0
30854,-1.0
30855,-1.0
30856,-1.0
30857,-1.0
30858,-1.0
30859,-1.0
30860,-1.0
30861,-1.0
30862,-1.0
30863,-1.0
30864,-1.0
30865,-1.0
30866,-1.0
30867,-1.0
30868,-1.0
30869,-1.0
30870,-1.0
30871,-1.0
30872,-1.0
30873,-1.0
30874,-1.0
30875,-1.0
30876,-1.0
30877,-1.0
30878,-1.0
30879,-1.0
30880,-1.0
30881,-1.0
30882,-1.0
30883,-1.0
30884,-1.0
30885,-1.0
30886,-1.0
30887,-1.0
30888,-1.0
30889,-1.0
30890,-1.0
30891,-1.0
30892,-1.0
30893,-1.0
30894,-1.0
30895,-1.0
30896,-1.0
30897,-1.0
30898,-1.0
30899,-1.0
30900,-1.0
30901,-1.0
30902,-1.0
30903,-1.0
30904,-1.0
30905,-1.0
30906,-1.0
30907,-1.0
30908,-1.0
30909,-1.0
30910,-1.0
30911,-1.0
30912,-1.0
30913,-1.0
30914,-1.0
30915,-1.0
30916,-1.0
30917,-1.0
30918,-1.0
30919,-1.0
30920,-1.0
30921,-1.0
30922,-1.0
30923,-1.0
30924,-1.0
30925,-1.0
30926,-1.0
30927,-1.0
30928,-1.0
30929,-1.0
30930,-1.0
30931,-1.0
30932,-1.0
30933,-1.0
30934,-1.0
30935,-1.0
30936,-1.0
30937,-1.0
30938,-1.0
30939,-1.0
30940,-1.0
30941,-1.0
30942,-1.0
30943,-1.0
30944,-1.0
30945,-1.0
30946,-1.0
30947,-1.0
30948,-1.0
30949,-1.0
30950,-1.0
30951,-1.0
30952,-1.0
30953,-1.0
30954,-1.0
30955,-1.0
30956,-1.0
30957,-1.0
30958,-1.0
30959,-1.0
30960,-1.0
30961,-1.0
30962,-1.0
30963,-1.0
30964,-1.0
30965,-1.0
30966,-1.0
30967,-1.0
30968,-1.0
30969,-1.0
30970,-1.0
30971,-1.0
30972,-1.0
30973,-1.0
30974,-1.0
30975,-1.0
30976,-1.0
30977,-1.0
30978,-1.0
30979,-1.0
30980,-1.0
30981,-1.0
30982,-1.0
30983,-1.0
30984,-1.0
30985,-1.0
30986,-1.0
30987,-1.0
30988,-1.0
30989,-1.0
30990,-1.0
30991,-1.0
30992,-1.0
30993,-1.0
30994,-1.0
30995,-1.0
30996,-1.0
30997,-1.0
30998,-1.0
30999,-1.0
31000,-1.0
31001,-1.0
31002,-1.0
31003,-1.0
31004,-1.0
31005,-1.0
31006,-1.0
31007,-1.0
31008,-1.0
31009,-1.0
31010,-1.0
31011,-1.0
31012,-1.0
31013,-1.0
31014,-1.0
31015,-1.0
31016,-1.0
31017,-1.0
31018,-1.0
31019,-1.0
31020,-1.0
31021,-1.0
31022,-1.0
31023,-1.0
31024,-1.0
31025,-1.0
31026,-1.0
31027,-1.0
31028,-1.0
31029,-1.0
31030,-1.0
31031,-1.0
31032,-1.0
31033,-1.0
31034,-1.0
31035,-1.0
31036,-1.0
31037,-1.0
31038,-1.0
31039,-1.0
31040,-1.0
31041,-1.0
31042,-1.0
31043,-1.0
31044,-1.0
31045,-1.0
31046,-1.0
31047,-1.0
31048,-1.0
31049,-1.0
31050,-1.0
31051,-1.0
31052,-1.0
31053,-1.0
31054,-1.0
31055,-1.0
31056,-1.0
31057,-1.0
31058,-1.0
31059,-1.0
31060,-1.0
31061,-1.0
31062,-1.0
31063,-1.0
31064,-1.0
31065,-1.0
31066,-1.0
31067,-1.0
31068,-1.0
31069,-1.0
31070,-1.0
31071,-1.0
31072,-1.0
31073,-1.0
31074,-1.0
31075,-1.0
31076,-1.0
31077,-1.0
31078,-1.0
31079,-1.0
31080,-1.0
31081,-1.0
31082,-1.0
31083,-1.0
31084,-1.0
31085,-1.0
31086,-1.0
31087,-1.0
31088,-1.0
31089,-1.0
31090,-1.0
31091,-1.0
31092,-1.0
31093,-1.0
31094,-1.0
31095,-1.0
31096,-1.0
31097,-1.0
31098,-1.0
31099,-1.0
31100,-1.0
31101,-1.0
31102,-1.0
31103,-1.0
31104,-1.0
31105,-1.0
31106,-1.0
31107,-1.0
31108,-1.0
31109,-1.0
31110,-1.0
31111,-1.0
31112,-1.0
31113,-1.0
31114,-1.0
31115,-1.0
31116,-1.0
31117,-1.0
31118,-1.0
31119,-1.0
31120,-1.0
31121,-1.0
31122,-1.0
31123,-1.0
31124,-1.0
31125,-1.0
31126,-1.0
31127,-1.0
31128,-1.0
31129,-1.0
31130,-1.0
31131,-1.0
31132,-1.0
31133,-1.0
31134,-1.0
31135,-1.0
31136,-1.0
31137,-1.0
31138,-1.0
31139,-1.0
31140,-1.0
31141,-1.0
31142,-1.0
31143,-1.0
31144,-1.0
31145,-1.0
31146,-1.0
31147,-1.0
31148,-1.0
31149,-1.0
31150,-1.0
31151,-1.0
31152,-1.0
31153,-1.0
31154,-1.0
31155,-1.0
31156,-1.0
31157,-1.0
31158,-1.0
31159,-1.0
31160,-1.0
31161,-1.0
31162,-1.0
31163,-1.0
31164,-1.0
31165,-1.0
31166,-1.0
31167,-1.0
31168,-1.0
31169,-1.0
31170,-1.0
31171,-1.0
31172,-1.0
31173,-1.0
31174,-1.0
31175,-1.0
31176,-1.0
31177,-1.0
31178,-1.0
31179,-1.0
31180,-1.0
31181,-1.0
31182,-1.0
31183,-1.0
31184,-1.0
31185,-1.0
31186,-1.0
31187,-1.0
31188,-1.0
31189,-1.0
31190,-1.0
31191,-1.0
31192,-1.0
31193,-1.0
31194,-1.0
31195,-1.0
31196,-1.0
31197,-1.0
31198,-1.0
31199,-1.0
31200,-1.0
31201,-1.0
31202,-1.0
31203,-1.0
31204,-1.0
31205,-1.0
31206,-1.0
31207,-1.0
31208,-1.0
31209,-1.0
31210,-1.0
31211,-1.0
31212,-1.0
31213,-1.0
31214,-1.0
31215,-1.0
31216,-1.0
31217,-1.0
31218,-1.0
31219,-1.0
31220,-1.0
31221,-1.0
31222,-1.0
31223,-1.0
31224,-1.0
31225,-1.0
31226,-1.0
31227,-1.0
31228,-1.0
31229,-1.0
31230,-1.0
31231,-1.0
31232,-1.0
31233,-1.0
31234,-1.0
31235,-1.0
31236,-1.0
31237,-1.0
31238,-1.0
31239,-1.0
31240,-1.0
31241,-1.0
31242,-1.0
31243,-1.0
31244,-1.0
31245,-1.0
31246,-1.0
31247,-1.0
31248,-1.0
31249,-1.0
31250,-1.0
31251,-1.0
31252,-1.0
31253,-1.0
31254,-1.0
31255,-1.0
31256,-1.0
31257,-1.0
31258,-1.0
31259,-1.0
31260,-1.0
31261,-1.0
31262,-1.0
31263,-1.0
31264,-1.0
31265,-1.0
31266,-1.0
31267,-1.0
31268,-1.0
31269,-1.0
31270,-1.0
31271,-1.0
31272,-1.0
31273,-1.0
31274,-1.0
31275,-1.0
31276,-1.0
31277,-1.0
31278,-1.0
31279,-1.0
31280,-1.0
31281,-1.0
31282,-1.0
31283,-1.0
31284,-1.0
31285,-1.0
31286,-1.0
31287,-1.0
31288,-1.0
31289,-1.0
31290,-1.0
31291,-1.0
31292,-1.0
31293,-1.0
31294,-1.0
31295,-1.0
31296,-1.0
31297,-1.0
31298,-1.0
31299,-1.0
31300,-1.0
31301,-1.0
31302,-1.0
31303,-1.0
31304,-1.0
31305,-1.0
31306,-1.0
31307,-1.0
31308,-1.0
31309,-1.0
31310,-1.0
31311,-1.0
31312,-1.0
31313,-1.0
31314,-1.0
31315,-1.0
31316,-1.0
31317,-1.0
31318,-1.0
31319,-1.0
31320,-1.0
31321,-1.0
31322,-1.0
31323,-1.0
31324,-1.0
31325,-1.0
31326,-1.0
31327,-1.0
31328,-1.0
31329,-1.0
31330,-1.0
31331,-1.0
31332,-1.0
31333,-1.0
31334,-1.0
31335,-1.0
31336,-1.0
31337,-1.0
31338,-1.0
31339,-1.0
31340,-1.0
31341,-1.0
31342,-1.0
31343,-1.0
31344,-1.0
31345,-1.0
31346,-1.0
31347,-1.0
31348,-1.0
31349,-1.0
31350,-1.0
31351,-1.0
31352,-1.0
31353,-1.0
31354,-1.0
31355,-1.0
31356,-1.0
31357,-1.0
31358,-1.0
31359,-1.0
31360,-1.0
31361,-1.0
31362,-1.0
31363,-1.0
31364,-1.0
31365,-1.0
31366,-1.0
31367,-1.0
31368,-1.0
31369,-1.0
31370,-1.0
31371,-1.0
31372,-1.0
31373,-1.0
31374,-1.0
31375,-1.0
31376,-1.0
31377,-1.0
31378,-1.0
31379,-1.0
31380,-1.0
31381,-1.0
31382,-1.0
31383,-1.0
31384,-1.0
31385,-1.0
31386,-1.0
31387,-1.0
31388,-1.0
31389,-1.0
31390,-1.0
31391,-1.0
31392,-1.0
31393,-1.0
31394,-1.0
31395,-1.0
31396,-1.0
31397,-1.0
31398,-1.0
31399,-1.0
31400,-1.0
31401,-1.0
31402,-1.0
31403,-1.0
31404,-1.0
31405,-1.0
31406,-1.0
31407,-1.0
31408,-1.0
31409,-1.0
31410,-1.0
31411,-1.0
31412,-1.0
31413,-1.0
31414,-1.0
31415,-1.0
31416,-1.0
31417,-1.0
31418,-1.0
31419,-1.0
31420,-1.0
31421,-1.0
31422,-1.0
31423,-1.0
31424,-1.0
31425,-1.0
31426,-1.0
31427,-1.0
31428,-1.0
31429,-1.0
31430,-1.0
31431,-1.0
31432,-1.0
31433,-1.0
31434,-1.0
31435,-1.0
31436,-1.0
31437,-1.0
31438,-1.0
31439,-1.0
31440,-1.0
31441,-1.0
31442,-1.0
31443,-1.0
31444,-1.0
31445,-1.0
31446,-1.0
31447,-1.0
31448,-1.0
31449,-1.0
31450,-1.0
31451,-1.0
31452,-1.0
31453,-1.0
31454,-1.0
31455,-1.0
31456,-1.0
31457,-1.0
31458,-1.0
31459,-1.0
31460,-1.0
31461,-1.0
31462,-1.0
31463,-1.0
31464,-1.0
31465,-1.0
31466,-1.0
31467,-1.0
31468,-1.0
31469,-1.0
31470,-1.0
31471,-1.0
31472,-1.0
31473,-1.0
31474,-1.0
31475,-1.0
31476,-1.0
31477,-1.0
31478,-1.0
31479,-1.0
31480,-1.0
31481,-1.0
31482,-1.0
31483,-1.0
31484,-1.0
31485,-1.0
31486,-1.0
31487,-1.0
31488,-1.0
31489,-1.0
31490,-1.0
31491,-1.0
31492,-1.0
31493,-1.0
31494,-1.0
31495,-1.0
31496,-1.0
31497,-1.0
31498,-1.0
31499,-1.0
31500,-1.0
31501,-1.0
31502,-1.0
31503,-1.0
31504,-1.0
31505,-1.0
31506,-1.0
31507,-1.0
31508,-1.0
31509,-1.0
31510,-1.0
31511,-1.0
31512,-1.0
31513,-1.0
31514,-1.0
31515,-1.0
31516,-1.0
31517,-1.0
31518,-1.0
31519,-1.0
31520,-1.0
31521,-1.0
31522,-1.0
31523,-1.0
31524,-1.0
31525,-1.0
31526,-1.0
31527,-1.0
31528,-1.0
31529,-1.0
31530,-1.0
31531,-1.0
31532,-1.0
31533,-1.0
31534,-1.0
31535,-1.0
31536,-1.0
31537,-1.0
31538,-1.0
31539,-1.0
31540,-1.0
31541,-1.0
31542,-1.0
31543,-1.0
31544,-1.0
31545,-1.0
31546,-1.0
31547,-1.0
31548,-1.0
31549,-1.0
31550,-1.0
31551,-1.0
31552,-1.0
31553,-1.0
31554,-1.0
31555,-1.0
31556,-1.0
31557,-1.0
31558,-1.0
31559,-1.0
31560,-1.0
31561,-1.0
31562,-1.0
31563,-1.0
31564,-1.0
31565,-1.0
31566,-1.0
31567,-1.0
31568,-1.0
31569,-1.0
31570,-1.0
31571,-1.0
31572,-1.0
31573,-1.0
31574,-1.0
31575,-1.0
31576,-1.0
31577,-1.0
31578,-1.0
31579,-1.0
31580,-1.0
31581,-1.0
31582,-1.0
31583,-1.0
31584,-1.0
31585,-1.0
31586,-1.0
31587,-1.0
31588,-1.0
31589,-1.0
31590,-1.0
31591,-1.0
31592,-1.0
31593,-1.0
31594,-1.0
31595,-1.0
31596,-1.0
31597,-1.0
31598,-1.0
31599,-1.0
31600,-1.0
31601,-1.0
31602,-1.0
31603,-1.0
31604,-1.0
31605,-1.0
31606,-1.0
31607,-1.0
31608,-1.0
31609,-1.0
31610,-1.0
31611,-1.0
31612,-1.0
31613,-1.0
31614,-1.0
31615,-1.0
31616,-1.0
31617,-1.0
31618,-1.0
31619,-1.0
31620,-1.0
31621,-1.0
31622,-1.0
31623,-1.0
31624,-1.0
31625,-1.0
31626,-1.0
31627,-1.0
31628,-1.0
31629,-1.0
31630,-1.0
31631,-1.0
31632,-1.0
31633,-1.0
31634,-1.0
31635,-1.0
31636,-1.0
31637,-1.0
31638,-1.0
31639,-1.0
31640,-1.0
31641,-1.0
31642,-1.0
31643,-1.0
31644,-1.0
31645,-1.0
31646,-1.0
31647,-1.0
31648,-1.0
31649,-1.0
31650,-1.0
31651,-1.0
31652,-1.0
31653,-1.0
31654,-1.0
31655,-1.0
31656,-1.0
31657,-1.0
31658,-1.0
31659,-1.0
31660,-1.0
31661,-1.0
31662,-1.0
31663,-1.0
31664,-1.0
31665,-1.0
31666,-1.0
31667,-1.0
31668,-1.0
31669,-1.0
31670,-1.0
31671,-1.0
31672,-1.0
31673,-1.0
31674,-1.0
31675,-1.0
31676,-1.0
31677,-1.0
31678,-1.0
31679,-1.0
31680,-1.0
31681,-1.0
31682,-1.0
31683,-1.0
31684,-1.0
31685,-1.0
31686,-1.0
31687,-1.0
31688,-1.0
31689,-1.0
31690,-1.0
31691,-1.0
31692,-1.0
31693,-1.0
31694,-1.0
31695,-1.0
31696,-1.0
31697,-1.0
31698,-1.0
31699,-1.0
31700,-1.0
31701,-1.0
31702,-1.0
31703,-1.0
31704,-1.0
31705,-1.0
31706,-1.0
31707,-1.0
31708,-1.0
31709,-1.0
31710,-1.0
31711,-1.0
31712,-1.0
31713,-1.0
31714,-1.0
31715,-1.0
31716,-1.0
31717,-1.0
31718,-1.0
31719,-1.0
31720,-1.0
31721,-1.0
31722,-1.0
31723,-1.0
31724,-1.0
31725,-1.0
31726,-1.0
31727,-1.0
31728,-1.0
31729,-1.0
31730,-1.0
31731,-1.0
31732,-1.0
31733,-1.0
31734,-1.0
31735,-1.0
31736,-1.0
31737,-1.0
31738,-1.0
31739,-1.0
31740,-1.0
31741,-1.0
31742,-1.0
31743,-1.0
31744,-1.0
31745,-1.0
31746,-1.0
31747,-1.0
31748,-1.0
31749,-1.0
31750,-1.0
31751,-1.0
31752,-1.0
31753,-1.0
31754,-1.0
31755,-1.0
31756,-1.0
31757,-1.0
31758,-1.0
31759,-1.0
31760,-1.0
31761,-1.0
31762,-1.0
31763,-1.0
31764,-1.0
31765,-1.0
31766,-1.0
31767,-1.0
31768,-1.0
31769,-1.0
31770,-1.0
31771,-1.0
31772,-1.0
31773,-1.0
31774,-1.0
31775,-1.0
31776,-1.0
31777,-1.0
31778,-1.0
31779,-1.0
31780,-1.0
31781,-1.0
31782,-1.0
31783,-1.0
31784,-1.0
31785,-1.0
31786,-1.0
31787,-1.0
31788,-1.0
31789,-1.0
31790,-1.0
31791,-1.0
31792,-1.0
31793,-1.0
31794,-1.0
31795,-1.0
31796,-1.0
31797,-1.0
31798,-1.0
31799,-1.0
31800,-1.0
31801,-1.0
31802,-1.0
31803,-1.0
31804,-1.0
31805,-1.0
31806,-1.0
31807,-1.0
31808,-1.0
31809,-1.0
31810,-1.0
31811,-1.0
31812,-1.0
31813,-1.0
31814,-1.0
31815,-1.0
31816,-1.0
31817,-1.0
31818,-1.0
31819,-1.0
31820,-1.0
31821,-1.0
31822,-1.0
31823,-1.0
31824,-1.0
31825,-1.0
31826,-1.0
31827,-1.0
31828,-1.0
31829,-1.0
31830,-1.0
31831,-1.0
31832,-1.0
31833,-1.0
31834,-1.0
31835,-1.0
31836,-1.0
31837,-1.0
31838,-1.0
31839,-1.0
31840,-1.0
31841,-1.0
31842,-1.0
31843,-1.0
31844,-1.0
31845,-1.0
31846,-1.0
31847,-1.0
31848,-1.0
31849,-1.0
31850,-1.0
31851,-1.0
31852,-1.0
31853,-1.0
31854,-1.0
31855,-1.0
31856,-1.0
31857,-1.0
31858,-1.0
31859,-1.0
31860,-1.0
31861,-1.0
31862,-1.0
31863,-1.0
31864,-1.0
31865,-1.0
31866,-1.0
31867,-1.0
31868,-1.0
31869,-1.0
31870,-1.0
31871,-1.0
31872,-1.0
31873,-1.0
31874,-1.0
31875,-1.0
31876,-1.0
31877,-1.0
31878,-1.0
31879,-1.0
31880,-1.0
31881,-1.0
31882,-1.0
31883,-1.0
31884,-1.0
31885,-1.0
31886,-1.0
31887,-1.0
31888,-1.0
31889,-1.0
31890,-1.0
31891,-1.0
31892,-1.0
31893,-1.0
31894,-1.0
31895,-1.0
31896,-1.0
31897,-1.0
31898,-1.0
31899,-1.0
31900,-1.0
31901,-1.0
31902,-1.0
31903,-1.0
31904,-1.0
31905,-1.0
31906,-1.0
31907,-1.0
31908,-1.0
31909,-1.0
31910,-1.0
31911,-1.0
31912,-1.0
31913,-1.0
31914,-1.0
31915,-1.0
31916,-1.0
31917,-1.0
31918,-1.0
31919,-1.0
31920,-1.0
31921,-1.0
31922,-1.0
31923,-1.0
31924,-1.0
31925,-1.0
31926,-1.0
31927,-1.0
31928,-1.0
31929,-1.0
31930,-1.0
31931,-1.0
31932,-1.0
31933,-1.0
31934,-1.0
31935,-1.0
31936,-1.0
31937,-1.0
31938,-1.0
31939,-1.0
31940,-1.0
31941,-1.0
31942,-1.0
31943,-1.0
31944,-1.0
31945,-1.0
31946,-1.0
31947,-1.0
31948,-1.0
31949,-1.0
31950,-1.0
31951,-1.0
31952,-1.0
31953,-1.0
31954,-1.0
31955,-1.0
31956,-1.0
31957,-1.0
31958,-1.0
31959,-1.0
31960,-1.0
31961,-1.0
31962,-1.0
31963,-1.0
31964,-1.0
31965,-1.0
31966,-1.0
31967,-1.0
31968,-1.0
31969,-1.0
31970,-1.0
31971,-1.0
31972,-1.0
31973,-1.0
31974,-1.0
31975,-1.0
31976,-1.0
31977,-1.0
31978,-1.0
31979,-1.0
31980,-1.0
31981,-1.0
31982,-1.0
31983,-1.0
31984,-1.0
31985,-1.0
31986,-1.0
31987,-1.0
31988,-1.0
31989,-1.0
31990,-1.0
31991,-1.0
31992,-1.0
31993,-1.0
31994,-1.0
31995,-1.0
31996,-1.0
31997,-1.0
31998,-1.0
31999,-1.0
32000,-1.0
32001,-1.0
32002,-1.0
32003,-1.0
32004,-1.0
32005,-1.0
32006,-1.0
32007,-1.0
32008,-1.0
32009,-1.0
32010,-1.0
32011,-1.0
32012,-1.0
32013,-1.0
32014,-1.0
32015,-1.0
32016,-1.0
32017,-1.0
32018,-1.0
32019,-1.0
32020,-1.0
32021,-1.0
32022,-1.0
32023,-1.0
32024,-1.0
32025,-1.0
32026,-1.0
32027,-1.0
32028,-1.0
32029,-1.0
32030,-1.0
32031,-1.0
32032,-1.0
32033,-1.0
32034,-1.0
32035,-1.0
32036,-1.0
32037,-1.0
32038,-1.0
32039,-1.0
32040,-1.0
32041,-1.0
32042,-1.0
32043,-1.0
32044,-1.0
32045,-1.0
32046,-1.0
32047,-1.0
32048,-1.0
32049,-1.0
32050,-1.0
32051,-1.0
32052,-1.0
32053,-1.0
32054,-1.0
32055,-1.0
32056,-1.0
32057,-1.0
32058,-1.0
32059,-1.0
32060,-1.0
32061,-1.0
32062,-1.0
32063,-1.0
32064,-1.0
32065,-1.0
32066,-1.0
32067,-1.0
32068,-1.0
32069,-1.0
32070,-1.0
32071,-1.0
32072,-1.0
32073,-1.0
32074,-1.0
32075,-1.0
32076,-1.0
32077,-1.0
32078,-1.0
32079,-1.0
32080,-1.0
32081,-1.0
32082,-1.0
32083,-1.0
32084,-1.0
32085,-1.0
32086,-1.0
32087,-1.0
32088,-1.0
32089,-1.0
32090,-1.0
32091,-1.0
32092,-1.0
32093,-1.0
32094,-1.0
32095,-1.0
32096,-1.0
32097,-1.0
32098,-1.0
32099,-1.0
32100,-1.0
32101,-1.0
32102,-1.0
32103,-1.0
32104,-1.0
32105,-1.0
32106,-1.0
32107,-1.0
32108,-1.0
32109,-1.0
32110,-1.0
32111,-1.0
32112,-1.0
32113,-1.0
32114,-1.0
32115,-1.0
32116,-1.0
32117,-1.0
32118,-1.0
32119,-1.0
32120,-1.0
32121,-1.0
32122,-1.0
32123,-1.0
32124,-1.0
32125,-1.0
32126,-1.0
32127,-1.0
32128,-1.0
32129,-1.0
32130,-1.0
32131,-1.0
32132,-1.0
32133,-1.0
32134,-1.0
32135,-1.0
32136,-1.0
32137,-1.0
32138,-1.0
32139,-1.0
32140,-1.0
32141,-1.0
32142,-1.0
32143,-1.0
32144,-1.0
32145,-1.0
32146,-1.0
32147,-1.0
32148,-1.0
32149,-1.0
32150,-1.0
32151,-1.0
32152,-1.0
32153,-1.0
32154,-1.0
32155,-1.0
32156,-1.0
32157,-1.0
32158,-1.0
32159,-1.0
32160,-1.0
32161,-1.0
32162,-1.0
32163,-1.0
32164,-1.0
32165,-1.0
32166,-1.0
32167,-1.0
32168,-1.0
32169,-1.0
32170,-1.0
32171,-1.0
32172,-1.0
32173,-1.0
32174,-1.0
32175,-1.0
32176,-1.0
32177,-1.0
32178,-1.0
32179,-1.0
32180,-1.0
32181,-1.0
32182,-1.0
32183,-1.0
32184,-1.0
32185,-1.0
32186,-1.0
32187,-1.0
32188,-1.0
32189,-1.0
32190,-1.0
32191,-1.0
32192,-1.0
32193,-1.0
32194,-1.0
32195,-1.0
32196,-1.0
32197,-1.0
32198,-1.0
32199,-1.0
32200,-1.0
32201,-1.0
32202,-1.0
32203,-1.0
32204,-1.0
32205,-1.0
32206,-1.0
32207,-1.0
32208,-1.0
32209,-1.0
32210,-1.0
32211,-1.0
32212,-1.0
32213,-1.0
32214,-1.0
32215,-1.0
32216,-1.0
32217,-1.0
32218,-1.0
32219,-1.0
32220,-1.0
32221,-1.0
32222,-1.0
32223,-1.0
32224,-1.0
32225,-1.0
32226,-1.0
32227,-1.0
32228,-1.0
32229,-1.0
32230,-1.0
32231,-1.0
32232,-1.0
32233,-1.0
32234,-1.0
32235,-1.0
32236,-1.0
32237,-1.0
32238,-1.0
32239,-1.0
32240,-1.0
32241,-1.0
32242,-1.0
32243,-1.0
32244,-1.0
32245,-1.0
32246,-1.0
32247,-1.0
32248,-1.0
32249,-1.0
32250,-1.0
32251,-1.0
32252,-1.0
32253,-1.0
32254,-1.0
32255,-1.0
32256,-1.0
32257,-1.0
32258,-1.0
32259,-1.0
32260,-1.0
32261,-1.0
32262,-1.0
32263,-1.0
32264,-1.0
32265,-1.0
32266,-1.0
32267,-1.0
32268,-1.0
32269,-1.0
32270,-1.0
32271,-1.0
32272,-1.0
32273,-1.0
32274,-1.0
32275,-1.0
32276,-1.0
32277,-1.0
32278,-1.0
32279,-1.0
32280,-1.0
32281,-1.0
32282,-1.0
32283,-1.0
32284,-1.0
32285,-1.0
32286,-1.0
32287,-1.0
32288,-1.0
32289,-1.0
32290,-1.0
32291,-1.0
32292,-1.0
32293,-1.0
32294,-1.0
32295,-1.0
32296,-1.0
32297,-1.0
32298,-1.0
32299,-1.0
32300,-1.0
32301,-1.0
32302,-1.0
32303,-1.0
32304,-1.0
32305,-1.0
32306,-1.0
32307,-1.0
32308,-1.0
32309,-1.0
32310,-1.0
32311,-1.0
32312,-1.0
32313,-1.0
32314,-1.0
32315,-1.0
32316,-1.0
32317,-1.0
32318,-1.0
32319,-1.0
32320,-1.0
32321,-1.0
32322,-1.0
32323,-1.0
32324,-1.0
32325,-1.0
32326,-1.0
32327,-1.0
32328,-1.0
32329,-1.0
32330,-1.0
32331,-1.0
32332,-1.0
32333,-1.0
32334,-1.0
32335,-1.0
32336,-1.0
32337,-1.0
32338,-1.0
32339,-1.0
32340,-1.0
32341,-1.0
32342,-1.0
32343,-1.0
32344,-1.0
32345,-1.0
32346,-1.0
32347,-1.0
32348,-1.0
32349,-1.0
32350,-1.0
32351,-1.0
32352,-1.0
32353,-1.0
32354,-1.0
32355,-1.0
32356,-1.0
32357,-1.0
32358,-1.0
32359,-1.0
32360,-1.0
32361,-1.0
32362,-1.0
32363,-1.0
32364,-1.0
32365,-1.0
32366,-1.0
32367,-1.0
32368,-1.0
32369,-1.0
32370,-1.0
32371,-1.0
32372,-1.0
32373,-1.0
32374,-1.0
32375,-1.0
32376,-1.0
32377,-1.0
32378,-1.0
32379,-1.0
32380,-1.0
32381,-1.0
32382,-1.0
32383,-1.0
32384,-1.0
32385,-1.0
32386,-1.0
32387,-1.0
32388,-1.0
32389,-1.0
32390,-1.0
32391,-1.0
32392,-1.0
32393,-1.0
32394,-1.0
32395,-1.0
32396,-1.0
32397,-1.0
32398,-1.0
32399,-1.0
32400,-1.0
32401,-1.0
32402,-1.0
32403,-1.0
32404,-1.0
32405,-1.0
32406,-1.0
32407,-1.0
32408,-1.0
32409,-1.0
32410,-1.0
32411,-1.0
32412,-1.0
32413,-1.0
32414,-1.0
32415,-1.0
32416,-1.0
32417,-1.0
32418,-1.0
32419,-1.0
32420,-1.0
32421,-1.0
32422,-1.0
32423,-1.0
32424,-1.0
32425,-1.0
32426,-1.0
32427,-1.0
32428,-1.0
32429,-1.0
32430,-1.0
32431,-1.0
32432,-1.0
32433,-1.0
32434,-1.0
32435,-1.0
32436,-1.0
32437,-1.0
32438,-1.0
32439,-1.0
32440,-1.0
32441,-1.0
32442,-1.0
32443,-1.0
32444,-1.0
32445,-1.0
32446,-1.0
32447,-1.0
32448,-1.0
32449,-1.0
32450,-1.0
32451,-1.0
32452,-1.0
32453,-1.0
32454,-1.0
32455,-1.0
32456,-1.0
32457,-1.0
32458,-1.0
32459,-1.0
32460,-1.0
32461,-1.0
32462,-1.0
32463,-1.0
32464,-1.0
32465,-1.0
32466,-1.0
32467,-1.0
32468,-1.0
32469,-1.0
32470,-1.0
32471,-1.0
32472,-1.0
32473,-1.0
32474,-1.0
32475,-1.0
32476,-1.0
32477,-1.0
32478,-1.0
32479,-1.0
32480,-1.0
32481,-1.0
32482,-1.0
32483,-1.0
32484,-1.0
32485,-1.0
32486,-1.0
32487,-1.0
32488,-1.0
32489,-1.0
32490,-1.0
32491,-1.0
32492,-1.0
32493,-1.0
32494,-1.0
32495,-1.0
32496,-1.0
32497,-1.0
32498,-1.0
32499,-1.0
32500,-1.0
32501,-1.0
32502,-1.0
32503,-1.0
32504,-1.0
32505,-1.0
32506,-1.0
32507,-1.0
32508,-1.0
32509,-1.0
32510,-1.0
32511,-1.0
32512,-1.0
32513,-1.0
32514,-1.0
32515,-1.0
32516,-1.0
32517,-1.0
32518,-1.0
32519,-1.0
32520,-1.0
32521,-1.0
32522,-1.0
32523,-1.0
32524,-1.0
32525,-1.0
32526,-1.0
32527,-1.0
32528,-1.0
32529,-1.0
32530,-1.0
32531,-1.0
32532,-1.0
32533,-1.0
32534,-1.0
32535,-1.0
32536,-1.0
32537,-1.0
32538,-1.0
32539,-1.0
32540,-1.0
32541,-1.0
32542,-1.0
32543,-1.0
32544,-1.0
32545,-1.0
32546,-1.0
32547,-1.0
32548,-1.0
32549,-1.0
32550,-1.0
32551,-1.0
32552,-1.0
32553,-1.0
32554,-1.0
32555,-1.0
32556,-1.0
32557,-1.0
32558,-1.0
32559,-1.0
32560,-1.0
32561,-1.0
32562,-1.0
32563,-1.0
32564,-1.0
32565,-1.0
32566,-1.0
32567,-1.0
32568,-1.0
32569,-1.0
32570,-1.0
32571,-1.0
32572,-1.0
32573,-1.0
32574,-1.0
32575,-1.0
32576,-1.0
32577,-1.0
32578,-1.0
32579,-1.0
32580,-1.0
32581,-1.0
32582,-1.0
32583,-1.0
32584,-1.0
32585,-1.0
32586,-1.0
32587,-1.0
32588,-1.0
32589,-1.0
32590,-1.0
32591,-1.0
32592,-1.0
32593,-1.0
32594,-1.0
32595,-1.0
32596,-1.0
32597,-1.0
32598,-1.0
32599,-1.0
32600,-1.0
32601,-1.0
32602,-1.0
32603,-1.0
32604,-1.0
32605,-1.0
32606,-1.0
32607,-1.0
32608,-1.0
32609,-1.0
32610,-1.0
32611,-1.0
32612,-1.0
32613,-1.0
32614,-1.0
32615,-1.0
32616,-1.0
32617,-1.0
32618,-1.0
32619,-1.0
32620,-1.0
32621,-1.0
32622,-1.0
32623,-1.0
32624,-1.0
32625,-1.0
32626,-1.0
32627,-1.0
32628,-1.0
32629,-1.0
32630,-1.0
32631,-1.0
32632,-1.0
32633,-1.0
32634,-1.0
32635,-1.0
32636,-1.0
32637,-1.0
32638,-1.0
32639,-1.0
32640,-1.0
32641,-1.0
32642,-1.0
32643,-1.0
32644,-1.0
32645,-1.0
32646,-1.0
32647,-1.0
32648,-1.0
32649,-1.0
32650,-1.0
32651,-1.0
32652,-1.0
32653,-1.0
32654,-1.0
32655,-1.0
32656,-1.0
32657,-1.0
32658,-1.0
32659,-1.0
32660,-1.0
32661,-1.0
32662,-1.0
32663,-1.0
32664,-1.0
32665,-1.0
32666,-1.0
32667,-1.0
32668,-1.0
32669,-1.0
32670,-1.0
32671,-1.0
32672,-1.0
32673,-1.0
32674,-1.0
32675,-1.0
32676,-1.0
32677,-1.0
32678,-1.0
32679,-1.0
32680,-1.0
32681,-1.0
32682,-1.0
32683,-1.0
32684,-1.0
32685,-1.0
32686,-1.0
32687,-1.0
32688,-1.0
32689,-1.0
32690,-1.0
32691,-1.0
32692,-1.0
32693,-1.0
32694,-1.0
32695,-1.0
32696,-1.0
32697,-1.0
32698,-1.0
32699,-1.0
32700,-1.0
32701,-1.0
32702,-1.0
32703,-1.0
32704,-1.0
32705,-1.0
32706,-1.0
32707,-1.0
32708,-1.0
32709,-1.0
32710,-1.0
32711,-1.0
32712,-1.0
32713,-1.0
32714,-1.0
32715,-1.0
32716,-1.0
32717,-1.0
32718,-1.0
32719,-1.0
32720,-1.0
32721,-1.0
32722,-1.0
32723,-1.0
32724,-1.0
32725,-1.0
32726,-1.0
32727,-1.0
32728,-1.0
32729,-1.0
32730,-1.0
32731,-1.0
32732,-1.0
32733,-1.0
32734,-1.0
32735,-1.0
32736,-1.0
32737,-1.0
32738,-1.0
32739,-1.0
32740,-1.0
32741,-1.0
32742,-1.0
32743,-1.0
32744,-1.0
32745,-1.0
32746,-1.0
32747,-1.0
32748,-1.0
32749,-1.0
32750,-1.0
32751,-1.0
32752,-1.0
32753,-1.0
32754,-1.0
32755,-1.0
32756,-1.0
32757,-1.0
32758,-1.0
32759,-1.0
32760,-1.0
32761,-1.0
32762,-1.0
32763,-1.0
32764,-1.0
32765,-1.0
32766,-1.0
32767,-1.0
32768,-1.0
32769,-1.0
32770,-1.0
32771,-1.0
32772,-1.0
32773,-1.0
32774,-1.0
32775,-1.0
32776,-1.0
32777,-1.0
32778,-1.0
32779,-1.0
32780,-1.0
32781,-1.0
32782,-1.0
32783,-1.0
32784,-1.0
32785,-1.0
32786,-1.0
32787,-1.0
32788,-1.0
32789,-1.0
32790,-1.0
32791,-1.0
32792,-1.0
32793,-1.0
32794,-1.0
32795,-1.0
32796,-1.0
32797,-1.0
32798,-1.0
32799,-1.0
32800,-1.0
32801,-1.0
32802,-1.0
32803,-1.0
32804,-1.0
32805,-1.0
32806,-1.0
32807,-1.0
32808,-1.0
32809,-1.0
32810,-1.0
32811,-1.0
32812,-1.0
32813,-1.0
32814,-1.0
32815,-1.0
32816,-1.0
32817,-1.0
32818,-1.0
32819,-1.0
32820,-1.0
32821,-1.0
32822,-1.0
32823,-1.0
32824,-1.0
32825,-1.0
32826,-1.0
32827,-1.0
32828,-1.0
32829,-1.0
32830,-1.0
32831,-1.0
32832,-1.0
32833,-1.0
32834,-1.0
32835,-1.0
32836,-1.0
32837,-1.0
32838,-1.0
32839,-1.0
32840,-1.0
32841,-1.0
32842,-1.0
32843,-1.0
32844,-1.0
32845,-1.0
32846,-1.0
32847,-1.0
32848,-1.0
32849,-1.0
32850,-1.0
32851,-1.0
32852,-1.0
32853,-1.0
32854,-1.0
32855,-1.0
32856,-1.0
32857,-1.0
32858,-1.0
32859,-1.0
32860,-1.0
32861,-1.0
32862,-1.0
32863,-1.0
32864,-1.0
32865,-1.0
32866,-1.0
32867,-1.0
32868,-1.0
32869,-1.0
32870,-1.0
32871,-1.0
32872,-1.0
32873,-1.0
32874,-1.0
32875,-1.0
32876,-1.0
32877,-1.0
32878,-1.0
32879,-1.0
32880,-1.0
32881,-1.0
32882,-1.0
32883,-1.0
32884,-1.0
32885,-1.0
32886,-1.0
32887,-1.0
32888,-1.0
32889,-1.0
32890,-1.0
32891,-1.0
32892,-1.0
32893,-1.0
32894,-1.0
32895,-1.0
32896,-1.0
32897,-1.0
32898,-1.0
32899,-1.0
32900,-1.0
32901,-1.0
32902,-1.0
32903,-1.0
32904,-1.0
32905,-1.0
32906,-1.0
32907,-1.0
32908,-1.0
32909,-1.0
32910,-1.0
32911,-1.0
32912,-1.0
32913,-1.0
32914,-1.0
32915,-1.0
32916,-1.0
32917,-1.0
32918,-1.0
32919,-1.0
32920,-1.0
32921,-1.0
32922,-1.0
32923,-1.0
32924,-1.0
32925,-1.0
32926,-1.0
32927,-1.0
32928,-1.0
32929,-1.0
32930,-1.0
32931,-1.0
32932,-1.0
32933,-1.0
32934,-1.0
32935,-1.0
32936,-1.0
32937,-1.0
32938,-1.0
32939,-1.0
32940,-1.0
32941,-1.0
32942,-1.0
32943,-1.0
32944,-1.0
32945,-1.0
32946,-1.0
32947,-1.0
32948,-1.0
32949,-1.0
32950,-1.0
32951,-1.0
32952,-1.0
32953,-1.0
32954,-1.0
32955,-1.0
32956,-1.0
32957,-1.0
32958,-1.0
32959,-1.0
32960,-1.0
32961,-1.0
32962,-1.0
32963,-1.0
32964,-1.0
32965,-1.0
32966,-1.0
32967,-1.0
32968,-1.0
32969,-1.0
32970,-1.0
32971,-1.0
32972,-1.0
32973,-1.0
32974,-1.0
32975,-1.0
32976,-1.0
32977,-1.0
32978,-1.0
32979,-1.0
32980,-1.0
32981,-1.0
32982,-1.0
32983,-1.0
32984,-1.0
32985,-1.0
32986,-1.0
32987,-1.0
32988,-1.0
32989,-1.0
32990,-1.0
32991,-1.0
32992,-1.0
32993,-1.0
32994,-1.0
32995,-1.0
32996,-1.0
32997,-1.0
32998,-1.0
32999,-1.0
33000,-1.0
33001,-1.0
33002,-1.0
33003,-1.0
33004,-1.0
33005,-1.0
33006,-1.0
33007,-1.0
33008,-1.0
33009,-1.0
33010,-1.0
33011,-1.0
33012,-1.0
33013,-1.0
33014,-1.0
33015,-1.0
33016,-1.0
33017,-1.0
33018,-1.0
33019,-1.0
33020,-1.0
33021,-1.0
33022,-1.0
33023,-1.0
33024,-1.0
33025,-1.0
33026,-1.0
33027,-1.0
33028,-1.0
33029,-1.0
33030,-1.0
33031,-1.0
33032,-1.0
33033,-1.0
33034,-1.0
33035,-1.0
33036,-1.0
33037,-1.0
33038,-1.0
33039,-1.0
33040,-1.0
33041,-1.0
33042,-1.0
33043,-1.0
33044,-1.0
33045,-1.0
33046,-1.0
33047,-1.0
33048,-1.0
33049,-1.0
33050,-1.0
33051,-1.0
33052,-1.0
33053,-1.0
33054,-1.0
33055,-1.0
33056,-1.0
33057,-1.0
33058,-1.0
33059,-1.0
33060,-1.0
33061,-1.0
33062,-1.0
33063,-1.0
33064,-1.0
33065,-1.0
33066,-1.0
33067,-1.0
33068,-1.0
33069,-1.0
33070,-1.0
33071,-1.0
33072,-1.0
33073,-1.0
33074,-1.0
33075,-1.0
33076,-1.0
33077,-1.0
33078,-1.0
33079,-1.0
33080,-1.0
33081,-1.0
33082,-1.0
33083,-1.0
33084,-1.0
33085,-1.0
33086,-1.0
33087,-1.0
33088,-1.0
33089,-1.0
33090,-1.0
33091,-1.0
33092,-1.0
33093,-1.0
33094,-1.0
33095,-1.0
33096,-1.0
33097,-1.0
33098,-1.0
33099,-1.0
33100,-1.0
33101,-1.0
33102,-1.0
33103,-1.0
33104,-1.0
33105,-1.0
33106,-1.0
33107,-1.0
33108,-1.0
33109,-1.0
33110,-1.0
33111,-1.0
33112,-1.0
33113,-1.0
33114,-1.0
33115,-1.0
33116,-1.0
33117,-1.0
33118,-1.0
33119,-1.0
33120,-1.0
33121,-1.0
33122,-1.0
33123,-1.0
33124,-1.0
33125,-1.0
33126,-1.0
33127,-1.0
33128,-1.0
33129,-1.0
33130,-1.0
33131,-1.0
33132,-1.0
33133,-1.0
33134,-1.0
33135,-1.0
33136,-1.0
33137,-1.0
33138,-1.0
33139,-1.0
33140,-1.0
33141,-1.0
33142,-1.0
33143,-1.0
33144,-1.0
33145,-1.0
33146,-1.0
33147,-1.0
33148,-1.0
33149,-1.0
33150,-1.0
33151,-1.0
33152,-1.0
33153,-1.0
33154,-1.0
33155,-1.0
33156,-1.0
33157,-1.0
33158,-1.0
33159,-1.0
33160,-1.0
33161,-1.0
33162,-1.0
33163,-1.0
33164,-1.0
33165,-1.0
33166,-1.0
33167,-1.0
33168,-1.0
33169,-1.0
33170,-1.0
33171,-1.0
33172,-1.0
33173,-1.0
33174,-1.0
33175,-1.0
33176,-1.0
33177,-1.0
33178,-1.0
33179,-1.0
33180,-1.0
33181,-1.0
33182,-1.0
33183,-1.0
33184,-1.0
33185,-1.0
33186,-1.0
33187,-1.0
33188,-1.0
33189,-1.0
33190,-1.0
33191,-1.0
33192,-1.0
33193,-1.0
33194,-1.0
33195,-1.0
33196,-1.0
33197,-1.0
33198,-1.0
33199,-1.0
33200,-1.0
33201,-1.0
33202,-1.0
33203,-1.0
33204,-1.0
33205,-1.0
33206,-1.0
33207,-1.0
33208,-1.0
33209,-1.0
33210,-1.0
33211,-1.0
33212,-1.0
33213,-1.0
33214,-1.0
33215,-1.0
33216,-1.0
33217,-1.0
33218,-1.0
33219,-1.0
33220,-1.0
33221,-1.0
33222,-1.0
33223,-1.0
33224,-1.0
33225,-1.0
33226,-1.0
33227,-1.0
33228,-1.0
33229,-1.0
33230,-1.0
33231,-1.0
33232,-1.0
33233,-1.0
33234,-1.0
33235,-1.0
33236,-1.0
33237,-1.0
33238,-1.0
33239,-1.0
33240,-1.0
33241,-1.0
33242,-1.0
33243,-1.0
33244,-1.0
33245,-1.0
33246,-1.0
33247,-1.0
33248,-1.0
33249,-1.0
33250,-1.0
33251,-1.0
33252,-1.0
33253,-1.0
33254,-1.0
33255,-1.0
33256,-1.0
33257,-1.0
33258,-1.0
33259,-1.0
33260,-1.0
33261,-1.0
33262,-1.0
33263,-1.0
33264,-1.0
33265,-1.0
33266,-1.0
33267,-1.0
33268,-1.0
33269,-1.0
33270,-1.0
33271,-1.0
33272,-1.0
33273,-1.0
33274,-1.0
33275,-1.0
33276,-1.0
33277,-1.0
33278,-1.0
33279,-1.0
33280,-1.0
33281,-1.0
33282,-1.0
33283,-1.0
33284,-1.0
33285,-1.0
33286,-1.0
33287,-1.0
33288,-1.0
33289,-1.0
33290,-1.0
33291,-1.0
33292,-1.0
33293,-1.0
33294,-1.0
33295,-1.0
33296,-1.0
33297,-1.0
33298,-1.0
33299,-1.0
33300,-1.0
33301,-1.0
33302,-1.0
33303,-1.0
33304,-1.0
33305,-1.0
33306,-1.0
33307,-1.0
33308,-1.0
33309,-1.0
33310,-1.0
33311,-1.0
33312,-1.0
33313,-1.0
33314,-1.0
33315,-1.0
33316,-1.0
33317,-1.0
33318,-1.0
33319,-1.0
33320,-1.0
33321,-1.0
33322,-1.0
33323,-1.0
33324,-1.0
33325,-1.0
33326,-1.0
33327,-1.0
33328,-1.0
33329,-1.0
33330,-1.0
33331,-1.0
33332,-1.0
33333,-1.0
33334,-1.0
33335,-1.0
33336,-1.0
33337,-1.0
33338,-1.0
33339,-1.0
33340,-1.0
33341,-1.0
33342,-1.0
33343,-1.0
33344,-1.0
33345,-1.0
33346,-1.0
33347,-1.0
33348,-1.0
33349,-1.0
33350,-1.0
33351,-1.0
33352,-1.0
33353,-1.0
33354,-1.0
33355,-1.0
33356,-1.0
33357,-1.0
33358,-1.0
33359,-1.0
33360,-1.0
33361,-1.0
33362,-1.0
33363,-1.0
33364,-1.0
33365,-1.0
33366,-1.0
33367,-1.0
33368,-1.0
33369,-1.0
33370,-1.0
33371,-1.0
33372,-1.0
33373,-1.0
33374,-1.0
33375,-1.0
33376,-1.0
33377,-1.0
33378,-1.0
33379,-1.0
33380,-1.0
33381,-1.0
33382,-1.0
33383,-1.0
33384,-1.0
33385,-1.0
33386,-1.0
33387,-1.0
33388,-1.0
33389,-1.0
33390,-1.0
33391,-1.0
33392,-1.0
33393,-1.0
33394,-1.0
33395,-1.0
33396,-1.0
33397,-1.0
33398,-1.0
33399,-1.0
33400,-1.0
33401,-1.0
33402,-1.0
33403,-1.0
33404,-1.0
33405,-1.0
33406,-1.0
33407,-1.0
33408,-1.0
33409,-1.0
33410,-1.0
33411,-1.0
33412,-1.0
33413,-1.0
33414,-1.0
33415,-1.0
33416,-1.0
33417,-1.0
33418,-1.0
33419,-1.0
33420,-1.0
33421,-1.0
33422,-1.0
33423,-1.0
33424,-1.0
33425,-1.0
33426,-1.0
33427,-1.0
33428,-1.0
33429,-1.0
33430,-1.0
33431,-1.0
33432,-1.0
33433,-1.0
33434,-1.0
33435,-1.0
33436,-1.0
33437,-1.0
33438,-1.0
33439,-1.0
33440,-1.0
33441,-1.0
33442,-1.0
33443,-1.0
33444,-1.0
33445,-1.0
33446,-1.0
33447,-1.0
33448,-1.0
33449,-1.0
33450,-1.0
33451,-1.0
33452,-1.0
33453,-1.0
33454,-1.0
33455,-1.0
33456,-1.0
33457,-1.0
33458,-1.0
33459,-1.0
33460,-1.0
33461,-1.0
33462,-1.0
33463,-1.0
33464,-1.0
33465,-1.0
33466,-1.0
33467,-1.0
33468,-1.0
33469,-1.0
33470,-1.0
33471,-1.0
33472,-1.0
33473,-1.0
33474,-1.0
33475,-1.0
33476,-1.0
33477,-1.0
33478,-1.0
33479,-1.0
33480,-1.0
33481,-1.0
33482,-1.0
33483,-1.0
33484,-1.0
33485,-1.0
33486,-1.0
33487,-1.0
33488,-1.0
33489,-1.0
33490,-1.0
33491,-1.0
33492,-1.0
33493,-1.0
33494,-1.0
33495,-1.0
33496,-1.0
33497,-1.0
33498,-1.0
33499,-1.0
33500,-1.0
33501,-1.0
33502,-1.0
33503,-1.0
33504,-1.0
33505,-1.0
33506,-1.0
33507,-1.0
33508,-1.0
33509,-1.0
33510,-1.0
33511,-1.0
33512,-1.0
33513,-1.0
33514,-1.0
33515,-1.0
33516,-1.0
33517,-1.0
33518,-1.0
33519,-1.0
33520,-1.0
33521,-1.0
33522,-1.0
33523,-1.0
33524,-1.0
33525,-1.0
33526,-1.0
33527,-1.0
33528,-1.0
33529,-1.0
33530,-1.0
33531,-1.0
33532,-1.0
33533,-1.0
33534,-1.0
33535,-1.0
33536,-1.0
33537,-1.0
33538,-1.0
33539,-1.0
33540,-1.0
33541,-1.0
33542,-1.0
33543,-1.0
33544,-1.0
33545,-1.0
33546,-1.0
33547,-1.0
33548,-1.0
33549,-1.0
33550,-1.0
33551,-1.0
33552,-1.0
33553,-1.0
33554,-1.0
33555,-1.0
33556,-1.0
33557,-1.0
33558,-1.0
33559,-1.0
33560,-1.0
33561,-1.0
33562,-1.0
33563,-1.0
33564,-1.0
33565,-1.0
33566,-1.0
33567,-1.0
33568,-1.0
33569,-1.0
33570,-1.0
33571,-1.0
33572,-1.0
33573,-1.0
33574,-1.0
33575,-1.0
33576,-1.0
33577,-1.0
33578,-1.0
33579,-1.0
33580,-1.0
33581,-1.0
33582,-1.0
33583,-1.0
33584,-1.0
33585,-1.0
33586,-1.0
33587,-1.0
33588,-1.0
33589,-1.0
33590,-1.0
33591,-1.0
33592,-1.0
33593,-1.0
33594,-1.0
33595,-1.0
33596,-1.0
33597,-1.0
33598,-1.0
33599,-1.0
33600,-1.0
33601,-1.0
33602,-1.0
33603,-1.0
33604,-1.0
33605,-1.0
33606,-1.0
33607,-1.0
33608,-1.0
33609,-1.0
33610,-1.0
33611,-1.0
33612,-1.0
33613,-1.0
33614,-1.0
33615,-1.0
33616,-1.0
33617,-1.0
33618,-1.0
33619,-1.0
33620,-1.0
33621,-1.0
33622,-1.0
33623,-1.0
33624,-1.0
33625,-1.0
33626,-1.0
33627,-1.0
33628,-1.0
33629,-1.0
33630,-1.0
33631,-1.0
33632,-1.0
33633,-1.0
33634,-1.0
33635,-1.0
33636,-1.0
33637,-1.0
33638,-1.0
33639,-1.0
33640,-1.0
33641,-1.0
33642,-1.0
33643,-1.0
33644,-1.0
33645,-1.0
33646,-1.0
33647,-1.0
33648,-1.0
33649,-1.0
33650,-1.0
33651,-1.0
33652,-1.0
33653,-1.0
33654,-1.0
33655,-1.0
33656,-1.0
33657,-1.0
33658,-1.0
33659,-1.0
33660,-1.0
33661,-1.0
33662,-1.0
33663,-1.0
33664,-1.0
33665,-1.0
33666,-1.0
33667,-1.0
33668,-1.0
33669,-1.0
33670,-1.0
33671,-1.0
33672,-1.0
33673,-1.0
33674,-1.0
33675,-1.0
33676,-1.0
33677,-1.0
33678,-1.0
33679,-1.0
33680,-1.0
33681,-1.0
33682,-1.0
33683,-1.0
33684,-1.0
33685,-1.0
33686,-1.0
33687,-1.0
33688,-1.0
33689,-1.0
33690,-1.0
33691,-1.0
33692,-1.0
33693,-1.0
33694,-1.0
33695,-1.0
33696,-1.0
33697,-1.0
33698,-1.0
33699,-1.0
33700,-1.0
33701,-1.0
33702,-1.0
33703,-1.0
33704,-1.0
33705,-1.0
33706,-1.0
33707,-1.0
33708,-1.0
33709,-1.0
33710,-1.0
33711,-1.0
33712,-1.0
33713,-1.0
33714,-1.0
33715,-1.0
33716,-1.0
33717,-1.0
33718,-1.0
33719,-1.0
33720,-1.0
33721,-1.0
33722,-1.0
33723,-1.0
33724,-1.0
33725,-1.0
33726,-1.0
33727,-1.0
33728,-1.0
33729,-1.0
33730,-1.0
33731,-1.0
33732,-1.0
33733,-1.0
33734,-1.0
33735,-1.0
33736,-1.0
33737,-1.0
33738,-1.0
33739,-1.0
33740,-1.0
33741,-1.0
33742,-1.0
33743,-1.0
33744,-1.0
33745,-1.0
33746,-1.0
33747,-1.0
33748,-1.0
33749,-1.0
33750,-1.0
33751,-1.0
33752,-1.0
33753,-1.0
33754,-1.0
33755,-1.0
33756,-1.0
33757,-1.0
33758,-1.0
33759,-1.0
33760,-1.0
33761,-1.0
33762,-1.0
33763,-1.0
33764,-1.0
33765,-1.0
33766,-1.0
33767,-1.0
33768,-1.0
33769,-1.0
33770,-1.0
33771,-1.0
33772,-1.0
33773,-1.0
33774,-1.0
33775,-1.0
33776,-1.0
33777,-1.0
33778,-1.0
33779,-1.0
33780,-1.0
33781,-1.0
33782,-1.0
33783,-1.0
33784,-1.0
33785,-1.0
33786,-1.0
33787,-1.0
33788,-1.0
33789,-1.0
33790,-1.0
33791,-1.0
33792,-1.0
33793,-1.0
33794,-1.0
33795,-1.0
33796,-1.0
33797,-1.0
33798,-1.0
33799,-1.0
33800,-1.0
33801,-1.0
33802,-1.0
33803,-1.0
33804,-1.0
33805,-1.0
33806,-1.0
33807,-1.0
33808,-1.0
33809,-1.0
33810,-1.0
33811,-1.0
33812,-1.0
33813,-1.0
33814,-1.0
33815,-1.0
33816,-1.0
33817,-1.0
33818,-1.0
33819,-1.0
33820,-1.0
33821,-1.0
33822,-1.0
33823,-1.0
33824,-1.0
33825,-1.0
33826,-1.0
33827,-1.0
33828,-1.0
33829,-1.0
33830,-1.0
33831,-1.0
33832,-1.0
33833,-1.0
33834,-1.0
33835,-1.0
33836,-1.0
33837,-1.0
33838,-1.0
33839,-1.0
33840,-1.0
33841,-1.0
33842,-1.0
33843,-1.0
33844,-1.0
33845,-1.0
33846,-1.0
33847,-1.0
33848,-1.0
33849,-1.0
33850,-1.0
33851,-1.0
33852,-1.0
33853,-1.0
33854,-1.0
33855,-1.0
33856,-1.0
33857,-1.0
33858,-1.0
33859,-1.0
33860,-1.0
33861,-1.0
33862,-1.0
33863,-1.0
33864,-1.0
33865,-1.0
33866,-1.0
33867,-1.0
33868,-1.0
33869,-1.0
33870,-1.0
33871,-1.0
33872,-1.0
33873,-1.0
33874,-1.0
33875,-1.0
33876,-1.0
33877,-1.0
33878,-1.0
33879,-1.0
33880,-1.0
33881,-1.0
33882,-1.0
33883,-1.0
33884,-1.0
33885,-1.0
33886,-1.0
33887,-1.0
33888,-1.0
33889,-1.0
33890,-1.0
33891,-1.0
33892,-1.0
33893,-1.0
33894,-1.0
33895,-1.0
33896,-1.0
33897,-1.0
33898,-1.0
33899,-1.0
33900,-1.0
33901,-1.0
33902,-1.0
33903,-1.0
33904,-1.0
33905,-1.0
33906,-1.0
33907,-1.0
33908,-1.0
33909,-1.0
33910,-1.0
33911,-1.0
33912,-1.0
33913,-1.0
33914,-1.0
33915,-1.0
33916,-1.0
33917,-1.0
33918,-1.0
33919,-1.0
33920,-1.0
33921,-1.0
33922,-1.0
33923,-1.0
33924,-1.0
33925,-1.0
33926,-1.0
33927,-1.0
33928,-1.0
33929,-1.0
33930,-1.0
33931,-1.0
33932,-1.0
33933,-1.0
33934,-1.0
33935,-1.0
33936,-1.0
33937,-1.0
33938,-1.0
33939,-1.0
33940,-1.0
33941,-1.0
33942,-1.0
33943,-1.0
33944,-1.0
33945,-1.0
33946,-1.0
33947,-1.0
33948,-1.0
33949,-1.0
33950,-1.0
33951,-1.0
33952,-1.0
33953,-1.0
33954,-1.0
33955,-1.0
33956,-1.0
33957,-1.0
33958,-1.0
33959,-1.0
33960,-1.0
33961,-1.0
33962,-1.0
33963,-1.0
33964,-1.0
33965,-1.0
33966,-1.0
33967,-1.0
33968,-1.0
33969,-1.0
33970,-1.0
33971,-1.0
33972,-1.0
33973,-1.0
33974,-1.0
33975,-1.0
33976,-1.0
33977,-1.0
33978,-1.0
33979,-1.0
33980,-1.0
33981,-1.0
33982,-1.0
33983,-1.0
33984,-1.0
33985,-1.0
33986,-1.0
33987,-1.0
33988,-1.0
33989,-1.0
33990,-1.0
33991,-1.0
33992,-1.0
33993,-1.0
33994,-1.0
33995,-1.0
33996,-1.0
33997,-1.0
33998,-1.0
33999,-1.0
34000,-1.0
34001,-1.0
34002,-1.0
34003,-1.0
34004,-1.0
34005,-1.0
34006,-1.0
34007,-1.0
34008,-1.0
34009,-1.0
34010,-1.0
34011,-1.0
34012,-1.0
34013,-1.0
34014,-1.0
34015,-1.0
34016,-1.0
34017,-1.0
34018,-1.0
34019,-1.0
34020,-1.0
34021,-1.0
34022,-1.0
34023,-1.0
34024,-1.0
34025,-1.0
34026,-1.0
34027,-1.0
34028,-1.0
34029,-1.0
34030,-1.0
34031,-1.0
34032,-1.0
34033,-1.0
34034,-1.0
34035,-1.0
34036,-1.0
34037,-1.0
34038,-1.0
34039,-1.0
34040,-1.0
34041,-1.0
34042,-1.0
34043,-1.0
34044,-1.0
34045,-1.0
34046,-1.0
34047,-1.0
34048,-1.0
34049,-1.0
34050,-1.0
34051,-1.0
34052,-1.0
34053,-1.0
34054,-1.0
34055,-1.0
34056,-1.0
34057,-1.0
34058,-1.0
34059,-1.0
34060,-1.0
34061,-1.0
34062,-1.0
34063,-1.0
34064,-1.0
34065,-1.0
34066,-1.0
34067,-1.0
34068,-1.0
34069,-1.0
34070,-1.0
34071,-1.0
34072,-1.0
34073,-1.0
34074,-1.0
34075,-1.0
34076,-1.0
34077,-1.0
34078,-1.0
34079,-1.0
34080,-1.0
34081,-1.0
34082,-1.0
34083,-1.0
34084,-1.0
34085,-1.0
34086,-1.0
34087,-1.0
34088,-1.0
34089,-1.0
34090,-1.0
34091,-1.0
34092,-1.0
34093,-1.0
34094,-1.0
34095,-1.0
34096,-1.0
34097,-1.0
34098,-1.0
34099,-1.0
34100,-1.0
34101,-1.0
34102,-1.0
34103,-1.0
34104,-1.0
34105,-1.0
34106,-1.0
34107,-1.0
34108,-1.0
34109,-1.0
34110,-1.0
34111,-1.0
34112,-1.0
34113,-1.0
34114,-1.0
34115,-1.0
34116,-1.0
34117,-1.0
34118,-1.0
34119,-1.0
34120,-1.0
34121,-1.0
34122,-1.0
34123,-1.0
34124,-1.0
34125,-1.0
34126,-1.0
34127,-1.0
34128,-1.0
34129,-1.0
34130,-1.0
34131,-1.0
34132,-1.0
34133,-1.0
34134,-1.0
34135,-1.0
34136,-1.0
34137,-1.0
34138,-1.0
34139,-1.0
34140,-1.0
34141,-1.0
34142,-1.0
34143,-1.0
34144,-1.0
34145,-1.0
34146,-1.0
34147,-1.0
34148,-1.0
34149,-1.0
34150,-1.0
34151,-1.0
34152,-1.0
34153,-1.0
34154,-1.0
34155,-1.0
34156,-1.0
34157,-1.0
34158,-1.0
34159,-1.0
34160,-1.0
34161,-1.0
34162,-1.0
34163,-1.0
34164,-1.0
34165,-1.0
34166,-1.0
34167,-1.0
34168,-1.0
34169,-1.0
34170,-1.0
34171,-1.0
34172,-1.0
34173,-1.0
34174,-1.0
34175,-1.0
34176,-1.0
34177,-1.0
34178,-1.0
34179,-1.0
34180,-1.0
34181,-1.0
34182,-1.0
34183,-1.0
34184,-1.0
34185,-1.0
34186,-1.0
34187,-1.0
34188,-1.0
34189,-1.0
34190,-1.0
34191,-1.0
34192,-1.0
34193,-1.0
34194,-1.0
34195,-1.0
34196,-1.0
34197,-1.0
34198,-1.0
34199,-1.0
34200,-1.0
34201,-1.0
34202,-1.0
34203,-1.0
34204,-1.0
34205,-1.0
34206,-1.0
34207,-1.0
34208,-1.0
34209,-1.0
34210,-1.0
34211,-1.0
34212,-1.0
34213,-1.0
34214,-1.0
34215,-1.0
34216,-1.0
34217,-1.0
34218,-1.0
34219,-1.0
34220,-1.0
34221,-1.0
34222,-1.0
34223,-1.0
34224,-1.0
34225,-1.0
34226,-1.0
34227,-1.0
34228,-1.0
34229,-1.0
34230,-1.0
34231,-1.0
34232,-1.0
34233,-1.0
34234,-1.0
34235,-1.0
34236,-1.0
34237,-1.0
34238,-1.0
34239,-1.0
34240,-1.0
34241,-1.0
34242,-1.0
34243,-1.0
34244,-1.0
34245,-1.0
34246,-1.0
34247,-1.0
34248,-1.0
34249,-1.0
34250,-1.0
34251,-1.0
34252,-1.0
34253,-1.0
34254,-1.0
34255,-1.0
34256,-1.0
34257,-1.0
34258,-1.0
34259,-1.0
34260,-1.0
34261,-1.0
34262,-1.0
34263,-1.0
34264,-1.0
34265,-1.0
34266,-1.0
34267,-1.0
34268,-1.0
34269,-1.0
34270,-1.0
34271,-1.0
34272,-1.0
34273,-1.0
34274,-1.0
34275,-1.0
34276,-1.0
34277,-1.0
34278,-1.0
34279,-1.0
34280,-1.0
34281,-1.0
34282,-1.0
34283,-1.0
34284,-1.0
34285,-1.0
34286,-1.0
34287,-1.0
34288,-1.0
34289,-1.0
34290,-1.0
34291,-1.0
34292,-1.0
34293,-1.0
34294,-1.0
34295,-1.0
34296,-1.0
34297,-1.0
34298,-1.0
34299,-1.0
34300,-1.0
34301,-1.0
34302,-1.0
34303,-1.0
34304,-1.0
34305,-1.0
34306,-1.0
34307,-1.0
34308,-1.0
34309,-1.0
34310,-1.0
34311,-1.0
34312,-1.0
34313,-1.0
34314,-1.0
34315,-1.0
34316,-1.0
34317,-1.0
34318,-1.0
34319,-1.0
34320,-1.0
34321,-1.0
34322,-1.0
34323,-1.0
34324,-1.0
34325,-1.0
34326,-1.0
34327,-1.0
34328,-1.0
34329,-1.0
34330,-1.0
34331,-1.0
34332,-1.0
34333,-1.0
34334,-1.0
34335,-1.0
34336,-1.0
34337,-1.0
34338,-1.0
34339,-1.0
34340,-1.0
34341,-1.0
34342,-1.0
34343,-1.0
34344,-1.0
34345,-1.0
34346,-1.0
34347,-1.0
34348,-1.0
34349,-1.0
34350,-1.0
34351,-1.0
34352,-1.0
34353,-1.0
34354,-1.0
34355,-1.0
34356,-1.0
34357,-1.0
34358,-1.0
34359,-1.0
34360,-1.0
34361,-1.0
34362,-1.0
34363,-1.0
34364,-1.0
34365,-1.0
34366,-1.0
34367,-1.0
34368,-1.0
34369,-1.0
34370,-1.0
34371,-1.0
34372,-1.0
34373,-1.0
34374,-1.0
34375,-1.0
34376,-1.0
34377,-1.0
34378,-1.0
34379,-1.0
34380,-1.0
34381,-1.0
34382,-1.0
34383,-1.0
34384,-1.0
34385,-1.0
34386,-1.0
34387,-1.0
34388,-1.0
34389,-1.0
34390,-1.0
34391,-1.0
34392,-1.0
34393,-1.0
34394,-1.0
34395,-1.0
34396,-1.0
34397,-1.0
34398,-1.0
34399,-1.0
34400,-1.0
34401,-1.0
34402,-1.0
34403,-1.0
34404,-1.0
34405,-1.0
34406,-1.0
34407,-1.0
34408,-1.0
34409,-1.0
34410,-1.0
34411,-1.0
34412,-1.0
34413,-1.0
34414,-1.0
34415,-1.0
34416,-1.0
34417,-1.0
34418,-1.0
34419,-1.0
34420,-1.0
34421,-1.0
34422,-1.0
34423,-1.0
34424,-1.0
34425,-1.0
34426,-1.0
34427,-1.0
34428,-1.0
34429,-1.0
34430,-1.0
34431,-1.0
34432,-1.0
34433,-1.0
34434,-1.0
34435,-1.0
34436,-1.0
34437,-1.0
34438,-1.0
34439,-1.0
34440,-1.0
34441,-1.0
34442,-1.0
34443,-1.0
34444,-1.0
34445,-1.0
34446,-1.0
34447,-1.0
34448,-1.0
34449,-1.0
34450,-1.0
34451,-1.0
34452,-1.0
34453,-1.0
34454,-1.0
34455,-1.0
34456,-1.0
34457,-1.0
34458,-1.0
34459,-1.0
34460,-1.0
34461,-1.0
34462,-1.0
34463,-1.0
34464,-1.0
34465,-1.0
34466,-1.0
34467,-1.0
34468,-1.0
34469,-1.0
34470,-1.0
34471,-1.0
34472,-1.0
34473,-1.0
34474,-1.0
34475,-1.0
34476,-1.0
34477,-1.0
34478,-1.0
34479,-1.0
34480,-1.0
34481,-1.0
34482,-1.0
34483,-1.0
34484,-1.0
34485,-1.0
34486,-1.0
34487,-1.0
34488,-1.0
34489,-1.0
34490,-1.0
34491,-1.0
34492,-1.0
34493,-1.0
34494,-1.0
34495,-1.0
34496,-1.0
34497,-1.0
34498,-1.0
34499,-1.0
34500,-1.0
34501,-1.0
34502,-1.0
34503,-1.0
34504,-1.0
34505,-1.0
34506,-1.0
34507,-1.0
34508,-1.0
34509,-1.0
34510,-1.0
34511,-1.0
34512,-1.0
34513,-1.0
34514,-1.0
34515,-1.0
34516,-1.0
34517,-1.0
34518,-1.0
34519,-1.0
34520,-1.0
34521,-1.0
34522,-1.0
34523,-1.0
34524,-1.0
34525,-1.0
34526,-1.0
34527,-1.0
34528,-1.0
34529,-1.0
34530,-1.0
34531,-1.0
34532,-1.0
34533,-1.0
34534,-1.0
34535,-1.0
34536,-1.0
34537,-1.0
34538,-1.0
34539,-1.0
34540,-1.0
34541,-1.0
34542,-1.0
34543,-1.0
34544,-1.0
34545,-1.0
34546,-1.0
34547,-1.0
34548,-1.0
34549,-1.0
34550,-1.0
34551,-1.0
34552,-1.0
34553,-1.0
34554,-1.0
34555,-1.0
34556,-1.0
34557,-1.0
34558,-1.0
34559,-1.0
34560,-1.0
34561,-1.0
34562,-1.0
34563,-1.0
34564,-1.0
34565,-1.0
34566,-1.0
34567,-1.0
34568,-1.0
34569,-1.0
34570,-1.0
34571,-1.0
34572,-1.0
34573,-1.0
34574,-1.0
34575,-1.0
34576,-1.0
34577,-1.0
34578,-1.0
34579,-1.0
34580,-1.0
34581,-1.0
34582,-1.0
34583,-1.0
34584,-1.0
34585,-1.0
34586,-1.0
34587,-1.0
34588,-1.0
34589,-1.0
34590,-1.0
34591,-1.0
34592,-1.0
34593,-1.0
34594,-1.0
34595,-1.0
34596,-1.0
34597,-1.0
34598,-1.0
34599,-1.0
34600,-1.0
34601,-1.0
34602,-1.0
34603,-1.0
34604,-1.0
34605,-1.0
34606,-1.0
34607,-1.0
34608,-1.0
34609,-1.0
34610,-1.0
34611,-1.0
34612,-1.0
34613,-1.0
34614,-1.0
34615,-1.0
34616,-1.0
34617,-1.0
34618,-1.0
34619,-1.0
34620,-1.0
34621,-1.0
34622,-1.0
34623,-1.0
34624,-1.0
34625,-1.0
34626,-1.0
34627,-1.0
34628,-1.0
34629,-1.0
34630,-1.0
34631,-1.0
34632,-1.0
34633,-1.0
34634,-1.0
34635,-1.0
34636,-1.0
34637,-1.0
34638,-1.0
34639,-1.0
34640,-1.0
34641,-1.0
34642,-1.0
34643,-1.0
34644,-1.0
34645,-1.0
34646,-1.0
34647,-1.0
34648,-1.0
34649,-1.0
34650,-1.0
34651,-1.0
34652,-1.0
34653,-1.0
34654,-1.0
34655,-1.0
34656,-1.0
34657,-1.0
34658,-1.0
34659,-1.0
34660,-1.0
34661,-1.0
34662,-1.0
34663,-1.0
34664,-1.0
34665,-1.0
34666,-1.0
34667,-1.0
34668,-1.0
34669,-1.0
34670,-1.0
34671,-1.0
34672,-1.0
34673,-1.0
34674,-1.0
34675,-1.0
34676,-1.0
34677,-1.0
34678,-1.0
34679,-1.0
34680,-1.0
34681,-1.0
34682,-1.0
34683,-1.0
34684,-1.0
34685,-1.0
34686,-1.0
34687,-1.0
34688,-1.0
34689,-1.0
34690,-1.0
34691,-1.0
34692,-1.0
34693,-1.0
34694,-1.0
34695,-1.0
34696,-1.0
34697,-1.0
34698,-1.0
34699,-1.0
34700,-1.0
34701,-1.0
34702,-1.0
34703,-1.0
34704,-1.0
34705,-1.0
34706,-1.0
34707,-1.0
34708,-1.0
34709,-1.0
34710,-1.0
34711,-1.0
34712,-1.0
34713,-1.0
34714,-1.0
34715,-1.0
34716,-1.0
34717,-1.0
34718,-1.0
34719,-1.0
34720,-1.0
34721,-1.0
34722,-1.0
34723,-1.0
34724,-1.0
34725,-1.0
34726,-1.0
34727,-1.0
34728,-1.0
34729,-1.0
34730,-1.0
34731,-1.0
34732,-1.0
34733,-1.0
34734,-1.0
34735,-1.0
34736,-1.0
34737,-1.0
34738,-1.0
34739,-1.0
34740,-1.0
34741,-1.0
34742,-1.0
34743,-1.0
34744,-1.0
34745,-1.0
34746,-1.0
34747,-1.0
34748,-1.0
34749,-1.0
34750,-1.0
34751,-1.0
34752,-1.0
34753,-1.0
34754,-1.0
34755,-1.0
34756,-1.0
34757,-1.0
34758,-1.0
34759,-1.0
34760,-1.0
34761,-1.0
34762,-1.0
34763,-1.0
34764,-1.0
34765,-1.0
34766,-1.0
34767,-1.0
34768,-1.0
34769,-1.0
34770,-1.0
34771,-1.0
34772,-1.0
34773,-1.0
34774,-1.0
34775,-1.0
34776,-1.0
34777,-1.0
34778,-1.0
34779,-1.0
34780,-1.0
34781,-1.0
34782,-1.0
34783,-1.0
34784,-1.0
34785,-1.0
34786,-1.0
34787,-1.0
34788,-1.0
34789,-1.0
34790,-1.0
34791,-1.0
34792,-1.0
34793,-1.0
34794,-1.0
34795,-1.0
34796,-1.0
34797,-1.0
34798,-1.0
34799,-1.0
34800,-1.0
34801,-1.0
34802,-1.0
34803,-1.0
34804,-1.0
34805,-1.0
34806,-1.0
34807,-1.0
34808,-1.0
34809,-1.0
34810,-1.0
34811,-1.0
34812,-1.0
34813,-1.0
34814,-1.0
34815,-1.0
34816,-1.0
34817,-1.0
34818,-1.0
34819,-1.0
34820,-1.0
34821,-1.0
34822,-1.0
34823,-1.0
34824,-1.0
34825,-1.0
34826,-1.0
34827,-1.0
34828,-1.0
34829,-1.0
34830,-1.0
34831,-1.0
34832,-1.0
34833,-1.0
34834,-1.0
34835,-1.0
34836,-1.0
34837,-1.0
34838,-1.0
34839,-1.0
34840,-1.0
34841,-1.0
34842,-1.0
34843,-1.0
34844,-1.0
34845,-1.0
34846,-1.0
34847,-1.0
34848,-1.0
34849,-1.0
34850,-1.0
34851,-1.0
34852,-1.0
34853,-1.0
34854,-1.0
34855,-1.0
34856,-1.0
34857,-1.0
34858,-1.0
34859,-1.0
34860,-1.0
34861,-1.0
34862,-1.0
34863,-1.0
34864,-1.0
34865,-1.0
34866,-1.0
34867,-1.0
34868,-1.0
34869,-1.0
34870,-1.0
34871,-1.0
34872,-1.0
34873,-1.0
34874,-1.0
34875,-1.0
34876,-1.0
34877,-1.0
34878,-1.0
34879,-1.0
34880,-1.0
34881,-1.0
34882,-1.0
34883,-1.0
34884,-1.0
34885,-1.0
34886,-1.0
34887,-1.0
34888,-1.0
34889,-1.0
34890,-1.0
34891,-1.0
34892,-1.0
34893,-1.0
34894,-1.0
34895,-1.0
34896,-1.0
34897,-1.0
34898,-1.0
34899,-1.0
34900,-1.0
34901,-1.0
34902,-1.0
34903,-1.0
34904,-1.0
34905,-1.0
34906,-1.0
34907,-1.0
34908,-1.0
34909,-1.0
34910,-1.0
34911,-1.0
34912,-1.0
34913,-1.0
34914,-1.0
34915,-1.0
34916,-1.0
34917,-1.0
34918,-1.0
34919,-1.0
34920,-1.0
34921,-1.0
34922,-1.0
34923,-1.0
34924,-1.0
34925,-1.0
34926,-1.0
34927,-1.0
34928,-1.0
34929,-1.0
34930,-1.0
34931,-1.0
34932,-1.0
34933,-1.0
34934,-1.0
34935,-1.0
34936,-1.0
34937,-1.0
34938,-1.0
34939,-1.0
34940,-1.0
34941,-1.0
34942,-1.0
34943,-1.0
34944,-1.0
34945,-1.0
34946,-1.0
34947,-1.0
34948,-1.0
34949,-1.0
34950,-1.0
34951,-1.0
34952,-1.0
34953,-1.0
34954,-1.0
34955,-1.0
34956,-1.0
34957,-1.0
34958,-1.0
34959,-1.0
34960,-1.0
34961,-1.0
34962,-1.0
34963,-1.0
34964,-1.0
34965,-1.0
34966,-1.0
34967,-1.0
34968,-1.0
34969,-1.0
34970,-1.0
34971,-1.0
34972,-1.0
34973,-1.0
34974,-1.0
34975,-1.0
34976,-1.0
34977,-1.0
34978,-1.0
34979,-1.0
34980,-1.0
34981,-1.0
34982,-1.0
34983,-1.0
34984,-1.0
34985,-1.0
34986,-1.0
34987,-1.0
34988,-1.0
34989,-1.0
34990,-1.0
34991,-1.0
34992,-1.0
34993,-1.0
34994,-1.0
34995,-1.0
34996,-1.0
34997,-1.0
34998,-1.0
34999,-1.0
35000,-1.0
35001,-1.0
35002,-1.0
35003,-1.0
35004,-1.0
35005,-1.0
35006,-1.0
35007,-1.0
35008,-1.0
35009,-1.0
35010,-1.0
35011,-1.0
35012,-1.0
35013,-1.0
35014,-1.0
35015,-1.0
35016,-1.0
35017,-1.0
35018,-1.0
35019,-1.0
35020,-1.0
35021,-1.0
35022,-1.0
35023,-1.0
35024,-1.0
35025,-1.0
35026,-1.0
35027,-1.0
35028,-1.0
35029,-1.0
35030,-1.0
35031,-1.0
35032,-1.0
35033,-1.0
35034,-1.0
35035,-1.0
35036,-1.0
35037,-1.0
35038,-1.0
35039,-1.0
35040,-1.0
35041,-1.0
35042,-1.0
35043,-1.0
35044,-1.0
35045,-1.0
35046,-1.0
35047,-1.0
35048,-1.0
35049,-1.0
35050,-1.0
35051,-1.0
35052,-1.0
35053,-1.0
35054,-1.0
35055,-1.0
35056,-1.0
35057,-1.0
35058,-1.0
35059,-1.0
35060,-1.0
35061,-1.0
35062,-1.0
35063,-1.0
35064,-1.0
35065,-1.0
35066,-1.0
35067,-1.0
35068,-1.0
35069,-1.0
35070,-1.0
35071,-1.0
35072,-1.0
35073,-1.0
35074,-1.0
35075,-1.0
35076,-1.0
35077,-1.0
35078,-1.0
35079,-1.0
35080,-1.0
35081,-1.0
35082,-1.0
35083,-1.0
35084,-1.0
35085,-1.0
35086,-1.0
35087,-1.0
35088,-1.0
35089,-1.0
35090,-1.0
35091,-1.0
35092,-1.0
35093,-1.0
35094,-1.0
35095,-1.0
35096,-1.0
35097,-1.0
35098,-1.0
35099,-1.0
35100,-1.0
35101,-1.0
35102,-1.0
35103,-1.0
35104,-1.0
35105,-1.0
35106,-1.0
35107,-1.0
35108,-1.0
35109,-1.0
35110,-1.0
35111,-1.0
35112,-1.0
35113,-1.0
35114,-1.0
35115,-1.0
35116,-1.0
35117,-1.0
35118,-1.0
35119,-1.0
35120,-1.0
35121,-1.0
35122,-1.0
35123,-1.0
35124,-1.0
35125,-1.0
35126,-1.0
35127,-1.0
35128,-1.0
35129,-1.0
35130,-1.0
35131,-1.0
35132,-1.0
35133,-1.0
35134,-1.0
35135,-1.0
35136,-1.0
35137,-1.0
35138,-1.0
35139,-1.0
35140,-1.0
35141,-1.0
35142,-1.0
35143,-1.0
35144,-1.0
35145,-1.0
35146,-1.0
35147,-1.0
35148,-1.0
35149,-1.0
35150,-1.0
35151,-1.0
35152,-1.0
35153,-1.0
35154,-1.0
35155,-1.0
35156,-1.0
35157,-1.0
35158,-1.0
35159,-1.0
35160,-1.0
35161,-1.0
35162,-1.0
35163,-1.0
35164,-1.0
35165,-1.0
35166,-1.0
35167,-1.0
35168,-1.0
35169,-1.0
35170,-1.0
35171,-1.0
35172,-1.0
35173,-1.0
35174,-1.0
35175,-1.0
35176,-1.0
35177,-1.0
35178,-1.0
35179,-1.0
35180,-1.0
35181,-1.0
35182,-1.0
35183,-1.0
35184,-1.0
35185,-1.0
35186,-1.0
35187,-1.0
35188,-1.0
35189,-1.0
35190,-1.0
35191,-1.0
35192,-1.0
35193,-1.0
35194,-1.0
35195,-1.0
35196,-1.0
35197,-1.0
35198,-1.0
35199,-1.0
35200,-1.0
35201,-1.0
35202,-1.0
35203,-1.0
35204,-1.0
35205,-1.0
35206,-1.0
35207,-1.0
35208,-1.0
35209,-1.0
35210,-1.0
35211,-1.0
35212,-1.0
35213,-1.0
35214,-1.0
35215,-1.0
35216,-1.0
35217,-1.0
35218,-1.0
35219,-1.0
35220,-1.0
35221,-1.0
35222,-1.0
35223,-1.0
35224,-1.0
35225,-1.0
35226,-1.0
35227,-1.0
35228,-1.0
35229,-1.0
35230,-1.0
35231,-1.0
35232,-1.0
35233,-1.0
35234,-1.0
35235,-1.0
35236,-1.0
35237,-1.0
35238,-1.0
35239,-1.0
35240,-1.0
35241,-1.0
35242,-1.0
35243,-1.0
35244,-1.0
35245,-1.0
35246,-1.0
35247,-1.0
35248,-1.0
35249,-1.0
35250,-1.0
35251,-1.0
35252,-1.0
35253,-1.0
35254,-1.0
35255,-1.0
35256,-1.0
35257,-1.0
35258,-1.0
35259,-1.0
35260,-1.0
35261,-1.0
35262,-1.0
35263,-1.0
35264,-1.0
35265,-1.0
35266,-1.0
35267,-1.0
35268,-1.0
35269,-1.0
35270,-1.0
35271,-1.0
35272,-1.0
35273,-1.0
35274,-1.0
35275,-1.0
35276,-1.0
35277,-1.0
35278,-1.0
35279,-1.0
35280,-1.0
35281,-1.0
35282,-1.0
35283,-1.0
35284,-1.0
35285,-1.0
35286,-1.0
35287,-1.0
35288,-1.0
35289,-1.0
35290,-1.0
35291,-1.0
35292,-1.0
35293,-1.0
35294,-1.0
35295,-1.0
35296,-1.0
35297,-1.0
35298,-1.0
35299,-1.0
35300,-1.0
35301,-1.0
35302,-1.0
35303,-1.0
35304,-1.0
35305,-1.0
35306,-1.0
35307,-1.0
35308,-1.0
35309,-1.0
35310,-1.0
35311,-1.0
35312,-1.0
35313,-1.0
35314,-1.0
35315,-1.0
35316,-1.0
35317,-1.0
35318,-1.0
35319,-1.0
35320,-1.0
35321,-1.0
35322,-1.0
35323,-1.0
35324,-1.0
35325,-1.0
35326,-1.0
35327,-1.0
35328,-1.0
35329,-1.0
35330,-1.0
35331,-1.0
35332,-1.0
35333,-1.0
35334,-1.0
35335,-1.0
35336,-1.0
35337,-1.0
35338,-1.0
35339,-1.0
35340,-1.0
35341,-1.0
35342,-1.0
35343,-1.0
35344,-1.0
35345,-1.0
35346,-1.0
35347,-1.0
35348,-1.0
35349,-1.0
35350,-1.0
35351,-1.0
35352,-1.0
35353,-1.0
35354,-1.0
35355,-1.0
35356,-1.0
35357,-1.0
35358,-1.0
35359,-1.0
35360,-1.0
35361,-1.0
35362,-1.0
35363,-1.0
35364,-1.0
35365,-1.0
35366,-1.0
35367,-1.0
35368,-1.0
35369,-1.0
35370,-1.0
35371,-1.0
35372,-1.0
35373,-1.0
35374,-1.0
35375,-1.0
35376,-1.0
35377,-1.0
35378,-1.0
35379,-1.0
35380,-1.0
35381,-1.0
35382,-1.0
35383,-1.0
35384,-1.0
35385,-1.0
35386,-1.0
35387,-1.0
35388,-1.0
35389,-1.0
35390,-1.0
35391,-1.0
35392,-1.0
35393,-1.0
35394,-1.0
35395,-1.0
35396,-1.0
35397,-1.0
35398,-1.0
35399,-1.0
35400,-1.0
35401,-1.0
35402,-1.0
35403,-1.0
35404,-1.0
35405,-1.0
35406,-1.0
35407,-1.0
35408,-1.0
35409,-1.0
35410,-1.0
35411,-1.0
35412,-1.0
35413,-1.0
35414,-1.0
35415,-1.0
35416,-1.0
35417,-1.0
35418,-1.0
35419,-1.0
35420,-1.0
35421,-1.0
35422,-1.0
35423,-1.0
35424,-1.0
35425,-1.0
35426,-1.0
35427,-1.0
35428,-1.0
35429,-1.0
35430,-1.0
35431,-1.0
35432,-1.0
35433,-1.0
35434,-1.0
35435,-1.0
35436,-1.0
35437,-1.0
35438,-1.0
35439,-1.0
35440,-1.0
35441,-1.0
35442,-1.0
35443,-1.0
35444,-1.0
35445,-1.0
35446,-1.0
35447,-1.0
35448,-1.0
35449,-1.0
35450,-1.0
35451,-1.0
35452,-1.0
35453,-1.0
35454,-1.0
35455,-1.0
35456,-1.0
35457,-1.0
35458,-1.0
35459,-1.0
35460,-1.0
35461,-1.0
35462,-1.0
35463,-1.0
35464,-1.0
35465,-1.0
35466,-1.0
35467,-1.0
35468,-1.0
35469,-1.0
35470,-1.0
35471,-1.0
35472,-1.0
35473,-1.0
35474,-1.0
35475,-1.0
35476,-1.0
35477,-1.0
35478,-1.0
35479,-1.0
35480,-1.0
35481,-1.0
35482,-1.0
35483,-1.0
35484,-1.0
35485,-1.0
35486,-1.0
35487,-1.0
35488,-1.0
35489,-1.0
35490,-1.0
35491,-1.0
35492,-1.0
35493,-1.0
35494,-1.0
35495,-1.0
35496,-1.0
35497,-1.0
35498,-1.0
35499,-1.0
35500,-1.0
35501,-1.0
35502,-1.0
35503,-1.0
35504,-1.0
35505,-1.0
35506,-1.0
35507,-1.0
35508,-1.0
35509,-1.0
35510,-1.0
35511,-1.0
35512,-1.0
35513,-1.0
35514,-1.0
35515,-1.0
35516,-1.0
35517,-1.0
35518,-1.0
35519,-1.0
35520,-1.0
35521,-1.0
35522,-1.0
35523,-1.0
35524,-1.0
35525,-1.0
35526,-1.0
35527,-1.0
35528,-1.0
35529,-1.0
35530,-1.0
35531,-1.0
35532,-1.0
35533,-1.0
35534,-1.0
35535,-1.0
35536,-1.0
35537,-1.0
35538,-1.0
35539,-1.0
35540,-1.0
35541,-1.0
35542,-1.0
35543,-1.0
35544,-1.0
35545,-1.0
35546,-1.0
35547,-1.0
35548,-1.0
35549,-1.0
35550,-1.0
35551,-1.0
35552,-1.0
35553,-1.0
35554,-1.0
35555,-1.0
35556,-1.0
35557,-1.0
35558,-1.0
35559,-1.0
35560,-1.0
35561,-1.0
35562,-1.0
35563,-1.0
35564,-1.0
35565,-1.0
35566,-1.0
35567,-1.0
35568,-1.0
35569,-1.0
35570,-1.0
35571,-1.0
35572,-1.0
35573,-1.0
35574,-1.0
35575,-1.0
35576,-1.0
35577,-1.0
35578,-1.0
35579,-1.0
35580,-1.0
35581,-1.0
35582,-1.0
35583,-1.0
35584,-1.0
35585,-1.0
35586,-1.0
35587,-1.0
35588,-1.0
35589,-1.0
35590,-1.0
35591,-1.0
35592,-1.0
35593,-1.0
35594,-1.0
35595,-1.0
35596,-1.0
35597,-1.0
35598,-1.0
35599,-1.0
35600,-1.0
35601,-1.0
35602,-1.0
35603,-1.0
35604,-1.0
35605,-1.0
35606,-1.0
35607,-1.0
35608,-1.0
35609,-1.0
35610,-1.0
35611,-1.0
35612,-1.0
35613,-1.0
35614,-1.0
35615,-1.0
35616,-1.0
35617,-1.0
35618,-1.0
35619,-1.0
35620,-1.0
35621,-1.0
35622,-1.0
35623,-1.0
35624,-1.0
35625,-1.0
35626,-1.0
35627,-1.0
35628,-1.0
35629,-1.0
35630,-1.0
35631,-1.0
35632,-1.0
35633,-1.0
35634,-1.0
35635,-1.0
35636,-1.0
35637,-1.0
35638,-1.0
35639,-1.0
35640,-1.0
35641,-1.0
35642,-1.0
35643,-1.0
35644,-1.0
35645,-1.0
35646,-1.0
35647,-1.0
35648,-1.0
35649,-1.0
35650,-1.0
35651,-1.0
35652,-1.0
35653,-1.0
35654,-1.0
35655,-1.0
35656,-1.0
35657,-1.0
35658,-1.0
35659,-1.0
35660,-1.0
35661,-1.0
35662,-1.0
35663,-1.0
35664,-1.0
35665,-1.0
35666,-1.0
35667,-1.0
35668,-1.0
35669,-1.0
35670,-1.0
35671,-1.0
35672,-1.0
35673,-1.0
35674,-1.0
35675,-1.0
35676,-1.0
35677,-1.0
35678,-1.0
35679,-1.0
35680,-1.0
35681,-1.0
35682,-1.0
35683,-1.0
35684,-1.0
35685,-1.0
35686,-1.0
35687,-1.0
35688,-1.0
35689,-1.0
35690,-1.0
35691,-1.0
35692,-1.0
35693,-1.0
35694,-1.0
35695,-1.0
35696,-1.0
35697,-1.0
35698,-1.0
35699,-1.0
35700,-1.0
35701,-1.0
35702,-1.0
35703,-1.0
35704,-1.0
35705,-1.0
35706,-1.0
35707,-1.0
35708,-1.0
35709,-1.0
35710,-1.0
35711,-1.0
35712,-1.0
35713,-1.0
35714,-1.0
35715,-1.0
35716,-1.0
35717,-1.0
35718,-1.0
35719,-1.0
35720,-1.0
35721,-1.0
35722,-1.0
35723,-1.0
35724,-1.0
35725,-1.0
35726,-1.0
35727,-1.0
35728,-1.0
35729,-1.0
35730,-1.0
35731,-1.0
35732,-1.0
35733,-1.0
35734,-1.0
35735,-1.0
35736,-1.0
35737,-1.0
35738,-1.0
35739,-1.0
35740,-1.0
35741,-1.0
35742,-1.0
35743,-1.0
35744,-1.0
35745,-1.0
35746,-1.0
35747,-1.0
35748,-1.0
35749,-1.0
35750,-1.0
35751,-1.0
35752,-1.0
35753,-1.0
35754,-1.0
35755,-1.0
35756,-1.0
35757,-1.0
35758,-1.0
35759,-1.0
35760,-1.0
35761,-1.0
35762,-1.0
35763,-1.0
35764,-1.0
35765,-1.0
35766,-1.0
35767,-1.0
35768,-1.0
35769,-1.0
35770,-1.0
35771,-1.0
35772,-1.0
35773,-1.0
35774,-1.0
35775,-1.0
35776,-1.0
35777,-1.0
35778,-1.0
35779,-1.0
35780,-1.0
35781,-1.0
35782,-1.0
35783,-1.0
35784,-1.0
35785,-1.0
35786,-1.0
35787,-1.0
35788,-1.0
35789,-1.0
35790,-1.0
35791,-1.0
35792,-1.0
35793,-1.0
35794,-1.0
35795,-1.0
35796,-1.0
35797,-1.0
35798,-1.0
35799,-1.0
35800,-1.0
35801,-1.0
35802,-1.0
35803,-1.0
35804,-1.0
35805,-1.0
35806,-1.0
35807,-1.0
35808,-1.0
35809,-1.0
35810,-1.0
35811,-1.0
35812,-1.0
35813,-1.0
35814,-1.0
35815,-1.0
35816,-1.0
35817,-1.0
35818,-1.0
35819,-1.0
35820,-1.0
35821,-1.0
35822,-1.0
35823,-1.0
35824,-1.0
35825,-1.0
35826,-1.0
35827,-1.0
35828,-1.0
35829,-1.0
35830,-1.0
35831,-1.0
35832,-1.0
35833,-1.0
35834,-1.0
35835,-1.0
35836,-1.0
35837,-1.0
35838,-1.0
35839,-1.0
35840,-1.0
35841,-1.0
35842,-1.0
35843,-1.0
35844,-1.0
35845,-1.0
35846,-1.0
35847,-1.0
35848,-1.0
35849,-1.0
35850,-1.0
35851,-1.0
35852,-1.0
35853,-1.0
35854,-1.0
35855,-1.0
35856,-1.0
35857,-1.0
35858,-1.0
35859,-1.0
35860,-1.0
35861,-1.0
35862,-1.0
35863,-1.0
35864,-1.0
35865,-1.0
35866,-1.0
35867,-1.0
35868,-1.0
35869,-1.0
35870,-1.0
35871,-1.0
35872,-1.0
35873,-1.0
35874,-1.0
35875,-1.0
35876,-1.0
35877,-1.0
35878,-1.0
35879,-1.0
35880,-1.0
35881,-1.0
35882,-1.0
35883,-1.0
35884,-1.0
35885,-1.0
35886,-1.0
35887,-1.0
35888,-1.0
35889,-1.0
35890,-1.0
35891,-1.0
35892,-1.0
35893,-1.0
35894,-1.0
35895,-1.0
35896,-1.0
35897,-1.0
35898,-1.0
35899,-1.0
35900,-1.0
35901,-1.0
35902,-1.0
35903,-1.0
35904,-1.0
35905,-1.0
35906,-1.0
35907,-1.0
35908,-1.0
35909,-1.0
35910,-1.0
35911,-1.0
35912,-1.0
35913,-1.0
35914,-1.0
35915,-1.0
35916,-1.0
35917,-1.0
35918,-1.0
35919,-1.0
35920,-1.0
35921,-1.0
35922,-1.0
35923,-1.0
35924,-1.0
35925,-1.0
35926,-1.0
35927,-1.0
35928,-1.0
35929,-1.0
35930,-1.0
35931,-1.0
35932,-1.0
35933,-1.0
35934,-1.0
35935,-1.0
35936,-1.0
35937,-1.0
35938,-1.0
35939,-1.0
35940,-1.0
35941,-1.0
35942,-1.0
35943,-1.0
35944,-1.0
35945,-1.0
35946,-1.0
35947,-1.0
35948,-1.0
35949,-1.0
35950,-1.0
35951,-1.0
35952,-1.0
35953,-1.0
35954,-1.0
35955,-1.0
35956,-1.0
35957,-1.0
35958,-1.0
35959,-1.0
35960,-1.0
35961,-1.0
35962,-1.0
35963,-1.0
35964,-1.0
35965,-1.0
35966,-1.0
35967,-1.0
35968,-1.0
35969,-1.0
35970,-1.0
35971,-1.0
35972,-1.0
35973,-1.0
35974,-1.0
35975,-1.0
35976,-1.0
35977,-1.0
35978,-1.0
35979,-1.0
35980,-1.0
35981,-1.0
35982,-1.0
35983,-1.0
35984,-1.0
35985,-1.0
35986,-1.0
35987,-1.0
35988,-1.0
35989,-1.0
35990,-1.0
35991,-1.0
35992,-1.0
35993,-1.0
35994,-1.0
35995,-1.0
35996,-1.0
35997,-1.0
35998,-1.0
35999,-1.0
36000,-1.0
36001,-1.0
36002,-1.0
36003,-1.0
36004,-1.0
36005,-1.0
36006,-1.0
36007,-1.0
36008,-1.0
36009,-1.0
36010,-1.0
36011,-1.0
36012,-1.0
36013,-1.0
36014,-1.0
36015,-1.0
36016,-1.0
36017,-1.0
36018,-1.0
36019,-1.0
36020,-1.0
36021,-1.0
36022,-1.0
36023,-1.0
36024,-1.0
36025,-1.0
36026,-1.0
36027,-1.0
36028,-1.0
36029,-1.0
36030,-1.0
36031,-1.0
36032,-1.0
36033,-1.0
36034,-1.0
36035,-1.0
36036,-1.0
36037,-1.0
36038,-1.0
36039,-1.0
36040,-1.0
36041,-1.0
36042,-1.0
36043,-1.0
36044,-1.0
36045,-1.0
36046,-1.0
36047,-1.0
36048,-1.0
36049,-1.0
36050,-1.0
36051,-1.0
36052,-1.0
36053,-1.0
36054,-1.0
36055,-1.0
36056,-1.0
36057,-1.0
36058,-1.0
36059,-1.0
36060,-1.0
36061,-1.0
36062,-1.0
36063,-1.0
36064,-1.0
36065,-1.0
36066,-1.0
36067,-1.0
36068,-1.0
36069,-1.0
36070,-1.0
36071,-1.0
36072,-1.0
36073,-1.0
36074,-1.0
36075,-1.0
36076,-1.0
36077,-1.0
36078,-1.0
36079,-1.0
36080,-1.0
36081,-1.0
36082,-1.0
36083,-1.0
36084,-1.0
36085,-1.0
36086,-1.0
36087,-1.0
36088,-1.0
36089,-1.0
36090,-1.0
36091,-1.0
36092,-1.0
36093,-1.0
36094,-1.0
36095,-1.0
36096,-1.0
36097,-1.0
36098,-1.0
36099,-1.0
36100,-1.0
36101,-1.0
36102,-1.0
36103,-1.0
36104,-1.0
36105,-1.0
36106,-1.0
36107,-1.0
36108,-1.0
36109,-1.0
36110,-1.0
36111,-1.0
36112,-1.0
36113,-1.0
36114,-1.0
36115,-1.0
36116,-1.0
36117,-1.0
36118,-1.0
36119,-1.0
36120,-1.0
36121,-1.0
36122,-1.0
36123,-1.0
36124,-1.0
36125,-1.0
36126,-1.0
36127,-1.0
36128,-1.0
36129,-1.0
36130,-1.0
36131,-1.0
36132,-1.0
36133,-1.0
36134,-1.0
36135,-1.0
36136,-1.0
36137,-1.0
36138,-1.0
36139,-1.0
36140,-1.0
36141,-1.0
36142,-1.0
36143,-1.0
36144,-1.0
36145,-1.0
36146,-1.0
36147,-1.0
36148,-1.0
36149,-1.0
36150,-1.0
36151,-1.0
36152,-1.0
36153,-1.0
36154,-1.0
36155,-1.0
36156,-1.0
36157,-1.0
36158,-1.0
36159,-1.0
36160,-1.0
36161,-1.0
36162,-1.0
36163,-1.0
36164,-1.0
36165,-1.0
36166,-1.0
36167,-1.0
36168,-1.0
36169,-1.0
36170,-1.0
36171,-1.0
36172,-1.0
36173,-1.0
36174,-1.0
36175,-1.0
36176,-1.0
36177,-1.0
36178,-1.0
36179,-1.0
36180,-1.0
36181,-1.0
36182,-1.0
36183,-1.0
36184,-1.0
36185,-1.0
36186,-1.0
36187,-1.0
36188,-1.0
36189,-1.0
36190,-1.0
36191,-1.0
36192,-1.0
36193,-1.0
36194,-1.0
36195,-1.0
36196,-1.0
36197,-1.0
36198,-1.0
36199,-1.0
36200,-1.0
36201,-1.0
36202,-1.0
36203,-1.0
36204,-1.0
36205,-1.0
36206,-1.0
36207,-1.0
36208,-1.0
36209,-1.0
36210,-1.0
36211,-1.0
36212,-1.0
36213,-1.0
36214,-1.0
36215,-1.0
36216,-1.0
36217,-1.0
36218,-1.0
36219,-1.0
36220,-1.0
36221,-1.0
36222,-1.0
36223,-1.0
36224,-1.0
36225,-1.0
36226,-1.0
36227,-1.0
36228,-1.0
36229,-1.0
36230,-1.0
36231,-1.0
36232,-1.0
36233,-1.0
36234,-1.0
36235,-1.0
36236,-1.0
36237,-1.0
36238,-1.0
36239,-1.0
36240,-1.0
36241,-1.0
36242,-1.0
36243,-1.0
36244,-1.0
36245,-1.0
36246,-1.0
36247,-1.0
36248,-1.0
36249,-1.0
36250,-1.0
36251,-1.0
36252,-1.0
36253,-1.0
36254,-1.0
36255,-1.0
36256,-1.0
36257,-1.0
36258,-1.0
36259,-1.0
36260,-1.0
36261,-1.0
36262,-1.0
36263,-1.0
36264,-1.0
36265,-1.0
36266,-1.0
36267,-1.0
36268,-1.0
36269,-1.0
36270,-1.0
36271,-1.0
36272,-1.0
36273,-1.0
36274,-1.0
36275,-1.0
36276,-1.0
36277,-1.0
36278,-1.0
36279,-1.0
36280,-1.0
36281,-1.0
36282,-1.0
36283,-1.0
36284,-1.0
36285,-1.0
36286,-1.0
36287,-1.0
36288,-1.0
36289,-1.0
36290,-1.0
36291,-1.0
36292,-1.0
36293,-1.0
36294,-1.0
36295,-1.0
36296,-1.0
36297,-1.0
36298,-1.0
36299,-1.0
36300,-1.0
36301,-1.0
36302,-1.0
36303,-1.0
36304,-1.0
36305,-1.0
36306,-1.0
36307,-1.0
36308,-1.0
36309,-1.0
36310,-1.0
36311,-1.0
36312,-1.0
36313,-1.0
36314,-1.0
36315,-1.0
36316,-1.0
36317,-1.0
36318,-1.0
36319,-1.0
36320,-1.0
36321,-1.0
36322,-1.0
36323,-1.0
36324,-1.0
36325,-1.0
36326,-1.0
36327,-1.0
36328,-1.0
36329,-1.0
36330,-1.0
36331,-1.0
36332,-1.0
36333,-1.0
36334,-1.0
36335,-1.0
36336,-1.0
36337,-1.0
36338,-1.0
36339,-1.0
36340,-1.0
36341,-1.0
36342,-1.0
36343,-1.0
36344,-1.0
36345,-1.0
36346,-1.0
36347,-1.0
36348,-1.0
36349,-1.0
36350,-1.0
36351,-1.0
36352,-1.0
36353,-1.0
36354,-1.0
36355,-1.0
36356,-1.0
36357,-1.0
36358,-1.0
36359,-1.0
36360,-1.0
36361,-1.0
36362,-1.0
36363,-1.0
36364,-1.0
36365,-1.0
36366,-1.0
36367,-1.0
36368,-1.0
36369,-1.0
36370,-1.0
36371,-1.0
36372,-1.0
36373,-1.0
36374,-1.0
36375,-1.0
36376,-1.0
36377,-1.0
36378,-1.0
36379,-1.0
36380,-1.0
36381,-1.0
36382,-1.0
36383,-1.0
36384,-1.0
36385,-1.0
36386,-1.0
36387,-1.0
36388,-1.0
36389,-1.0
36390,-1.0
36391,-1.0
36392,-1.0
36393,-1.0
36394,-1.0
36395,-1.0
36396,-1.0
36397,-1.0
36398,-1.0
36399,-1.0
36400,-1.0
36401,-1.0
36402,-1.0
36403,-1.0
36404,-1.0
36405,-1.0
36406,-1.0
36407,-1.0
36408,-1.0
36409,-1.0
36410,-1.0
36411,-1.0
36412,-1.0
36413,-1.0
36414,-1.0
36415,-1.0
36416,-1.0
36417,-1.0
36418,-1.0
36419,-1.0
36420,-1.0
36421,-1.0
36422,-1.0
36423,-1.0
36424,-1.0
36425,-1.0
36426,-1.0
36427,-1.0
36428,-1.0
36429,-1.0
36430,-1.0
36431,-1.0
36432,-1.0
36433,-1.0
36434,-1.0
36435,-1.0
36436,-1.0
36437,-1.0
36438,-1.0
36439,-1.0
36440,-1.0
36441,-1.0
36442,-1.0
36443,-1.0
36444,-1.0
36445,-1.0
36446,-1.0
36447,-1.0
36448,-1.0
36449,-1.0
36450,-1.0
36451,-1.0
36452,-1.0
36453,-1.0
36454,-1.0
36455,-1.0
36456,-1.0
36457,-1.0
36458,-1.0
36459,-1.0
36460,-1.0
36461,-1.0
36462,-1.0
36463,-1.0
36464,-1.0
36465,-1.0
36466,-1.0
36467,-1.0
36468,-1.0
36469,-1.0
36470,-1.0
36471,-1.0
36472,-1.0
36473,-1.0
36474,-1.0
36475,-1.0
36476,-1.0
36477,-1.0
36478,-1.0
36479,-1.0
36480,-1.0
36481,-1.0
36482,-1.0
36483,-1.0
36484,-1.0
36485,-1.0
36486,-1.0
36487,-1.0
36488,-1.0
36489,-1.0
36490,-1.0
36491,-1.0
36492,-1.0
36493,-1.0
36494,-1.0
36495,-1.0
36496,-1.0
36497,-1.0
36498,-1.0
36499,-1.0
36500,-1.0
36501,-1.0
36502,-1.0
36503,-1.0
36504,-1.0
36505,-1.0
36506,-1.0
36507,-1.0
36508,-1.0
36509,-1.0
36510,-1.0
36511,-1.0
36512,-1.0
36513,-1.0
36514,-1.0
36515,-1.0
36516,-1.0
36517,-1.0
36518,-1.0
36519,-1.0
36520,-1.0
36521,-1.0
36522,-1.0
36523,-1.0
36524,-1.0
36525,-1.0
36526,-1.0
36527,-1.0
36528,-1.0
36529,-1.0
36530,-1.0
36531,-1.0
36532,-1.0
36533,-1.0
36534,-1.0
36535,-1.0
36536,-1.0
36537,-1.0
36538,-1.0
36539,-1.0
36540,-1.0
36541,-1.0
36542,-1.0
36543,-1.0
36544,-1.0
36545,-1.0
36546,-1.0
36547,-1.0
36548,-1.0
36549,-1.0
36550,-1.0
36551,-1.0
36552,-1.0
36553,-1.0
36554,-1.0
36555,-1.0
36556,-1.0
36557,-1.0
36558,-1.0
36559,-1.0
36560,-1.0
36561,-1.0
36562,-1.0
36563,-1.0
36564,-1.0
36565,-1.0
36566,-1.0
36567,-1.0
36568,-1.0
36569,-1.0
36570,-1.0
36571,-1.0
36572,-1.0
36573,-1.0
36574,-1.0
36575,-1.0
36576,-1.0
36577,-1.0
36578,-1.0
36579,-1.0
36580,-1.0
36581,-1.0
36582,-1.0
36583,-1.0
36584,-1.0
36585,-1.0
36586,-1.0
36587,-1.0
36588,-1.0
36589,-1.0
36590,-1.0
36591,-1.0
36592,-1.0
36593,-1.0
36594,-1.0
36595,-1.0
36596,-1.0
36597,-1.0
36598,-1.0
36599,-1.0
36600,-1.0
36601,-1.0
36602,-1.0
36603,-1.0
36604,-1.0
36605,-1.0
36606,-1.0
36607,-1.0
36608,-1.0
36609,-1.0
36610,-1.0
36611,-1.0
36612,-1.0
36613,-1.0
36614,-1.0
36615,-1.0
36616,-1.0
36617,-1.0
36618,-1.0
36619,-1.0
36620,-1.0
36621,-1.0
36622,-1.0
36623,-1.0
36624,-1.0
36625,-1.0
36626,-1.0
36627,-1.0
36628,-1.0
36629,-1.0
36630,-1.0
36631,-1.0
36632,-1.0
36633,-1.0
36634,-1.0
36635,-1.0
36636,-1.0
36637,-1.0
36638,-1.0
36639,-1.0
36640,-1.0
36641,-1.0
36642,-1.0
36643,-1.0
36644,-1.0
36645,-1.0
36646,-1.0
36647,-1.0
36648,-1.0
36649,-1.0
36650,-1.0
36651,-1.0
36652,-1.0
36653,-1.0
36654,-1.0
36655,-1.0
36656,-1.0
36657,-1.0
36658,-1.0
36659,-1.0
36660,-1.0
36661,-1.0
36662,-1.0
36663,-1.0
36664,-1.0
36665,-1.0
36666,-1.0
36667,-1.0
36668,-1.0
36669,-1.0
36670,-1.0
36671,-1.0
36672,-1.0
36673,-1.0
36674,-1.0
36675,-1.0
36676,-1.0
36677,-1.0
36678,-1.0
36679,-1.0
36680,-1.0
36681,-1.0
36682,-1.0
36683,-1.0
36684,-1.0
36685,-1.0
36686,-1.0
36687,-1.0
36688,-1.0
36689,-1.0
36690,-1.0
36691,-1.0
36692,-1.0
36693,-1.0
36694,-1.0
36695,-1.0
36696,-1.0
36697,-1.0
36698,-1.0
36699,-1.0
36700,-1.0
36701,-1.0
36702,-1.0
36703,-1.0
36704,-1.0
36705,-1.0
36706,-1.0
36707,-1.0
36708,-1.0
36709,-1.0
36710,-1.0
36711,-1.0
36712,-1.0
36713,-1.0
36714,-1.0
36715,-1.0
36716,-1.0
36717,-1.0
36718,-1.0
36719,-1.0
36720,-1.0
36721,-1.0
36722,-1.0
36723,-1.0
36724,-1.0
36725,-1.0
36726,-1.0
36727,-1.0
36728,-1.0
36729,-1.0
36730,-1.0
36731,-1.0
36732,-1.0
36733,-1.0
36734,-1.0
36735,-1.0
36736,-1.0
36737,-1.0
36738,-1.0
36739,-1.0
36740,-1.0
36741,-1.0
36742,-1.0
36743,-1.0
36744,-1.0
36745,-1.0
36746,-1.0
36747,-1.0
36748,-1.0
36749,-1.0
36750,-1.0
36751,-1.0
36752,-1.0
36753,-1.0
36754,-1.0
36755,-1.0
36756,-1.0
36757,-1.0
36758,-1.0
36759,-1.0
36760,-1.0
36761,-1.0
36762,-1.0
36763,-1.0
36764,-1.0
36765,-1.0
36766,-1.0
36767,-1.0
36768,-1.0
36769,-1.0
36770,-1.0
36771,-1.0
36772,-1.0
36773,-1.0
36774,-1.0
36775,-1.0
36776,-1.0
36777,-1.0
36778,-1.0
36779,-1.0
36780,-1.0
36781,-1.0
36782,-1.0
36783,-1.0
36784,-1.0
36785,-1.0
36786,-1.0
36787,-1.0
36788,-1.0
36789,-1.0
36790,-1.0
36791,-1.0
36792,-1.0
36793,-1.0
36794,-1.0
36795,-1.0
36796,-1.0
36797,-1.0
36798,-1.0
36799,-1.0
36800,-1.0
36801,-1.0
36802,-1.0
36803,-1.0
36804,-1.0
36805,-1.0
36806,-1.0
36807,-1.0
36808,-1.0
36809,-1.0
36810,-1.0
36811,-1.0
36812,-1.0
36813,-1.0
36814,-1.0
36815,-1.0
36816,-1.0
36817,-1.0
36818,-1.0
36819,-1.0
36820,-1.0
36821,-1.0
36822,-1.0
36823,-1.0
36824,-1.0
36825,-1.0
36826,-1.0
36827,-1.0
36828,-1.0
36829,-1.0
36830,-1.0
36831,-1.0
36832,-1.0
36833,-1.0
36834,-1.0
36835,-1.0
36836,-1.0
36837,-1.0
36838,-1.0
36839,-1.0
36840,-1.0
36841,-1.0
36842,-1.0
36843,-1.0
36844,-1.0
36845,-1.0
36846,-1.0
36847,-1.0
36848,-1.0
36849,-1.0
36850,-1.0
36851,-1.0
36852,-1.0
36853,-1.0
36854,-1.0
36855,-1.0
36856,-1.0
36857,-1.0
36858,-1.0
36859,-1.0
36860,-1.0
36861,-1.0
36862,-1.0
36863,-1.0
36864,-1.0
36865,-1.0
36866,-1.0
36867,-1.0
36868,-1.0
36869,-1.0
36870,-1.0
36871,-1.0
36872,-1.0
36873,-1.0
36874,-1.0
36875,-1.0
36876,-1.0
36877,-1.0
36878,-1.0
36879,-1.0
36880,-1.0
36881,-1.0
36882,-1.0
36883,-1.0
36884,-1.0
36885,-1.0
36886,-1.0
36887,-1.0
36888,-1.0
36889,-1.0
36890,-1.0
36891,-1.0
36892,-1.0
36893,-1.0
36894,-1.0
36895,-1.0
36896,-1.0
36897,-1.0
36898,-1.0
36899,-1.0
36900,-1.0
36901,-1.0
36902,-1.0
36903,-1.0
36904,-1.0
36905,-1.0
36906,-1.0
36907,-1.0
36908,-1.0
36909,-1.0
36910,-1.0
36911,-1.0
36912,-1.0
36913,-1.0
36914,-1.0
36915,-1.0
36916,-1.0
36917,-1.0
36918,-1.0
36919,-1.0
36920,-1.0
36921,-1.0
36922,-1.0
36923,-1.0
36924,-1.0
36925,-1.0
36926,-1.0
36927,-1.0
36928,-1.0
36929,-1.0
36930,-1.0
36931,-1.0
36932,-1.0
36933,-1.0
36934,-1.0
36935,-1.0
36936,-1.0
36937,-1.0
36938,-1.0
36939,-1.0
36940,-1.0
36941,-1.0
36942,-1.0
36943,-1.0
36944,-1.0
36945,-1.0
36946,-1.0
36947,-1.0
36948,-1.0
36949,-1.0
36950,-1.0
36951,-1.0
36952,-1.0
36953,-1.0
36954,-1.0
36955,-1.0
36956,-1.0
36957,-1.0
36958,-1.0
36959,-1.0
36960,-1.0
36961,-1.0
36962,-1.0
36963,-1.0
36964,-1.0
36965,-1.0
36966,-1.0
36967,-1.0
36968,-1.0
36969,-1.0
36970,-1.0
36971,-1.0
36972,-1.0
36973,-1.0
36974,-1.0
36975,-1.0
36976,-1.0
36977,-1.0
36978,-1.0
36979,-1.0
36980,-1.0
36981,-1.0
36982,-1.0
36983,-1.0
36984,-1.0
36985,-1.0
36986,-1.0
36987,-1.0
36988,-1.0
36989,-1.0
36990,-1.0
36991,-1.0
36992,-1.0
36993,-1.0
36994,-1.0
36995,-1.0
36996,-1.0
36997,-1.0
36998,-1.0
36999,-1.0
37000,-1.0
37001,-1.0
37002,-1.0
37003,-1.0
37004,-1.0
37005,-1.0
37006,-1.0
37007,-1.0
37008,-1.0
37009,-1.0
37010,-1.0
37011,-1.0
37012,-1.0
37013,-1.0
37014,-1.0
37015,-1.0
37016,-1.0
37017,-1.0
37018,-1.0
37019,-1.0
37020,-1.0
37021,-1.0
37022,-1.0
37023,-1.0
37024,-1.0
37025,-1.0
37026,-1.0
37027,-1.0
37028,-1.0
37029,-1.0
37030,-1.0
37031,-1.0
37032,-1.0
37033,-1.0
37034,-1.0
37035,-1.0
37036,-1.0
37037,-1.0
37038,-1.0
37039,-1.0
37040,-1.0
37041,-1.0
37042,-1.0
37043,-1.0
37044,-1.0
37045,-1.0
37046,-1.0
37047,-1.0
37048,-1.0
37049,-1.0
37050,-1.0
37051,-1.0
37052,-1.0
37053,-1.0
37054,-1.0
37055,-1.0
37056,-1.0
37057,-1.0
37058,-1.0
37059,-1.0
37060,-1.0
37061,-1.0
37062,-1.0
37063,-1.0
37064,-1.0
37065,-1.0
37066,-1.0
37067,-1.0
37068,-1.0
37069,-1.0
37070,-1.0
37071,-1.0
37072,-1.0
37073,-1.0
37074,-1.0
37075,-1.0
37076,-1.0
37077,-1.0
37078,-1.0
37079,-1.0
37080,-1.0
37081,-1.0
37082,-1.0
37083,-1.0
37084,-1.0
37085,-1.0
37086,-1.0
37087,-1.0
37088,-1.0
37089,-1.0
37090,-1.0
37091,-1.0
37092,-1.0
37093,-1.0
37094,-1.0
37095,-1.0
37096,-1.0
37097,-1.0
37098,-1.0
37099,-1.0
37100,-1.0
37101,-1.0
37102,-1.0
37103,-1.0
37104,-1.0
37105,-1.0
37106,-1.0
37107,-1.0
37108,-1.0
37109,-1.0
37110,-1.0
37111,-1.0
37112,-1.0
37113,-1.0
37114,-1.0
37115,-1.0
37116,-1.0
37117,-1.0
37118,-1.0
37119,-1.0
37120,-1.0
37121,-1.0
37122,-1.0
37123,-1.0
37124,-1.0
37125,-1.0
37126,-1.0
37127,-1.0
37128,-1.0
37129,-1.0
37130,-1.0
37131,-1.0
37132,-1.0
37133,-1.0
37134,-1.0
37135,-1.0
37136,-1.0
37137,-1.0
37138,-1.0
37139,-1.0
37140,-1.0
37141,-1.0
37142,-1.0
37143,-1.0
37144,-1.0
37145,-1.0
37146,-1.0
37147,-1.0
37148,-1.0
37149,-1.0
37150,-1.0
37151,-1.0
37152,-1.0
37153,-1.0
37154,-1.0
37155,-1.0
37156,-1.0
37157,-1.0
37158,-1.0
37159,-1.0
37160,-1.0
37161,-1.0
37162,-1.0
37163,-1.0
37164,-1.0
37165,-1.0
37166,-1.0
37167,-1.0
37168,-1.0
37169,-1.0
37170,-1.0
37171,-1.0
37172,-1.0
37173,-1.0
37174,-1.0
37175,-1.0
37176,-1.0
37177,-1.0
37178,-1.0
37179,-1.0
37180,-1.0
37181,-1.0
37182,-1.0
37183,-1.0
37184,-1.0
37185,-1.0
37186,-1.0
37187,-1.0
37188,-1.0
37189,-1.0
37190,-1.0
37191,-1.0
37192,-1.0
37193,-1.0
37194,-1.0
37195,-1.0
37196,-1.0
37197,-1.0
37198,-1.0
37199,-1.0
37200,-1.0
37201,-1.0
37202,-1.0
37203,-1.0
37204,-1.0
37205,-1.0
37206,-1.0
37207,-1.0
37208,-1.0
37209,-1.0
37210,-1.0
37211,-1.0
37212,-1.0
37213,-1.0
37214,-1.0
37215,-1.0
37216,-1.0
37217,-1.0
37218,-1.0
37219,-1.0
37220,-1.0
37221,-1.0
37222,-1.0
37223,-1.0
37224,-1.0
37225,-1.0
37226,-1.0
37227,-1.0
37228,-1.0
37229,-1.0
37230,-1.0
37231,-1.0
37232,-1.0
37233,-1.0
37234,-1.0
37235,-1.0
37236,-1.0
37237,-1.0
37238,-1.0
37239,-1.0
37240,-1.0
37241,-1.0
37242,-1.0
37243,-1.0
37244,-1.0
37245,-1.0
37246,-1.0
37247,-1.0
37248,-1.0
37249,-1.0
37250,-1.0
37251,-1.0
37252,-1.0
37253,-1.0
37254,-1.0
37255,-1.0
37256,-1.0
37257,-1.0
37258,-1.0
37259,-1.0
37260,-1.0
37261,-1.0
37262,-1.0
37263,-1.0
37264,-1.0
37265,-1.0
37266,-1.0
37267,-1.0
37268,-1.0
37269,-1.0
37270,-1.0
37271,-1.0
37272,-1.0
37273,-1.0
37274,-1.0
37275,-1.0
37276,-1.0
37277,-1.0
37278,-1.0
37279,-1.0
37280,-1.0
37281,-1.0
37282,-1.0
37283,-1.0
37284,-1.0
37285,-1.0
37286,-1.0
37287,-1.0
37288,-1.0
37289,-1.0
37290,-1.0
37291,-1.0
37292,-1.0
37293,-1.0
37294,-1.0
37295,-1.0
37296,-1.0
37297,-1.0
37298,-1.0
37299,-1.0
37300,-1.0
37301,-1.0
37302,-1.0
37303,-1.0
37304,-1.0
37305,-1.0
37306,-1.0
37307,-1.0
37308,-1.0
37309,-1.0
37310,-1.0
37311,-1.0
37312,-1.0
37313,-1.0
37314,-1.0
37315,-1.0
37316,-1.0
37317,-1.0
37318,-1.0
37319,-1.0
37320,-1.0
37321,-1.0
37322,-1.0
37323,-1.0
37324,-1.0
37325,-1.0
37326,-1.0
37327,-1.0
37328,-1.0
37329,-1.0
37330,-1.0
37331,-1.0
37332,-1.0
37333,-1.0
37334,-1.0
37335,-1.0
37336,-1.0
37337,-1.0
37338,-1.0
37339,-1.0
37340,-1.0
37341,-1.0
37342,-1.0
37343,-1.0
37344,-1.0
37345,-1.0
37346,-1.0
37347,-1.0
37348,-1.0
37349,-1.0
37350,-1.0
37351,-1.0
37352,-1.0
37353,-1.0
37354,-1.0
37355,-1.0
37356,-1.0
37357,-1.0
37358,-1.0
37359,-1.0
37360,-1.0
37361,-1.0
37362,-1.0
37363,-1.0
37364,-1.0
37365,-1.0
37366,-1.0
37367,-1.0
37368,-1.0
37369,-1.0
37370,-1.0
37371,-1.0
37372,-1.0
37373,-1.0
37374,-1.0
37375,-1.0
37376,-1.0
37377,-1.0
37378,-1.0
37379,-1.0
37380,-1.0
37381,-1.0
37382,-1.0
37383,-1.0
37384,-1.0
37385,-1.0
37386,-1.0
37387,-1.0
37388,-1.0
37389,-1.0
37390,-1.0
37391,-1.0
37392,-1.0
37393,-1.0
37394,-1.0
37395,-1.0
37396,-1.0
37397,-1.0
37398,-1.0
37399,-1.0
37400,-1.0
37401,-1.0
37402,-1.0
37403,-1.0
37404,-1.0
37405,-1.0
37406,-1.0
37407,-1.0
37408,-1.0
37409,-1.0
37410,-1.0
37411,-1.0
37412,-1.0
37413,-1.0
37414,-1.0
37415,-1.0
37416,-1.0
37417,-1.0
37418,-1.0
37419,-1.0
37420,-1.0
37421,-1.0
37422,-1.0
37423,-1.0
37424,-1.0
37425,-1.0
37426,-1.0
37427,-1.0
37428,-1.0
37429,-1.0
37430,-1.0
37431,-1.0
37432,-1.0
37433,-1.0
37434,-1.0
37435,-1.0
37436,-1.0
37437,-1.0
37438,-1.0
37439,-1.0
37440,-1.0
37441,-1.0
37442,-1.0
37443,-1.0
37444,-1.0
37445,-1.0
37446,-1.0
37447,-1.0
37448,-1.0
37449,-1.0
37450,-1.0
37451,-1.0
37452,-1.0
37453,-1.0
37454,-1.0
37455,-1.0
37456,-1.0
37457,-1.0
37458,-1.0
37459,-1.0
37460,-1.0
37461,-1.0
37462,-1.0
37463,-1.0
37464,-1.0
37465,-1.0
37466,-1.0
37467,-1.0
37468,-1.0
37469,-1.0
37470,-1.0
37471,-1.0
37472,-1.0
37473,-1.0
37474,-1.0
37475,-1.0
37476,-1.0
37477,-1.0
37478,-1.0
37479,-1.0
37480,-1.0
37481,-1.0
37482,-1.0
37483,-1.0
37484,-1.0
37485,-1.0
37486,-1.0
37487,-1.0
37488,-1.0
37489,-1.0
37490,-1.0
37491,-1.0
37492,-1.0
37493,-1.0
37494,-1.0
37495,-1.0
37496,-1.0
37497,-1.0
37498,-1.0
37499,-1.0
37500,-1.0
37501,-1.0
37502,-1.0
37503,-1.0
37504,-1.0
37505,-1.0
37506,-1.0
37507,-1.0
37508,-1.0
37509,-1.0
37510,-1.0
37511,-1.0
37512,-1.0
37513,-1.0
37514,-1.0
37515,-1.0
37516,-1.0
37517,-1.0
37518,-1.0
37519,-1.0
37520,-1.0
37521,-1.0
37522,-1.0
37523,-1.0
37524,-1.0
37525,-1.0
37526,-1.0
37527,-1.0
37528,-1.0
37529,-1.0
37530,-1.0
37531,-1.0
37532,-1.0
37533,-1.0
37534,-1.0
37535,-1.0
37536,-1.0
37537,-1.0
37538,-1.0
37539,-1.0
37540,-1.0
37541,-1.0
37542,-1.0
37543,-1.0
37544,-1.0
37545,-1.0
37546,-1.0
37547,-1.0
37548,-1.0
37549,-1.0
37550,-1.0
37551,-1.0
37552,-1.0
37553,-1.0
37554,-1.0
37555,-1.0
37556,-1.0
37557,-1.0
37558,-1.0
37559,-1.0
37560,-1.0
37561,-1.0
37562,-1.0
37563,-1.0
37564,-1.0
37565,-1.0
37566,-1.0
37567,-1.0
37568,-1.0
37569,-1.0
37570,-1.0
37571,-1.0
37572,-1.0
37573,-1.0
37574,-1.0
37575,-1.0
37576,-1.0
37577,-1.0
37578,-1.0
37579,-1.0
37580,-1.0
37581,-1.0
37582,-1.0
37583,-1.0
37584,-1.0
37585,-1.0
37586,-1.0
37587,-1.0
37588,-1.0
37589,-1.0
37590,-1.0
37591,-1.0
37592,-1.0
37593,-1.0
37594,-1.0
37595,-1.0
37596,-1.0
37597,-1.0
37598,-1.0
37599,-1.0
37600,-1.0
37601,-1.0
37602,-1.0
37603,-1.0
37604,-1.0
37605,-1.0
37606,-1.0
37607,-1.0
37608,-1.0
37609,-1.0
37610,-1.0
37611,-1.0
37612,-1.0
37613,-1.0
37614,-1.0
37615,-1.0
37616,-1.0
37617,-1.0
37618,-1.0
37619,-1.0
37620,-1.0
37621,-1.0
37622,-1.0
37623,-1.0
37624,-1.0
37625,-1.0
37626,-1.0
37627,-1.0
37628,-1.0
37629,-1.0
37630,-1.0
37631,-1.0
37632,-1.0
37633,-1.0
37634,-1.0
37635,-1.0
37636,-1.0
37637,-1.0
37638,-1.0
37639,-1.0
37640,-1.0
37641,-1.0
37642,-1.0
37643,-1.0
37644,-1.0
37645,-1.0
37646,-1.0
37647,-1.0
37648,-1.0
37649,-1.0
37650,-1.0
37651,-1.0
37652,-1.0
37653,-1.0
37654,-1.0
37655,-1.0
37656,-1.0
37657,-1.0
37658,-1.0
37659,-1.0
37660,-1.0
37661,-1.0
37662,-1.0
37663,-1.0
37664,-1.0
37665,-1.0
37666,-1.0
37667,-1.0
37668,-1.0
37669,-1.0
37670,-1.0
37671,-1.0
37672,-1.0
37673,-1.0
37674,-1.0
37675,-1.0
37676,-1.0
37677,-1.0
37678,-1.0
37679,-1.0
37680,-1.0
37681,-1.0
37682,-1.0
37683,-1.0
37684,-1.0
37685,-1.0
37686,-1.0
37687,-1.0
37688,-1.0
37689,-1.0
37690,-1.0
37691,-1.0
37692,-1.0
37693,-1.0
37694,-1.0
37695,-1.0
37696,-1.0
37697,-1.0
37698,-1.0
37699,-1.0
37700,-1.0
37701,-1.0
37702,-1.0
37703,-1.0
37704,-1.0
37705,-1.0
37706,-1.0
37707,-1.0
37708,-1.0
37709,-1.0
37710,-1.0
37711,-1.0
37712,-1.0
37713,-1.0
37714,-1.0
37715,-1.0
37716,-1.0
37717,-1.0
37718,-1.0
37719,-1.0
37720,-1.0
37721,-1.0
37722,-1.0
37723,-1.0
37724,-1.0
37725,-1.0
37726,-1.0
37727,-1.0
37728,-1.0
37729,-1.0
37730,-1.0
37731,-1.0
37732,-1.0
37733,-1.0
37734,-1.0
37735,-1.0
37736,-1.0
37737,-1.0
37738,-1.0
37739,-1.0
37740,-1.0
37741,-1.0
37742,-1.0
37743,-1.0
37744,-1.0
37745,-1.0
37746,-1.0
37747,-1.0
37748,-1.0
37749,-1.0
37750,-1.0
37751,-1.0
37752,-1.0
37753,-1.0
37754,-1.0
37755,-1.0
37756,-1.0
37757,-1.0
37758,-1.0
37759,-1.0
37760,-1.0
37761,-1.0
37762,-1.0
37763,-1.0
37764,-1.0
37765,-1.0
37766,-1.0
37767,-1.0
37768,-1.0
37769,-1.0
37770,-1.0
37771,-1.0
37772,-1.0
37773,-1.0
37774,-1.0
37775,-1.0
37776,-1.0
37777,-1.0
37778,-1.0
37779,-1.0
37780,-1.0
37781,-1.0
37782,-1.0
37783,-1.0
37784,-1.0
37785,-1.0
37786,-1.0
37787,-1.0
37788,-1.0
37789,-1.0
37790,-1.0
37791,-1.0
37792,-1.0
37793,-1.0
37794,-1.0
37795,-1.0
37796,-1.0
37797,-1.0
37798,-1.0
37799,-1.0
37800,-1.0
37801,-1.0
37802,-1.0
37803,-1.0
37804,-1.0
37805,-1.0
37806,-1.0
37807,-1.0
37808,-1.0
37809,-1.0
37810,-1.0
37811,-1.0
37812,-1.0
37813,-1.0
37814,-1.0
37815,-1.0
37816,-1.0
37817,-1.0
37818,-1.0
37819,-1.0
37820,-1.0
37821,-1.0
37822,-1.0
37823,-1.0
37824,-1.0
37825,-1.0
37826,-1.0
37827,-1.0
37828,-1.0
37829,-1.0
37830,-1.0
37831,-1.0
37832,-1.0
37833,-1.0
37834,-1.0
37835,-1.0
37836,-1.0
37837,-1.0
37838,-1.0
37839,-1.0
37840,-1.0
37841,-1.0
37842,-1.0
37843,-1.0
37844,-1.0
37845,-1.0
37846,-1.0
37847,-1.0
37848,-1.0
37849,-1.0
37850,-1.0
37851,-1.0
37852,-1.0
37853,-1.0
37854,-1.0
37855,-1.0
37856,-1.0
37857,-1.0
37858,-1.0
37859,-1.0
37860,-1.0
37861,-1.0
37862,-1.0
37863,-1.0
37864,-1.0
37865,-1.0
37866,-1.0
37867,-1.0
37868,-1.0
37869,-1.0
37870,-1.0
37871,-1.0
37872,-1.0
37873,-1.0
37874,-1.0
37875,-1.0
37876,-1.0
37877,-1.0
37878,-1.0
37879,-1.0
37880,-1.0
37881,-1.0
37882,-1.0
37883,-1.0
37884,-1.0
37885,-1.0
37886,-1.0
37887,-1.0
37888,-1.0
37889,-1.0
37890,-1.0
37891,-1.0
37892,-1.0
37893,-1.0
37894,-1.0
37895,-1.0
37896,-1.0
37897,-1.0
37898,-1.0
37899,-1.0
37900,-1.0
37901,-1.0
37902,-1.0
37903,-1.0
37904,-1.0
37905,-1.0
37906,-1.0
37907,-1.0
37908,-1.0
37909,-1.0
37910,-1.0
37911,-1.0
37912,-1.0
37913,-1.0
37914,-1.0
37915,-1.0
37916,-1.0
37917,-1.0
37918,-1.0
37919,-1.0
37920,-1.0
37921,-1.0
37922,-1.0
37923,-1.0
37924,-1.0
37925,-1.0
37926,-1.0
37927,-1.0
37928,-1.0
37929,-1.0
37930,-1.0
37931,-1.0
37932,-1.0
37933,-1.0
37934,-1.0
37935,-1.0
37936,-1.0
37937,-1.0
37938,-1.0
37939,-1.0
37940,-1.0
37941,-1.0
37942,-1.0
37943,-1.0
37944,-1.0
37945,-1.0
37946,-1.0
37947,-1.0
37948,-1.0
37949,-1.0
37950,-1.0
37951,-1.0
37952,-1.0
37953,-1.0
37954,-1.0
37955,-1.0
37956,-1.0
37957,-1.0
37958,-1.0
37959,-1.0
37960,-1.0
37961,-1.0
37962,-1.0
37963,-1.0
37964,-1.0
37965,-1.0
37966,-1.0
37967,-1.0
37968,-1.0
37969,-1.0
37970,-1.0
37971,-1.0
37972,-1.0
37973,-1.0
37974,-1.0
37975,-1.0
37976,-1.0
37977,-1.0
37978,-1.0
37979,-1.0
37980,-1.0
37981,-1.0
37982,-1.0
37983,-1.0
37984,-1.0
37985,-1.0
37986,-1.0
37987,-1.0
37988,-1.0
37989,-1.0
37990,-1.0
37991,-1.0
37992,-1.0
37993,-1.0
37994,-1.0
37995,-1.0
37996,-1.0
37997,-1.0
37998,-1.0
37999,-1.0
38000,-1.0
38001,-1.0
38002,-1.0
38003,-1.0
38004,-1.0
38005,-1.0
38006,-1.0
38007,-1.0
38008,-1.0
38009,-1.0
38010,-1.0
38011,-1.0
38012,-1.0
38013,-1.0
38014,-1.0
38015,-1.0
38016,-1.0
38017,-1.0
38018,-1.0
38019,-1.0
38020,-1.0
38021,-1.0
38022,-1.0
38023,-1.0
38024,-1.0
38025,-1.0
38026,-1.0
38027,-1.0
38028,-1.0
38029,-1.0
38030,-1.0
38031,-1.0
38032,-1.0
38033,-1.0
38034,-1.0
38035,-1.0
38036,-1.0
38037,-1.0
38038,-1.0
38039,-1.0
38040,-1.0
38041,-1.0
38042,-1.0
38043,-1.0
38044,-1.0
38045,-1.0
38046,-1.0
38047,-1.0
38048,-1.0
38049,-1.0
38050,-1.0
38051,-1.0
38052,-1.0
38053,-1.0
38054,-1.0
38055,-1.0
38056,-1.0
38057,-1.0
38058,-1.0
38059,-1.0
38060,-1.0
38061,-1.0
38062,-1.0
38063,-1.0
38064,-1.0
38065,-1.0
38066,-1.0
38067,-1.0
38068,-1.0
38069,-1.0
38070,-1.0
38071,-1.0
38072,-1.0
38073,-1.0
38074,-1.0
38075,-1.0
38076,-1.0
38077,-1.0
38078,-1.0
38079,-1.0
38080,-1.0
38081,-1.0
38082,-1.0
38083,-1.0
38084,-1.0
38085,-1.0
38086,-1.0
38087,-1.0
38088,-1.0
38089,-1.0
38090,-1.0
38091,-1.0
38092,-1.0
38093,-1.0
38094,-1.0
38095,-1.0
38096,-1.0
38097,-1.0
38098,-1.0
38099,-1.0
38100,-1.0
38101,-1.0
38102,-1.0
38103,-1.0
38104,-1.0
38105,-1.0
38106,-1.0
38107,-1.0
38108,-1.0
38109,-1.0
38110,-1.0
38111,-1.0
38112,-1.0
38113,-1.0
38114,-1.0
38115,-1.0
38116,-1.0
38117,-1.0
38118,-1.0
38119,-1.0
38120,-1.0
38121,-1.0
38122,-1.0
38123,-1.0
38124,-1.0
38125,-1.0
38126,-1.0
38127,-1.0
38128,-1.0
38129,-1.0
38130,-1.0
38131,-1.0
38132,-1.0
38133,-1.0
38134,-1.0
38135,-1.0
38136,-1.0
38137,-1.0
38138,-1.0
38139,-1.0
38140,-1.0
38141,-1.0
38142,-1.0
38143,-1.0
38144,-1.0
38145,-1.0
38146,-1.0
38147,-1.0
38148,-1.0
38149,-1.0
38150,-1.0
38151,-1.0
38152,-1.0
38153,-1.0
38154,-1.0
38155,-1.0
38156,-1.0
38157,-1.0
38158,-1.0
38159,-1.0
38160,-1.0
38161,-1.0
38162,-1.0
38163,-1.0
38164,-1.0
38165,-1.0
38166,-1.0
38167,-1.0
38168,-1.0
38169,-1.0
38170,-1.0
38171,-1.0
38172,-1.0
38173,-1.0
38174,-1.0
38175,-1.0
38176,-1.0
38177,-1.0
38178,-1.0
38179,-1.0
38180,-1.0
38181,-1.0
38182,-1.0
38183,-1.0
38184,-1.0
38185,-1.0
38186,-1.0
38187,-1.0
38188,-1.0
38189,-1.0
38190,-1.0
38191,-1.0
38192,-1.0
38193,-1.0
38194,-1.0
38195,-1.0
38196,-1.0
38197,-1.0
38198,-1.0
38199,-1.0
38200,-1.0
38201,-1.0
38202,-1.0
38203,-1.0
38204,-1.0
38205,-1.0
38206,-1.0
38207,-1.0
38208,-1.0
38209,-1.0
38210,-1.0
38211,-1.0
38212,-1.0
38213,-1.0
38214,-1.0
38215,-1.0
38216,-1.0
38217,-1.0
38218,-1.0
38219,-1.0
38220,-1.0
38221,-1.0
38222,-1.0
38223,-1.0
38224,-1.0
38225,-1.0
38226,-1.0
38227,-1.0
38228,-1.0
38229,-1.0
38230,-1.0
38231,-1.0
38232,-1.0
38233,-1.0
38234,-1.0
38235,-1.0
38236,-1.0
38237,-1.0
38238,-1.0
38239,-1.0
38240,-1.0
38241,-1.0
38242,-1.0
38243,-1.0
38244,-1.0
38245,-1.0
38246,-1.0
38247,-1.0
38248,-1.0
38249,-1.0
38250,-1.0
38251,-1.0
38252,-1.0
38253,-1.0
38254,-1.0
38255,-1.0
38256,-1.0
38257,-1.0
38258,-1.0
38259,-1.0
38260,-1.0
38261,-1.0
38262,-1.0
38263,-1.0
38264,-1.0
38265,-1.0
38266,-1.0
38267,-1.0
38268,-1.0
38269,-1.0
38270,-1.0
38271,-1.0
38272,-1.0
38273,-1.0
38274,-1.0
38275,-1.0
38276,-1.0
38277,-1.0
38278,-1.0
38279,-1.0
38280,-1.0
38281,-1.0
38282,-1.0
38283,-1.0
38284,-1.0
38285,-1.0
38286,-1.0
38287,-1.0
38288,-1.0
38289,-1.0
38290,-1.0
38291,-1.0
38292,-1.0
38293,-1.0
38294,-1.0
38295,-1.0
38296,-1.0
38297,-1.0
38298,-1.0
38299,-1.0
38300,-1.0
38301,-1.0
38302,-1.0
38303,-1.0
38304,-1.0
38305,-1.0
38306,-1.0
38307,-1.0
38308,-1.0
38309,-1.0
38310,-1.0
38311,-1.0
38312,-1.0
38313,-1.0
38314,-1.0
38315,-1.0
38316,-1.0
38317,-1.0
38318,-1.0
38319,-1.0
38320,-1.0
38321,-1.0
38322,-1.0
38323,-1.0
38324,-1.0
38325,-1.0
38326,-1.0
38327,-1.0
38328,-1.0
38329,-1.0
38330,-1.0
38331,-1.0
38332,-1.0
38333,-1.0
38334,-1.0
38335,-1.0
38336,-1.0
38337,-1.0
38338,-1.0
38339,-1.0
38340,-1.0
38341,-1.0
38342,-1.0
38343,-1.0
38344,-1.0
38345,-1.0
38346,-1.0
38347,-1.0
38348,-1.0
38349,-1.0
38350,-1.0
38351,-1.0
38352,-1.0
38353,-1.0
38354,-1.0
38355,-1.0
38356,-1.0
38357,-1.0
38358,-1.0
38359,-1.0
38360,-1.0
38361,-1.0
38362,-1.0
38363,-1.0
38364,-1.0
38365,-1.0
38366,-1.0
38367,-1.0
38368,-1.0
38369,-1.0
38370,-1.0
38371,-1.0
38372,-1.0
38373,-1.0
38374,-1.0
38375,-1.0
38376,-1.0
38377,-1.0
38378,-1.0
38379,-1.0
38380,-1.0
38381,-1.0
38382,-1.0
38383,-1.0
38384,-1.0
38385,-1.0
38386,-1.0
38387,-1.0
38388,-1.0
38389,-1.0
38390,-1.0
38391,-1.0
38392,-1.0
38393,-1.0
38394,-1.0
38395,-1.0
38396,-1.0
38397,-1.0
38398,-1.0
38399,-1.0
38400,-1.0
38401,-1.0
38402,-1.0
38403,-1.0
38404,-1.0
38405,-1.0
38406,-1.0
38407,-1.0
38408,-1.0
38409,-1.0
38410,-1.0
38411,-1.0
38412,-1.0
38413,-1.0
38414,-1.0
38415,-1.0
38416,-1.0
38417,-1.0
38418,-1.0
38419,-1.0
38420,-1.0
38421,-1.0
38422,-1.0
38423,-1.0
38424,-1.0
38425,-1.0
38426,-1.0
38427,-1.0
38428,-1.0
38429,-1.0
38430,-1.0
38431,-1.0
38432,-1.0
38433,-1.0
38434,-1.0
38435,-1.0
38436,-1.0
38437,-1.0
38438,-1.0
38439,-1.0
38440,-1.0
38441,-1.0
38442,-1.0
38443,-1.0
38444,-1.0
38445,-1.0
38446,-1.0
38447,-1.0
38448,-1.0
38449,-1.0
38450,-1.0
38451,-1.0
38452,-1.0
38453,-1.0
38454,-1.0
38455,-1.0
38456,-1.0
38457,-1.0
38458,-1.0
38459,-1.0
38460,-1.0
38461,-1.0
38462,-1.0
38463,-1.0
38464,-1.0
38465,-1.0
38466,-1.0
38467,-1.0
38468,-1.0
38469,-1.0
38470,-1.0
38471,-1.0
38472,-1.0
38473,-1.0
38474,-1.0
38475,-1.0
38476,-1.0
38477,-1.0
38478,-1.0
38479,-1.0
38480,-1.0
38481,-1.0
38482,-1.0
38483,-1.0
38484,-1.0
38485,-1.0
38486,-1.0
38487,-1.0
38488,-1.0
38489,-1.0
38490,-1.0
38491,-1.0
38492,-1.0
38493,-1.0
38494,-1.0
38495,-1.0
38496,-1.0
38497,-1.0
38498,-1.0
38499,-1.0
38500,-1.0
38501,-1.0
38502,-1.0
38503,-1.0
38504,-1.0
38505,-1.0
38506,-1.0
38507,-1.0
38508,-1.0
38509,-1.0
38510,-1.0
38511,-1.0
38512,-1.0
38513,-1.0
38514,-1.0
38515,-1.0
38516,-1.0
38517,-1.0
38518,-1.0
38519,-1.0
38520,-1.0
38521,-1.0
38522,-1.0
38523,-1.0
38524,-1.0
38525,-1.0
38526,-1.0
38527,-1.0
38528,-1.0
38529,-1.0
38530,-1.0
38531,-1.0
38532,-1.0
38533,-1.0
38534,-1.0
38535,-1.0
38536,-1.0
38537,-1.0
38538,-1.0
38539,-1.0
38540,-1.0
38541,-1.0
38542,-1.0
38543,-1.0
38544,-1.0
38545,-1.0
38546,-1.0
38547,-1.0
38548,-1.0
38549,-1.0
38550,-1.0
38551,-1.0
38552,-1.0
38553,-1.0
38554,-1.0
38555,-1.0
38556,-1.0
38557,-1.0
38558,-1.0
38559,-1.0
38560,-1.0
38561,-1.0
38562,-1.0
38563,-1.0
38564,-1.0
38565,-1.0
38566,-1.0
38567,-1.0
38568,-1.0
38569,-1.0
38570,-1.0
38571,-1.0
38572,-1.0
38573,-1.0
38574,-1.0
38575,-1.0
38576,-1.0
38577,-1.0
38578,-1.0
38579,-1.0
38580,-1.0
38581,-1.0
38582,-1.0
38583,-1.0
38584,-1.0
38585,-1.0
38586,-1.0
38587,-1.0
38588,-1.0
38589,-1.0
38590,-1.0
38591,-1.0
38592,-1.0
38593,-1.0
38594,-1.0
38595,-1.0
38596,-1.0
38597,-1.0
38598,-1.0
38599,-1.0
38600,-1.0
38601,-1.0
38602,-1.0
38603,-1.0
38604,-1.0
38605,-1.0
38606,-1.0
38607,-1.0
38608,-1.0
38609,-1.0
38610,-1.0
38611,-1.0
38612,-1.0
38613,-1.0
38614,-1.0
38615,-1.0
38616,-1.0
38617,-1.0
38618,-1.0
38619,-1.0
38620,-1.0
38621,-1.0
38622,-1.0
38623,-1.0
38624,-1.0
38625,-1.0
38626,-1.0
38627,-1.0
38628,-1.0
38629,-1.0
38630,-1.0
38631,-1.0
38632,-1.0
38633,-1.0
38634,-1.0
38635,-1.0
38636,-1.0
38637,-1.0
38638,-1.0
38639,-1.0
38640,-1.0
38641,-1.0
38642,-1.0
38643,-1.0
38644,-1.0
38645,-1.0
38646,-1.0
38647,-1.0
38648,-1.0
38649,-1.0
38650,-1.0
38651,-1.0
38652,-1.0
38653,-1.0
38654,-1.0
38655,-1.0
38656,-1.0
38657,-1.0
38658,-1.0
38659,-1.0
38660,-1.0
38661,-1.0
38662,-1.0
38663,-1.0
38664,-1.0
38665,-1.0
38666,-1.0
38667,-1.0
38668,-1.0
38669,-1.0
38670,-1.0
38671,-1.0
38672,-1.0
38673,-1.0
38674,-1.0
38675,-1.0
38676,-1.0
38677,-1.0
38678,-1.0
38679,-1.0
38680,-1.0
38681,-1.0
38682,-1.0
38683,-1.0
38684,-1.0
38685,-1.0
38686,-1.0
38687,-1.0
38688,-1.0
38689,-1.0
38690,-1.0
38691,-1.0
38692,-1.0
38693,-1.0
38694,-1.0
38695,-1.0
38696,-1.0
38697,-1.0
38698,-1.0
38699,-1.0
38700,-1.0
38701,-1.0
38702,-1.0
38703,-1.0
38704,-1.0
38705,-1.0
38706,-1.0
38707,-1.0
38708,-1.0
38709,-1.0
38710,-1.0
38711,-1.0
38712,-1.0
38713,-1.0
38714,-1.0
38715,-1.0
38716,-1.0
38717,-1.0
38718,-1.0
38719,-1.0
38720,-1.0
38721,-1.0
38722,-1.0
38723,-1.0
38724,-1.0
38725,-1.0
38726,-1.0
38727,-1.0
38728,-1.0
38729,-1.0
38730,-1.0
38731,-1.0
38732,-1.0
38733,-1.0
38734,-1.0
38735,-1.0
38736,-1.0
38737,-1.0
38738,-1.0
38739,-1.0
38740,-1.0
38741,-1.0
38742,-1.0
38743,-1.0
38744,-1.0
38745,-1.0
38746,-1.0
38747,-1.0
38748,-1.0
38749,-1.0
38750,-1.0
38751,-1.0
38752,-1.0
38753,-1.0
38754,-1.0
38755,-1.0
38756,-1.0
38757,-1.0
38758,-1.0
38759,-1.0
38760,-1.0
38761,-1.0
38762,-1.0
38763,-1.0
38764,-1.0
38765,-1.0
38766,-1.0
38767,-1.0
38768,-1.0
38769,-1.0
38770,-1.0
38771,-1.0
38772,-1.0
38773,-1.0
38774,-1.0
38775,-1.0
38776,-1.0
38777,-1.0
38778,-1.0
38779,-1.0
38780,-1.0
38781,-1.0
38782,-1.0
38783,-1.0
38784,-1.0
38785,-1.0
38786,-1.0
38787,-1.0
38788,-1.0
38789,-1.0
38790,-1.0
38791,-1.0
38792,-1.0
38793,-1.0
38794,-1.0
38795,-1.0
38796,-1.0
38797,-1.0
38798,-1.0
38799,-1.0
38800,-1.0
38801,-1.0
38802,-1.0
38803,-1.0
38804,-1.0
38805,-1.0
38806,-1.0
38807,-1.0
38808,-1.0
38809,-1.0
38810,-1.0
38811,-1.0
38812,-1.0
38813,-1.0
38814,-1.0
38815,-1.0
38816,-1.0
38817,-1.0
38818,-1.0
38819,-1.0
38820,-1.0
38821,-1.0
38822,-1.0
38823,-1.0
38824,-1.0
38825,-1.0
38826,-1.0
38827,-1.0
38828,-1.0
38829,-1.0
38830,-1.0
38831,-1.0
38832,-1.0
38833,-1.0
38834,-1.0
38835,-1.0
38836,-1.0
38837,-1.0
38838,-1.0
38839,-1.0
38840,-1.0
38841,-1.0
38842,-1.0
38843,-1.0
38844,-1.0
38845,-1.0
38846,-1.0
38847,-1.0
38848,-1.0
38849,-1.0
38850,-1.0
38851,-1.0
38852,-1.0
38853,-1.0
38854,-1.0
38855,-1.0
38856,-1.0
38857,-1.0
38858,-1.0
38859,-1.0
38860,-1.0
38861,-1.0
38862,-1.0
38863,-1.0
38864,-1.0
38865,-1.0
38866,-1.0
38867,-1.0
38868,-1.0
38869,-1.0
38870,-1.0
38871,-1.0
38872,-1.0
38873,-1.0
38874,-1.0
38875,-1.0
38876,-1.0
38877,-1.0
38878,-1.0
38879,-1.0
38880,-1.0
38881,-1.0
38882,-1.0
38883,-1.0
38884,-1.0
38885,-1.0
38886,-1.0
38887,-1.0
38888,-1.0
38889,-1.0
38890,-1.0
38891,-1.0
38892,-1.0
38893,-1.0
38894,-1.0
38895,-1.0
38896,-1.0
38897,-1.0
38898,-1.0
38899,-1.0
38900,-1.0
38901,-1.0
38902,-1.0
38903,-1.0
38904,-1.0
38905,-1.0
38906,-1.0
38907,-1.0
38908,-1.0
38909,-1.0
38910,-1.0
38911,-1.0
38912,-1.0
38913,-1.0
38914,-1.0
38915,-1.0
38916,-1.0
38917,-1.0
38918,-1.0
38919,-1.0
38920,-1.0
38921,-1.0
38922,-1.0
38923,-1.0
38924,-1.0
38925,-1.0
38926,-1.0
38927,-1.0
38928,-1.0
38929,-1.0
38930,-1.0
38931,-1.0
38932,-1.0
38933,-1.0
38934,-1.0
38935,-1.0
38936,-1.0
38937,-1.0
38938,-1.0
38939,-1.0
38940,-1.0
38941,-1.0
38942,-1.0
38943,-1.0
38944,-1.0
38945,-1.0
38946,-1.0
38947,-1.0
38948,-1.0
38949,-1.0
38950,-1.0
38951,-1.0
38952,-1.0
38953,-1.0
38954,-1.0
38955,-1.0
38956,-1.0
38957,-1.0
38958,-1.0
38959,-1.0
38960,-1.0
38961,-1.0
38962,-1.0
38963,-1.0
38964,-1.0
38965,-1.0
38966,-1.0
38967,-1.0
38968,-1.0
38969,-1.0
38970,-1.0
38971,-1.0
38972,-1.0
38973,-1.0
38974,-1.0
38975,-1.0
38976,-1.0
38977,-1.0
38978,-1.0
38979,-1.0
38980,-1.0
38981,-1.0
38982,-1.0
38983,-1.0
38984,-1.0
38985,-1.0
38986,-1.0
38987,-1.0
38988,-1.0
38989,-1.0
38990,-1.0
38991,-1.0
38992,-1.0
38993,-1.0
38994,-1.0
38995,-1.0
38996,-1.0
38997,-1.0
38998,-1.0
38999,-1.0
39000,-1.0
39001,-1.0
39002,-1.0
39003,-1.0
39004,-1.0
39005,-1.0
39006,-1.0
39007,-1.0
39008,-1.0
39009,-1.0
39010,-1.0
39011,-1.0
39012,-1.0
39013,-1.0
39014,-1.0
39015,-1.0
39016,-1.0
39017,-1.0
39018,-1.0
39019,-1.0
39020,-1.0
39021,-1.0
39022,-1.0
39023,-1.0
39024,-1.0
39025,-1.0
39026,-1.0
39027,-1.0
39028,-1.0
39029,-1.0
39030,-1.0
39031,-1.0
39032,-1.0
39033,-1.0
39034,-1.0
39035,-1.0
39036,-1.0
39037,-1.0
39038,-1.0
39039,-1.0
39040,-1.0
39041,-1.0
39042,-1.0
39043,-1.0
39044,-1.0
39045,-1.0
39046,-1.0
39047,-1.0
39048,-1.0
39049,-1.0
39050,-1.0
39051,-1.0
39052,-1.0
39053,-1.0
39054,-1.0
39055,-1.0
39056,-1.0
39057,-1.0
39058,-1.0
39059,-1.0
39060,-1.0
39061,-1.0
39062,-1.0
39063,-1.0
39064,-1.0
39065,-1.0
39066,-1.0
39067,-1.0
39068,-1.0
39069,-1.0
39070,-1.0
39071,-1.0
39072,-1.0
39073,-1.0
39074,-1.0
39075,-1.0
39076,-1.0
39077,-1.0
39078,-1.0
39079,-1.0
39080,-1.0
39081,-1.0
39082,-1.0
39083,-1.0
39084,-1.0
39085,-1.0
39086,-1.0
39087,-1.0
39088,-1.0
39089,-1.0
39090,-1.0
39091,-1.0
39092,-1.0
39093,-1.0
39094,-1.0
39095,-1.0
39096,-1.0
39097,-1.0
39098,-1.0
39099,-1.0
39100,-1.0
39101,-1.0
39102,-1.0
39103,-1.0
39104,-1.0
39105,-1.0
39106,-1.0
39107,-1.0
39108,-1.0
39109,-1.0
39110,-1.0
39111,-1.0
39112,-1.0
39113,-1.0
39114,-1.0
39115,-1.0
39116,-1.0
39117,-1.0
39118,-1.0
39119,-1.0
39120,-1.0
39121,-1.0
39122,-1.0
39123,-1.0
39124,-1.0
39125,-1.0
39126,-1.0
39127,-1.0
39128,-1.0
39129,-1.0
39130,-1.0
39131,-1.0
39132,-1.0
39133,-1.0
39134,-1.0
39135,-1.0
39136,-1.0
39137,-1.0
39138,-1.0
39139,-1.0
39140,-1.0
39141,-1.0
39142,-1.0
39143,-1.0
39144,-1.0
39145,-1.0
39146,-1.0
39147,-1.0
39148,-1.0
39149,-1.0
39150,-1.0
39151,-1.0
39152,-1.0
39153,-1.0
39154,-1.0
39155,-1.0
39156,-1.0
39157,-1.0
39158,-1.0
39159,-1.0
39160,-1.0
39161,-1.0
39162,-1.0
39163,-1.0
39164,-1.0
39165,-1.0
39166,-1.0
39167,-1.0
39168,-1.0
39169,-1.0
39170,-1.0
39171,-1.0
39172,-1.0
39173,-1.0
39174,-1.0
39175,-1.0
39176,-1.0
39177,-1.0
39178,-1.0
39179,-1.0
39180,-1.0
39181,-1.0
39182,-1.0
39183,-1.0
39184,-1.0
39185,-1.0
39186,-1.0
39187,-1.0
39188,-1.0
39189,-1.0
39190,-1.0
39191,-1.0
39192,-1.0
39193,-1.0
39194,-1.0
39195,-1.0
39196,-1.0
39197,-1.0
39198,-1.0
39199,-1.0
39200,-1.0
39201,-1.0
39202,-1.0
39203,-1.0
39204,-1.0
39205,-1.0
39206,-1.0
39207,-1.0
39208,-1.0
39209,-1.0
39210,-1.0
39211,-1.0
39212,-1.0
39213,-1.0
39214,-1.0
39215,-1.0
39216,-1.0
39217,-1.0
39218,-1.0
39219,-1.0
39220,-1.0
39221,-1.0
39222,-1.0
39223,-1.0
39224,-1.0
39225,-1.0
39226,-1.0
39227,-1.0
39228,-1.0
39229,-1.0
39230,-1.0
39231,-1.0
39232,-1.0
39233,-1.0
39234,-1.0
39235,-1.0
39236,-1.0
39237,-1.0
39238,-1.0
39239,-1.0
39240,-1.0
39241,-1.0
39242,-1.0
39243,-1.0
39244,-1.0
39245,-1.0
39246,-1.0
39247,-1.0
39248,-1.0
39249,-1.0
39250,-1.0
39251,-1.0
39252,-1.0
39253,-1.0
39254,-1.0
39255,-1.0
39256,-1.0
39257,-1.0
39258,-1.0
39259,-1.0
39260,-1.0
39261,-1.0
39262,-1.0
39263,-1.0
39264,-1.0
39265,-1.0
39266,-1.0
39267,-1.0
39268,-1.0
39269,-1.0
39270,-1.0
39271,-1.0
39272,-1.0
39273,-1.0
39274,-1.0
39275,-1.0
39276,-1.0
39277,-1.0
39278,-1.0
39279,-1.0
39280,-1.0
39281,-1.0
39282,-1.0
39283,-1.0
39284,-1.0
39285,-1.0
39286,-1.0
39287,-1.0
39288,-1.0
39289,-1.0
39290,-1.0
39291,-1.0
39292,-1.0
39293,-1.0
39294,-1.0
39295,-1.0
39296,-1.0
39297,-1.0
39298,-1.0
39299,-1.0
39300,-1.0
39301,-1.0
39302,-1.0
39303,-1.0
39304,-1.0
39305,-1.0
39306,-1.0
39307,-1.0
39308,-1.0
39309,-1.0
39310,-1.0
39311,-1.0
39312,-1.0
39313,-1.0
39314,-1.0
39315,-1.0
39316,-1.0
39317,-1.0
39318,-1.0
39319,-1.0
39320,-1.0
39321,-1.0
39322,-1.0
39323,-1.0
39324,-1.0
39325,-1.0
39326,-1.0
39327,-1.0
39328,-1.0
39329,-1.0
39330,-1.0
39331,-1.0
39332,-1.0
39333,-1.0
39334,-1.0
39335,-1.0
39336,-1.0
39337,-1.0
39338,-1.0
39339,-1.0
39340,-1.0
39341,-1.0
39342,-1.0
39343,-1.0
39344,-1.0
39345,-1.0
39346,-1.0
39347,-1.0
39348,-1.0
39349,-1.0
39350,-1.0
39351,-1.0
39352,-1.0
39353,-1.0
39354,-1.0
39355,-1.0
39356,-1.0
39357,-1.0
39358,-1.0
39359,-1.0
39360,-1.0
39361,-1.0
39362,-1.0
39363,-1.0
39364,-1.0
39365,-1.0
39366,-1.0
39367,-1.0
39368,-1.0
39369,-1.0
39370,-1.0
39371,-1.0
39372,-1.0
39373,-1.0
39374,-1.0
39375,-1.0
39376,-1.0
39377,-1.0
39378,-1.0
39379,-1.0
39380,-1.0
39381,-1.0
39382,-1.0
39383,-1.0
39384,-1.0
39385,-1.0
39386,-1.0
39387,-1.0
39388,-1.0
39389,-1.0
39390,-1.0
39391,-1.0
39392,-1.0
39393,-1.0
39394,-1.0
39395,-1.0
39396,-1.0
39397,-1.0
39398,-1.0
39399,-1.0
39400,-1.0
39401,-1.0
39402,-1.0
39403,-1.0
39404,-1.0
39405,-1.0
39406,-1.0
39407,-1.0
39408,-1.0
39409,-1.0
39410,-1.0
39411,-1.0
39412,-1.0
39413,-1.0
39414,-1.0
39415,-1.0
39416,-1.0
39417,-1.0
39418,-1.0
39419,-1.0
39420,-1.0
39421,-1.0
39422,-1.0
39423,-1.0
39424,-1.0
39425,-1.0
39426,-1.0
39427,-1.0
39428,-1.0
39429,-1.0
39430,-1.0
39431,-1.0
39432,-1.0
39433,-1.0
39434,-1.0
39435,-1.0
39436,-1.0
39437,-1.0
39438,-1.0
39439,-1.0
39440,-1.0
39441,-1.0
39442,-1.0
39443,-1.0
39444,-1.0
39445,-1.0
39446,-1.0
39447,-1.0
39448,-1.0
39449,-1.0
39450,-1.0
39451,-1.0
39452,-1.0
39453,-1.0
39454,-1.0
39455,-1.0
39456,-1.0
39457,-1.0
39458,-1.0
39459,-1.0
39460,-1.0
39461,-1.0
39462,-1.0
39463,-1.0
39464,-1.0
39465,-1.0
39466,-1.0
39467,-1.0
39468,-1.0
39469,-1.0
39470,-1.0
39471,-1.0
39472,-1.0
39473,-1.0
39474,-1.0
39475,-1.0
39476,-1.0
39477,-1.0
39478,-1.0
39479,-1.0
39480,-1.0
39481,-1.0
39482,-1.0
39483,-1.0
39484,-1.0
39485,-1.0
39486,-1.0
39487,-1.0
39488,-1.0
39489,-1.0
39490,-1.0
39491,-1.0
39492,-1.0
39493,-1.0
39494,-1.0
39495,-1.0
39496,-1.0
39497,-1.0
39498,-1.0
39499,-1.0
39500,-1.0
39501,-1.0
39502,-1.0
39503,-1.0
39504,-1.0
39505,-1.0
39506,-1.0
39507,-1.0
39508,-1.0
39509,-1.0
39510,-1.0
39511,-1.0
39512,-1.0
39513,-1.0
39514,-1.0
39515,-1.0
39516,-1.0
39517,-1.0
39518,-1.0
39519,-1.0
39520,-1.0
39521,-1.0
39522,-1.0
39523,-1.0
39524,-1.0
39525,-1.0
39526,-1.0
39527,-1.0
39528,-1.0
39529,-1.0
39530,-1.0
39531,-1.0
39532,-1.0
39533,-1.0
39534,-1.0
39535,-1.0
39536,-1.0
39537,-1.0
39538,-1.0
39539,-1.0
39540,-1.0
39541,-1.0
39542,-1.0
39543,-1.0
39544,-1.0
39545,-1.0
39546,-1.0
39547,-1.0
39548,-1.0
39549,-1.0
39550,-1.0
39551,-1.0
39552,-1.0
39553,-1.0
39554,-1.0
39555,-1.0
39556,-1.0
39557,-1.0
39558,-1.0
39559,-1.0
39560,-1.0
39561,-1.0
39562,-1.0
39563,-1.0
39564,-1.0
39565,-1.0
39566,-1.0
39567,-1.0
39568,-1.0
39569,-1.0
39570,-1.0
39571,-1.0
39572,-1.0
39573,-1.0
39574,-1.0
39575,-1.0
39576,-1.0
39577,-1.0
39578,-1.0
39579,-1.0
39580,-1.0
39581,-1.0
39582,-1.0
39583,-1.0
39584,-1.0
39585,-1.0
39586,-1.0
39587,-1.0
39588,-1.0
39589,-1.0
39590,-1.0
39591,-1.0
39592,-1.0
39593,-1.0
39594,-1.0
39595,-1.0
39596,-1.0
39597,-1.0
39598,-1.0
39599,-1.0
39600,-1.0
39601,-1.0
39602,-1.0
39603,-1.0
39604,-1.0
39605,-1.0
39606,-1.0
39607,-1.0
39608,-1.0
39609,-1.0
39610,-1.0
39611,-1.0
39612,-1.0
39613,-1.0
39614,-1.0
39615,-1.0
39616,-1.0
39617,-1.0
39618,-1.0
39619,-1.0
39620,-1.0
39621,-1.0
39622,-1.0
39623,-1.0
39624,-1.0
39625,-1.0
39626,-1.0
39627,-1.0
39628,-1.0
39629,-1.0
39630,-1.0
39631,-1.0
39632,-1.0
39633,-1.0
39634,-1.0
39635,-1.0
39636,-1.0
39637,-1.0
39638,-1.0
39639,-1.0
39640,-1.0
39641,-1.0
39642,-1.0
39643,-1.0
39644,-1.0
39645,-1.0
39646,-1.0
39647,-1.0
39648,-1.0
39649,-1.0
39650,-1.0
39651,-1.0
39652,-1.0
39653,-1.0
39654,-1.0
39655,-1.0
39656,-1.0
39657,-1.0
39658,-1.0
39659,-1.0
39660,-1.0
39661,-1.0
39662,-1.0
39663,-1.0
39664,-1.0
39665,-1.0
39666,-1.0
39667,-1.0
39668,-1.0
39669,-1.0
39670,-1.0
39671,-1.0
39672,-1.0
39673,-1.0
39674,-1.0
39675,-1.0
39676,-1.0
39677,-1.0
39678,-1.0
39679,-1.0
39680,-1.0
39681,-1.0
39682,-1.0
39683,-1.0
39684,-1.0
39685,-1.0
39686,-1.0
39687,-1.0
39688,-1.0
39689,-1.0
39690,-1.0
39691,-1.0
39692,-1.0
39693,-1.0
39694,-1.0
39695,-1.0
39696,-1.0
39697,-1.0
39698,-1.0
39699,-1.0
39700,-1.0
39701,-1.0
39702,-1.0
39703,-1.0
39704,-1.0
39705,-1.0
39706,-1.0
39707,-1.0
39708,-1.0
39709,-1.0
39710,-1.0
39711,-1.0
39712,-1.0
39713,-1.0
39714,-1.0
39715,-1.0
39716,-1.0
39717,-1.0
39718,-1.0
39719,-1.0
39720,-1.0
39721,-1.0
39722,-1.0
39723,-1.0
39724,-1.0
39725,-1.0
39726,-1.0
39727,-1.0
39728,-1.0
39729,-1.0
39730,-1.0
39731,-1.0
39732,-1.0
39733,-1.0
39734,-1.0
39735,-1.0
39736,-1.0
39737,-1.0
39738,-1.0
39739,-1.0
39740,-1.0
39741,-1.0
39742,-1.0
39743,-1.0
39744,-1.0
39745,-1.0
39746,-1.0
39747,-1.0
39748,-1.0
39749,-1.0
39750,-1.0
39751,-1.0
39752,-1.0
39753,-1.0
39754,-1.0
39755,-1.0
39756,-1.0
39757,-1.0
39758,-1.0
39759,-1.0
39760,-1.0
39761,-1.0
39762,-1.0
39763,-1.0
39764,-1.0
39765,-1.0
39766,-1.0
39767,-1.0
39768,-1.0
39769,-1.0
39770,-1.0
39771,-1.0
39772,-1.0
39773,-1.0
39774,-1.0
39775,-1.0
39776,-1.0
39777,-1.0
39778,-1.0
39779,-1.0
39780,-1.0
39781,-1.0
39782,-1.0
39783,-1.0
39784,-1.0
39785,-1.0
39786,-1.0
39787,-1.0
39788,-1.0
39789,-1.0
39790,-1.0
39791,-1.0
39792,-1.0
39793,-1.0
39794,-1.0
39795,-1.0
39796,-1.0
39797,-1.0
39798,-1.0
39799,-1.0
39800,-1.0
39801,-1.0
39802,-1.0
39803,-1.0
39804,-1.0
39805,-1.0
39806,-1.0
39807,-1.0
39808,-1.0
39809,-1.0
39810,-1.0
39811,-1.0
39812,-1.0
39813,-1.0
39814,-1.0
39815,-1.0
39816,-1.0
39817,-1.0
39818,-1.0
39819,-1.0
39820,-1.0
39821,-1.0
39822,-1.0
39823,-1.0
39824,-1.0
39825,-1.0
39826,-1.0
39827,-1.0
39828,-1.0
39829,-1.0
39830,-1.0
39831,-1.0
39832,-1.0
39833,-1.0
39834,-1.0
39835,-1.0
39836,-1.0
39837,-1.0
39838,-1.0
39839,-1.0
39840,-1.0
39841,-1.0
39842,-1.0
39843,-1.0
39844,-1.0
39845,-1.0
39846,-1.0
39847,-1.0
39848,-1.0
39849,-1.0
39850,-1.0
39851,-1.0
39852,-1.0
39853,-1.0
39854,-1.0
39855,-1.0
39856,-1.0
39857,-1.0
39858,-1.0
39859,-1.0
39860,-1.0
39861,-1.0
39862,-1.0
39863,-1.0
39864,-1.0
39865,-1.0
39866,-1.0
39867,-1.0
39868,-1.0
39869,-1.0
39870,-1.0
39871,-1.0
39872,-1.0
39873,-1.0
39874,-1.0
39875,-1.0
39876,-1.0
39877,-1.0
39878,-1.0
39879,-1.0
39880,-1.0
39881,-1.0
39882,-1.0
39883,-1.0
39884,-1.0
39885,-1.0
39886,-1.0
39887,-1.0
39888,-1.0
39889,-1.0
39890,-1.0
39891,-1.0
39892,-1.0
39893,-1.0
39894,-1.0
39895,-1.0
39896,-1.0
39897,-1.0
39898,-1.0
39899,-1.0
39900,-1.0
39901,-1.0
39902,-1.0
39903,-1.0
39904,-1.0
39905,-1.0
39906,-1.0
39907,-1.0
39908,-1.0
39909,-1.0
39910,-1.0
39911,-1.0
39912,-1.0
39913,-1.0
39914,-1.0
39915,-1.0
39916,-1.0
39917,-1.0
39918,-1.0
39919,-1.0
39920,-1.0
39921,-1.0
39922,-1.0
39923,-1.0
39924,-1.0
39925,-1.0
39926,-1.0
39927,-1.0
39928,-1.0
39929,-1.0
39930,-1.0
39931,-1.0
39932,-1.0
39933,-1.0
39934,-1.0
39935,-1.0
39936,-1.0
39937,-1.0
39938,-1.0
39939,-1.0
39940,-1.0
39941,-1.0
39942,-1.0
39943,-1.0
39944,-1.0
39945,-1.0
39946,-1.0
39947,-1.0
39948,-1.0
39949,-1.0
39950,-1.0
39951,-1.0
39952,-1.0
39953,-1.0
39954,-1.0
39955,-1.0
39956,-1.0
39957,-1.0
39958,-1.0
39959,-1.0
39960,-1.0
39961,-1.0
39962,-1.0
39963,-1.0
39964,-1.0
39965,-1.0
39966,-1.0
39967,-1.0
39968,-1.0
39969,-1.0
39970,-1.0
39971,-1.0
39972,-1.0
39973,-1.0
39974,-1.0
39975,-1.0
39976,-1.0
39977,-1.0
39978,-1.0
39979,-1.0
39980,-1.0
39981,-1.0
39982,-1.0
39983,-1.0
39984,-1.0
39985,-1.0
39986,-1.0
39987,-1.0
39988,-1.0
39989,-1.0
39990,-1.0
39991,-1.0
39992,-1.0
39993,-1.0
39994,-1.0
39995,-1.0
39996,-1.0
39997,-1.0
39998,-1.0
39999,-1.0
40000,-1.0
40001,-1.0
40002,-1.0
40003,-1.0
40004,-1.0
40005,-1.0
40006,-1.0
40007,-1.0
40008,-1.0
40009,-1.0
40010,-1.0
40011,-1.0
40012,-1.0
40013,-1.0
40014,-1.0
40015,-1.0
40016,-1.0
40017,-1.0
40018,-1.0
40019,-1.0
40020,-1.0
40021,-1.0
40022,-1.0
40023,-1.0
40024,-1.0
40025,-1.0
40026,-1.0
40027,-1.0
40028,-1.0
40029,-1.0
40030,-1.0
40031,-1.0
40032,-1.0
40033,-1.0
40034,-1.0
40035,-1.0
40036,-1.0
40037,-1.0
40038,-1.0
40039,-1.0
40040,-1.0
40041,-1.0
40042,-1.0
40043,-1.0
40044,-1.0
40045,-1.0
40046,-1.0
40047,-1.0
40048,-1.0
40049,-1.0
40050,-1.0
40051,-1.0
40052,-1.0
40053,-1.0
40054,-1.0
40055,-1.0
40056,-1.0
40057,-1.0
40058,-1.0
40059,-1.0
40060,-1.0
40061,-1.0
40062,-1.0
40063,-1.0
40064,-1.0
40065,-1.0
40066,-1.0
40067,-1.0
40068,-1.0
40069,-1.0
40070,-1.0
40071,-1.0
40072,-1.0
40073,-1.0
40074,-1.0
40075,-1.0
40076,-1.0
40077,-1.0
40078,-1.0
40079,-1.0
40080,-1.0
40081,-1.0
40082,-1.0
40083,-1.0
40084,-1.0
40085,-1.0
40086,-1.0
40087,-1.0
40088,-1.0
40089,-1.0
40090,-1.0
40091,-1.0
40092,-1.0
40093,-1.0
40094,-1.0
40095,-1.0
40096,-1.0
40097,-1.0
40098,-1.0
40099,-1.0
40100,-1.0
40101,-1.0
40102,-1.0
40103,-1.0
40104,-1.0
40105,-1.0
40106,-1.0
40107,-1.0
40108,-1.0
40109,-1.0
40110,-1.0
40111,-1.0
40112,-1.0
40113,-1.0
40114,-1.0
40115,-1.0
40116,-1.0
40117,-1.0
40118,-1.0
40119,-1.0
40120,-1.0
40121,-1.0
40122,-1.0
40123,-1.0
40124,-1.0
40125,-1.0
40126,-1.0
40127,-1.0
40128,-1.0
40129,-1.0
40130,-1.0
40131,-1.0
40132,-1.0
40133,-1.0
40134,-1.0
40135,-1.0
40136,-1.0
40137,-1.0
40138,-1.0
40139,-1.0
40140,-1.0
40141,-1.0
40142,-1.0
40143,-1.0
40144,-1.0
40145,-1.0
40146,-1.0
40147,-1.0
40148,-1.0
40149,-1.0
40150,-1.0
40151,-1.0
40152,-1.0
40153,-1.0
40154,-1.0
40155,-1.0
40156,-1.0
40157,-1.0
40158,-1.0
40159,-1.0
40160,-1.0
40161,-1.0
40162,-1.0
40163,-1.0
40164,-1.0
40165,-1.0
40166,-1.0
40167,-1.0
40168,-1.0
40169,-1.0
40170,-1.0
40171,-1.0
40172,-1.0
40173,-1.0
40174,-1.0
40175,-1.0
40176,-1.0
40177,-1.0
40178,-1.0
40179,-1.0
40180,-1.0
40181,-1.0
40182,-1.0
40183,-1.0
40184,-1.0
40185,-1.0
40186,-1.0
40187,-1.0
40188,-1.0
40189,-1.0
40190,-1.0
40191,-1.0
40192,-1.0
40193,-1.0
40194,-1.0
40195,-1.0
40196,-1.0
40197,-1.0
40198,-1.0
40199,-1.0
40200,-1.0
40201,-1.0
40202,-1.0
40203,-1.0
40204,-1.0
40205,-1.0
40206,-1.0
40207,-1.0
40208,-1.0
40209,-1.0
40210,-1.0
40211,-1.0
40212,-1.0
40213,-1.0
40214,-1.0
40215,-1.0
40216,-1.0
40217,-1.0
40218,-1.0
40219,-1.0
40220,-1.0
40221,-1.0
40222,-1.0
40223,-1.0
40224,-1.0
40225,-1.0
40226,-1.0
40227,-1.0
40228,-1.0
40229,-1.0
40230,-1.0
40231,-1.0
40232,-1.0
40233,-1.0
40234,-1.0
40235,-1.0
40236,-1.0
40237,-1.0
40238,-1.0
40239,-1.0
40240,-1.0
40241,-1.0
40242,-1.0
40243,-1.0
40244,-1.0
40245,-1.0
40246,-1.0
40247,-1.0
40248,-1.0
40249,-1.0
40250,-1.0
40251,-1.0
40252,-1.0
40253,-1.0
40254,-1.0
40255,-1.0
40256,-1.0
40257,-1.0
40258,-1.0
40259,-1.0
40260,-1.0
40261,-1.0
40262,-1.0
40263,-1.0
40264,-1.0
40265,-1.0
40266,-1.0
40267,-1.0
40268,-1.0
40269,-1.0
40270,-1.0
40271,-1.0
40272,-1.0
40273,-1.0
40274,-1.0
40275,-1.0
40276,-1.0
40277,-1.0
40278,-1.0
40279,-1.0
40280,-1.0
40281,-1.0
40282,-1.0
40283,-1.0
40284,-1.0
40285,-1.0
40286,-1.0
40287,-1.0
40288,-1.0
40289,-1.0
40290,-1.0
40291,-1.0
40292,-1.0
40293,-1.0
40294,-1.0
40295,-1.0
40296,-1.0
40297,-1.0
40298,-1.0
40299,-1.0
40300,-1.0
40301,-1.0
40302,-1.0
40303,-1.0
40304,-1.0
40305,-1.0
40306,-1.0
40307,-1.0
40308,-1.0
40309,-1.0
40310,-1.0
40311,-1.0
40312,-1.0
40313,-1.0
40314,-1.0
40315,-1.0
40316,-1.0
40317,-1.0
40318,-1.0
40319,-1.0
40320,-1.0
40321,-1.0
40322,-1.0
40323,-1.0
40324,-1.0
40325,-1.0
40326,-1.0
40327,-1.0
40328,-1.0
40329,-1.0
40330,-1.0
40331,-1.0
40332,-1.0
40333,-1.0
40334,-1.0
40335,-1.0
40336,-1.0
40337,-1.0
40338,-1.0
40339,-1.0
40340,-1.0
40341,-1.0
40342,-1.0
40343,-1.0
40344,-1.0
40345,-1.0
40346,-1.0
40347,-1.0
40348,-1.0
40349,-1.0
40350,-1.0
40351,-1.0
40352,-1.0
40353,-1.0
40354,-1.0
40355,-1.0
40356,-1.0
40357,-1.0
40358,-1.0
40359,-1.0
40360,-1.0
40361,-1.0
40362,-1.0
40363,-1.0
40364,-1.0
40365,-1.0
40366,-1.0
40367,-1.0
40368,-1.0
40369,-1.0
40370,-1.0
40371,-1.0
40372,-1.0
40373,-1.0
40374,-1.0
40375,-1.0
40376,-1.0
40377,-1.0
40378,-1.0
40379,-1.0
40380,-1.0
40381,-1.0
40382,-1.0
40383,-1.0
40384,-1.0
40385,-1.0
40386,-1.0
40387,-1.0
40388,-1.0
40389,-1.0
40390,-1.0
40391,-1.0
40392,-1.0
40393,-1.0
40394,-1.0
40395,-1.0
40396,-1.0
40397,-1.0
40398,-1.0
40399,-1.0
40400,-1.0
40401,-1.0
40402,-1.0
40403,-1.0
40404,-1.0
40405,-1.0
40406,-1.0
40407,-1.0
40408,-1.0
40409,-1.0
40410,-1.0
40411,-1.0
40412,-1.0
40413,-1.0
40414,-1.0
40415,-1.0
40416,-1.0
40417,-1.0
40418,-1.0
40419,-1.0
40420,-1.0
40421,-1.0
40422,-1.0
40423,-1.0
40424,-1.0
40425,-1.0
40426,-1.0
40427,-1.0
40428,-1.0
40429,-1.0
40430,-1.0
40431,-1.0
40432,-1.0
40433,-1.0
40434,-1.0
40435,-1.0
40436,-1.0
40437,-1.0
40438,-1.0
40439,-1.0
40440,-1.0
40441,-1.0
40442,-1.0
40443,-1.0
40444,-1.0
40445,-1.0
40446,-1.0
40447,-1.0
40448,-1.0
40449,-1.0
40450,-1.0
40451,-1.0
40452,-1.0
40453,-1.0
40454,-1.0
40455,-1.0
40456,-1.0
40457,-1.0
40458,-1.0
40459,-1.0
40460,-1.0
40461,-1.0
40462,-1.0
40463,-1.0
40464,-1.0
40465,-1.0
40466,-1.0
40467,-1.0
40468,-1.0
40469,-1.0
40470,-1.0
40471,-1.0
40472,-1.0
40473,-1.0
40474,-1.0
40475,-1.0
40476,-1.0
40477,-1.0
40478,-1.0
40479,-1.0
40480,-1.0
40481,-1.0
40482,-1.0
40483,-1.0
40484,-1.0
40485,-1.0
40486,-1.0
40487,-1.0
40488,-1.0
40489,-1.0
40490,-1.0
40491,-1.0
40492,-1.0
40493,-1.0
40494,-1.0
40495,-1.0
40496,-1.0
40497,-1.0
40498,-1.0
40499,-1.0
40500,-1.0
40501,-1.0
40502,-1.0
40503,-1.0
40504,-1.0
40505,-1.0
40506,-1.0
40507,-1.0
40508,-1.0
40509,-1.0
40510,-1.0
40511,-1.0
40512,-1.0
40513,-1.0
40514,-1.0
40515,-1.0
40516,-1.0
40517,-1.0
40518,-1.0
40519,-1.0
40520,-1.0
40521,-1.0
40522,-1.0
40523,-1.0
40524,-1.0
40525,-1.0
40526,-1.0
40527,-1.0
40528,-1.0
40529,-1.0
40530,-1.0
40531,-1.0
40532,-1.0
40533,-1.0
40534,-1.0
40535,-1.0
40536,-1.0
40537,-1.0
40538,-1.0
40539,-1.0
40540,-1.0
40541,-1.0
40542,-1.0
40543,-1.0
40544,-1.0
40545,-1.0
40546,-1.0
40547,-1.0
40548,-1.0
40549,-1.0
40550,-1.0
40551,-1.0
40552,-1.0
40553,-1.0
40554,-1.0
40555,-1.0
40556,-1.0
40557,-1.0
40558,-1.0
40559,-1.0
40560,-1.0
40561,-1.0
40562,-1.0
40563,-1.0
40564,-1.0
40565,-1.0
40566,-1.0
40567,-1.0
40568,-1.0
40569,-1.0
40570,-1.0
40571,-1.0
40572,-1.0
40573,-1.0
40574,-1.0
40575,-1.0
40576,-1.0
40577,-1.0
40578,-1.0
40579,-1.0
40580,-1.0
40581,-1.0
40582,-1.0
40583,-1.0
40584,-1.0
40585,-1.0
40586,-1.0
40587,-1.0
40588,-1.0
40589,-1.0
40590,-1.0
40591,-1.0
40592,-1.0
40593,-1.0
40594,-1.0
40595,-1.0
40596,-1.0
40597,-1.0
40598,-1.0
40599,-1.0
40600,-1.0
40601,-1.0
40602,-1.0
40603,-1.0
40604,-1.0
40605,-1.0
40606,-1.0
40607,-1.0
40608,-1.0
40609,-1.0
40610,-1.0
40611,-1.0
40612,-1.0
40613,-1.0
40614,-1.0
40615,-1.0
40616,-1.0
40617,-1.0
40618,-1.0
40619,-1.0
40620,-1.0
40621,-1.0
40622,-1.0
40623,-1.0
40624,-1.0
40625,-1.0
40626,-1.0
40627,-1.0
40628,-1.0
40629,-1.0
40630,-1.0
40631,-1.0
40632,-1.0
40633,-1.0
40634,-1.0
40635,-1.0
40636,-1.0
40637,-1.0
40638,-1.0
40639,-1.0
40640,-1.0
40641,-1.0
40642,-1.0
40643,-1.0
40644,-1.0
40645,-1.0
40646,-1.0
40647,-1.0
40648,-1.0
40649,-1.0
40650,-1.0
40651,-1.0
40652,-1.0
40653,-1.0
40654,-1.0
40655,-1.0
40656,-1.0
40657,-1.0
40658,-1.0
40659,-1.0
40660,-1.0
40661,-1.0
40662,-1.0
40663,-1.0
40664,-1.0
40665,-1.0
40666,-1.0
40667,-1.0
40668,-1.0
40669,-1.0
40670,-1.0
40671,-1.0
40672,-1.0
40673,-1.0
40674,-1.0
40675,-1.0
40676,-1.0
40677,-1.0
40678,-1.0
40679,-1.0
40680,-1.0
40681,-1.0
40682,-1.0
40683,-1.0
40684,-1.0
40685,-1.0
40686,-1.0
40687,-1.0
40688,-1.0
40689,-1.0
40690,-1.0
40691,-1.0
40692,-1.0
40693,-1.0
40694,-1.0
40695,-1.0
40696,-1.0
40697,-1.0
40698,-1.0
40699,-1.0
40700,-1.0
40701,-1.0
40702,-1.0
40703,-1.0
40704,-1.0
40705,-1.0
40706,-1.0
40707,-1.0
40708,-1.0
40709,-1.0
40710,-1.0
40711,-1.0
40712,-1.0
40713,-1.0
40714,-1.0
40715,-1.0
40716,-1.0
40717,-1.0
40718,-1.0
40719,-1.0
40720,-1.0
40721,-1.0
40722,-1.0
40723,-1.0
40724,-1.0
40725,-1.0
40726,-1.0
40727,-1.0
40728,-1.0
40729,-1.0
40730,-1.0
40731,-1.0
40732,-1.0
40733,-1.0
40734,-1.0
40735,-1.0
40736,-1.0
40737,-1.0
40738,-1.0
40739,-1.0
40740,-1.0
40741,-1.0
40742,-1.0
40743,-1.0
40744,-1.0
40745,-1.0
40746,-1.0
40747,-1.0
40748,-1.0
40749,-1.0
40750,-1.0
40751,-1.0
40752,-1.0
40753,-1.0
40754,-1.0
40755,-1.0
40756,-1.0
40757,-1.0
40758,-1.0
40759,-1.0
40760,-1.0
40761,-1.0
40762,-1.0
40763,-1.0
40764,-1.0
40765,-1.0
40766,-1.0
40767,-1.0
40768,-1.0
40769,-1.0
40770,-1.0
40771,-1.0
40772,-1.0
40773,-1.0
40774,-1.0
40775,-1.0
40776,-1.0
40777,-1.0
40778,-1.0
40779,-1.0
40780,-1.0
40781,-1.0
40782,-1.0
40783,-1.0
40784,-1.0
40785,-1.0
40786,-1.0
40787,-1.0
40788,-1.0
40789,-1.0
40790,-1.0
40791,-1.0
40792,-1.0
40793,-1.0
40794,-1.0
40795,-1.0
40796,-1.0
40797,-1.0
40798,-1.0
40799,-1.0
40800,-1.0
40801,-1.0
40802,-1.0
40803,-1.0
40804,-1.0
40805,-1.0
40806,-1.0
40807,-1.0
40808,-1.0
40809,-1.0
40810,-1.0
40811,-1.0
40812,-1.0
40813,-1.0
40814,-1.0
40815,-1.0
40816,-1.0
40817,-1.0
40818,-1.0
40819,-1.0
40820,-1.0
40821,-1.0
40822,-1.0
40823,-1.0
40824,-1.0
40825,-1.0
40826,-1.0
40827,-1.0
40828,-1.0
40829,-1.0
40830,-1.0
40831,-1.0
40832,-1.0
40833,-1.0
40834,-1.0
40835,-1.0
40836,-1.0
40837,-1.0
40838,-1.0
40839,-1.0
40840,-1.0
40841,-1.0
40842,-1.0
40843,-1.0
40844,-1.0
40845,-1.0
40846,-1.0
40847,-1.0
40848,-1.0
40849,-1.0
40850,-1.0
40851,-1.0
40852,-1.0
40853,-1.0
40854,-1.0
40855,-1.0
40856,-1.0
40857,-1.0
40858,-1.0
40859,-1.0
40860,-1.0
40861,-1.0
40862,-1.0
40863,-1.0
40864,-1.0
40865,-1.0
40866,-1.0
40867,-1.0
40868,-1.0
40869,-1.0
40870,-1.0
40871,-1.0
40872,-1.0
40873,-1.0
40874,-1.0
40875,-1.0
40876,-1.0
40877,-1.0
40878,-1.0
40879,-1.0
40880,-1.0
40881,-1.0
40882,-1.0
40883,-1.0
40884,-1.0
40885,-1.0
40886,-1.0
40887,-1.0
40888,-1.0
40889,-1.0
40890,-1.0
40891,-1.0
40892,-1.0
40893,-1.0
40894,-1.0
40895,-1.0
40896,-1.0
40897,-1.0
40898,-1.0
40899,-1.0
40900,-1.0
40901,-1.0
40902,-1.0
40903,-1.0
40904,-1.0
40905,-1.0
40906,-1.0
40907,-1.0
40908,-1.0
40909,-1.0
40910,-1.0
40911,-1.0
40912,-1.0
40913,-1.0
40914,-1.0
40915,-1.0
40916,-1.0
40917,-1.0
40918,-1.0
40919,-1.0
40920,-1.0
40921,-1.0
40922,-1.0
40923,-1.0
40924,-1.0
40925,-1.0
40926,-1.0
40927,-1.0
40928,-1.0
40929,-1.0
40930,-1.0
40931,-1.0
40932,-1.0
40933,-1.0
40934,-1.0
40935,-1.0
40936,-1.0
40937,-1.0
40938,-1.0
40939,-1.0
40940,-1.0
40941,-1.0
40942,-1.0
40943,-1.0
40944,-1.0
40945,-1.0
40946,-1.0
40947,-1.0
40948,-1.0
40949,-1.0
40950,-1.0
40951,-1.0
40952,-1.0
40953,-1.0
40954,-1.0
40955,-1.0
40956,-1.0
40957,-1.0
40958,-1.0
40959,-1.0
40960,-1.0
40961,-1.0
40962,-1.0
40963,-1.0
40964,-1.0
40965,-1.0
40966,-1.0
40967,-1.0
40968,-1.0
40969,-1.0
40970,-1.0
40971,-1.0
40972,-1.0
40973,-1.0
40974,-1.0
40975,-1.0
40976,-1.0
40977,-1.0
40978,-1.0
40979,-1.0
40980,-1.0
40981,-1.0
40982,-1.0
40983,-1.0
40984,-1.0
40985,-1.0
40986,-1.0
40987,-1.0
40988,-1.0
40989,-1.0
40990,-1.0
40991,-1.0
40992,-1.0
40993,-1.0
40994,-1.0
40995,-1.0
40996,-1.0
40997,-1.0
40998,-1.0
40999,-1.0
41000,-1.0
41001,-1.0
41002,-1.0
41003,-1.0
41004,-1.0
41005,-1.0
41006,-1.0
41007,-1.0
41008,-1.0
41009,-1.0
41010,-1.0
41011,-1.0
41012,-1.0
41013,-1.0
41014,-1.0
41015,-1.0
41016,-1.0
41017,-1.0
41018,-1.0
41019,-1.0
41020,-1.0
41021,-1.0
41022,-1.0
41023,-1.0
41024,-1.0
41025,-1.0
41026,-1.0
41027,-1.0
41028,-1.0
41029,-1.0
41030,-1.0
41031,-1.0
41032,-1.0
41033,-1.0
41034,-1.0
41035,-1.0
41036,-1.0
41037,-1.0
41038,-1.0
41039,-1.0
41040,-1.0
41041,-1.0
41042,-1.0
41043,-1.0
41044,-1.0
41045,-1.0
41046,-1.0
41047,-1.0
41048,-1.0
41049,-1.0
41050,-1.0
41051,-1.0
41052,-1.0
41053,-1.0
41054,-1.0
41055,-1.0
41056,-1.0
41057,-1.0
41058,-1.0
41059,-1.0
41060,-1.0
41061,-1.0
41062,-1.0
41063,-1.0
41064,-1.0
41065,-1.0
41066,-1.0
41067,-1.0
41068,-1.0
41069,-1.0
41070,-1.0
41071,-1.0
41072,-1.0
41073,-1.0
41074,-1.0
41075,-1.0
41076,-1.0
41077,-1.0
41078,-1.0
41079,-1.0
41080,-1.0
41081,-1.0
41082,-1.0
41083,-1.0
41084,-1.0
41085,-1.0
41086,-1.0
41087,-1.0
41088,-1.0
41089,-1.0
41090,-1.0
41091,-1.0
41092,-1.0
41093,-1.0
41094,-1.0
41095,-1.0
41096,-1.0
41097,-1.0
41098,-1.0
41099,-1.0
41100,-1.0
41101,-1.0
41102,-1.0
41103,-1.0
41104,-1.0
41105,-1.0
41106,-1.0
41107,-1.0
41108,-1.0
41109,-1.0
41110,-1.0
41111,-1.0
41112,-1.0
41113,-1.0
41114,-1.0
41115,-1.0
41116,-1.0
41117,-1.0
41118,-1.0
41119,-1.0
41120,-1.0
41121,-1.0
41122,-1.0
41123,-1.0
41124,-1.0
41125,-1.0
41126,-1.0
41127,-1.0
41128,-1.0
41129,-1.0
41130,-1.0
41131,-1.0
41132,-1.0
41133,-1.0
41134,-1.0
41135,-1.0
41136,-1.0
41137,-1.0
41138,-1.0
41139,-1.0
41140,-1.0
41141,-1.0
41142,-1.0
41143,-1.0
41144,-1.0
41145,-1.0
41146,-1.0
41147,-1.0
41148,-1.0
41149,-1.0
41150,-1.0
41151,-1.0
41152,-1.0
41153,-1.0
41154,-1.0
41155,-1.0
41156,-1.0
41157,-1.0
41158,-1.0
41159,-1.0
41160,-1.0
41161,-1.0
41162,-1.0
41163,-1.0
41164,-1.0
41165,-1.0
41166,-1.0
41167,-1.0
41168,-1.0
41169,-1.0
41170,-1.0
41171,-1.0
41172,-1.0
41173,-1.0
41174,-1.0
41175,-1.0
41176,-1.0
41177,-1.0
41178,-1.0
41179,-1.0
41180,-1.0
41181,-1.0
41182,-1.0
41183,-1.0
41184,-1.0
41185,-1.0
41186,-1.0
41187,-1.0
41188,-1.0
41189,-1.0
41190,-1.0
41191,-1.0
41192,-1.0
41193,-1.0
41194,-1.0
41195,-1.0
41196,-1.0
41197,-1.0
41198,-1.0
41199,-1.0
41200,-1.0
41201,-1.0
41202,-1.0
41203,-1.0
41204,-1.0
41205,-1.0
41206,-1.0
41207,-1.0
41208,-1.0
41209,-1.0
41210,-1.0
41211,-1.0
41212,-1.0
41213,-1.0
41214,-1.0
41215,-1.0
41216,-1.0
41217,-1.0
41218,-1.0
41219,-1.0
41220,-1.0
41221,-1.0
41222,-1.0
41223,-1.0
41224,-1.0
41225,-1.0
41226,-1.0
41227,-1.0
41228,-1.0
41229,-1.0
41230,-1.0
41231,-1.0
41232,-1.0
41233,-1.0
41234,-1.0
41235,-1.0
41236,-1.0
41237,-1.0
41238,-1.0
41239,-1.0
41240,-1.0
41241,-1.0
41242,-1.0
41243,-1.0
41244,-1.0
41245,-1.0
41246,-1.0
41247,-1.0
41248,-1.0
41249,-1.0
41250,-1.0
41251,-1.0
41252,-1.0
41253,-1.0
41254,-1.0
41255,-1.0
41256,-1.0
41257,-1.0
41258,-1.0
41259,-1.0
41260,-1.0
41261,-1.0
41262,-1.0
41263,-1.0
41264,-1.0
41265,-1.0
41266,-1.0
41267,-1.0
41268,-1.0
41269,-1.0
41270,-1.0
41271,-1.0
41272,-1.0
41273,-1.0
41274,-1.0
41275,-1.0
41276,-1.0
41277,-1.0
41278,-1.0
41279,-1.0
41280,-1.0
41281,-1.0
41282,-1.0
41283,-1.0
41284,-1.0
41285,-1.0
41286,-1.0
41287,-1.0
41288,-1.0
41289,-1.0
41290,-1.0
41291,-1.0
41292,-1.0
41293,-1.0
41294,-1.0
41295,-1.0
41296,-1.0
41297,-1.0
41298,-1.0
41299,-1.0
41300,-1.0
41301,-1.0
41302,-1.0
41303,-1.0
41304,-1.0
41305,-1.0
41306,-1.0
41307,-1.0
41308,-1.0
41309,-1.0
41310,-1.0
41311,-1.0
41312,-1.0
41313,-1.0
41314,-1.0
41315,-1.0
41316,-1.0
41317,-1.0
41318,-1.0
41319,-1.0
41320,-1.0
41321,-1.0
41322,-1.0
41323,-1.0
41324,-1.0
41325,-1.0
41326,-1.0
41327,-1.0
41328,-1.0
41329,-1.0
41330,-1.0
41331,-1.0
41332,-1.0
41333,-1.0
41334,-1.0
41335,-1.0
41336,-1.0
41337,-1.0
41338,-1.0
41339,-1.0
41340,-1.0
41341,-1.0
41342,-1.0
41343,-1.0
41344,-1.0
41345,-1.0
41346,-1.0
41347,-1.0
41348,-1.0
41349,-1.0
41350,-1.0
41351,-1.0
41352,-1.0
41353,-1.0
41354,-1.0
41355,-1.0
41356,-1.0
41357,-1.0
41358,-1.0
41359,-1.0
41360,-1.0
41361,-1.0
41362,-1.0
41363,-1.0
41364,-1.0
41365,-1.0
41366,-1.0
41367,-1.0
41368,-1.0
41369,-1.0
41370,-1.0
41371,-1.0
41372,-1.0
41373,-1.0
41374,-1.0
41375,-1.0
41376,-1.0
41377,-1.0
41378,-1.0
41379,-1.0
41380,-1.0
41381,-1.0
41382,-1.0
41383,-1.0
41384,-1.0
41385,-1.0
41386,-1.0
41387,-1.0
41388,-1.0
41389,-1.0
41390,-1.0
41391,-1.0
41392,-1.0
41393,-1.0
41394,-1.0
41395,-1.0
41396,-1.0
41397,-1.0
41398,-1.0
41399,-1.0
41400,-1.0
41401,-1.0
41402,-1.0
41403,-1.0
41404,-1.0
41405,-1.0
41406,-1.0
41407,-1.0
41408,-1.0
41409,-1.0
41410,-1.0
41411,-1.0
41412,-1.0
41413,-1.0
41414,-1.0
41415,-1.0
41416,-1.0
41417,-1.0
41418,-1.0
41419,-1.0
41420,-1.0
41421,-1.0
41422,-1.0
41423,-1.0
41424,-1.0
41425,-1.0
41426,-1.0
41427,-1.0
41428,-1.0
41429,-1.0
41430,-1.0
41431,-1.0
41432,-1.0
41433,-1.0
41434,-1.0
41435,-1.0
41436,-1.0
41437,-1.0
41438,-1.0
41439,-1.0
41440,-1.0
41441,-1.0
41442,-1.0
41443,-1.0
41444,-1.0
41445,-1.0
41446,-1.0
41447,-1.0
41448,-1.0
41449,-1.0
41450,-1.0
41451,-1.0
41452,-1.0
41453,-1.0
41454,-1.0
41455,-1.0
41456,-1.0
41457,-1.0
41458,-1.0
41459,-1.0
41460,-1.0
41461,-1.0
41462,-1.0
41463,-1.0
41464,-1.0
41465,-1.0
41466,-1.0
41467,-1.0
41468,-1.0
41469,-1.0
41470,-1.0
41471,-1.0
41472,-1.0
41473,-1.0
41474,-1.0
41475,-1.0
41476,-1.0
41477,-1.0
41478,-1.0
41479,-1.0
41480,-1.0
41481,-1.0
41482,-1.0
41483,-1.0
41484,-1.0
41485,-1.0
41486,-1.0
41487,-1.0
41488,-1.0
41489,-1.0
41490,-1.0
41491,-1.0
41492,-1.0
41493,-1.0
41494,-1.0
41495,-1.0
41496,-1.0
41497,-1.0
41498,-1.0
41499,-1.0
41500,-1.0
41501,-1.0
41502,-1.0
41503,-1.0
41504,-1.0
41505,-1.0
41506,-1.0
41507,-1.0
41508,-1.0
41509,-1.0
41510,-1.0
41511,-1.0
41512,-1.0
41513,-1.0
41514,-1.0
41515,-1.0
41516,-1.0
41517,-1.0
41518,-1.0
41519,-1.0
41520,-1.0
41521,-1.0
41522,-1.0
41523,-1.0
41524,-1.0
41525,-1.0
41526,-1.0
41527,-1.0
41528,-1.0
41529,-1.0
41530,-1.0
41531,-1.0
41532,-1.0
41533,-1.0
41534,-1.0
41535,-1.0
41536,-1.0
41537,-1.0
41538,-1.0
41539,-1.0
41540,-1.0
41541,-1.0
41542,-1.0
41543,-1.0
41544,-1.0
41545,-1.0
41546,-1.0
41547,-1.0
41548,-1.0
41549,-1.0
41550,-1.0
41551,-1.0
41552,-1.0
41553,-1.0
41554,-1.0
41555,-1.0
41556,-1.0
41557,-1.0
41558,-1.0
41559,-1.0
41560,-1.0
41561,-1.0
41562,-1.0
41563,-1.0
41564,-1.0
41565,-1.0
41566,-1.0
41567,-1.0
41568,-1.0
41569,-1.0
41570,-1.0
41571,-1.0
41572,-1.0
41573,-1.0
41574,-1.0
41575,-1.0
41576,-1.0
41577,-1.0
41578,-1.0
41579,-1.0
41580,-1.0
41581,-1.0
41582,-1.0
41583,-1.0
41584,-1.0
41585,-1.0
41586,-1.0
41587,-1.0
41588,-1.0
41589,-1.0
41590,-1.0
41591,-1.0
41592,-1.0
41593,-1.0
41594,-1.0
41595,-1.0
41596,-1.0
41597,-1.0
41598,-1.0
41599,-1.0
41600,-1.0
41601,-1.0
41602,-1.0
41603,-1.0
41604,-1.0
41605,-1.0
41606,-1.0
41607,-1.0
41608,-1.0
41609,-1.0
41610,-1.0
41611,-1.0
41612,-1.0
41613,-1.0
41614,-1.0
41615,-1.0
41616,-1.0
41617,-1.0
41618,-1.0
41619,-1.0
41620,-1.0
41621,-1.0
41622,-1.0
41623,-1.0
41624,-1.0
41625,-1.0
41626,-1.0
41627,-1.0
41628,-1.0
41629,-1.0
41630,-1.0
41631,-1.0
41632,-1.0
41633,-1.0
41634,-1.0
41635,-1.0
41636,-1.0
41637,-1.0
41638,-1.0
41639,-1.0
41640,-1.0
41641,-1.0
41642,-1.0
41643,-1.0
41644,-1.0
41645,-1.0
41646,-1.0
41647,-1.0
41648,-1.0
41649,-1.0
41650,-1.0
41651,-1.0
41652,-1.0
41653,-1.0
41654,-1.0
41655,-1.0
41656,-1.0
41657,-1.0
41658,-1.0
41659,-1.0
41660,-1.0
41661,-1.0
41662,-1.0
41663,-1.0
41664,-1.0
41665,-1.0
41666,-1.0
41667,-1.0
41668,-1.0
41669,-1.0
41670,-1.0
41671,-1.0
41672,-1.0
41673,-1.0
41674,-1.0
41675,-1.0
41676,-1.0
41677,-1.0
41678,-1.0
41679,-1.0
41680,-1.0
41681,-1.0
41682,-1.0
41683,-1.0
41684,-1.0
41685,-1.0
41686,-1.0
41687,-1.0
41688,-1.0
41689,-1.0
41690,-1.0
41691,-1.0
41692,-1.0
41693,-1.0
41694,-1.0
41695,-1.0
41696,-1.0
41697,-1.0
41698,-1.0
41699,-1.0
41700,-1.0
41701,-1.0
41702,-1.0
41703,-1.0
41704,-1.0
41705,-1.0
41706,-1.0
41707,-1.0
41708,-1.0
41709,-1.0
41710,-1.0
41711,-1.0
41712,-1.0
41713,-1.0
41714,-1.0
41715,-1.0
41716,-1.0
41717,-1.0
41718,-1.0
41719,-1.0
41720,-1.0
41721,-1.0
41722,-1.0
41723,-1.0
41724,-1.0
41725,-1.0
41726,-1.0
41727,-1.0
41728,-1.0
41729,-1.0
41730,-1.0
41731,-1.0
41732,-1.0
41733,-1.0
41734,-1.0
41735,-1.0
41736,-1.0
41737,-1.0
41738,-1.0
41739,-1.0
41740,-1.0
41741,-1.0
41742,-1.0
41743,-1.0
41744,-1.0
41745,-1.0
41746,-1.0
41747,-1.0
41748,-1.0
41749,-1.0
41750,-1.0
41751,-1.0
41752,-1.0
41753,-1.0
41754,-1.0
41755,-1.0
41756,-1.0
41757,-1.0
41758,-1.0
41759,-1.0
41760,-1.0
41761,-1.0
41762,-1.0
41763,-1.0
41764,-1.0
41765,-1.0
41766,-1.0
41767,-1.0
41768,-1.0
41769,-1.0
41770,-1.0
41771,-1.0
41772,-1.0
41773,-1.0
41774,-1.0
41775,-1.0
41776,-1.0
41777,-1.0
41778,-1.0
41779,-1.0
41780,-1.0
41781,-1.0
41782,-1.0
41783,-1.0
41784,-1.0
41785,-1.0
41786,-1.0
41787,-1.0
41788,-1.0
41789,-1.0
41790,-1.0
41791,-1.0
41792,-1.0
41793,-1.0
41794,-1.0
41795,-1.0
41796,-1.0
41797,-1.0
41798,-1.0
41799,-1.0
41800,-1.0
41801,-1.0
41802,-1.0
41803,-1.0
41804,-1.0
41805,-1.0
41806,-1.0
41807,-1.0
41808,-1.0
41809,-1.0
41810,-1.0
41811,-1.0
41812,-1.0
41813,-1.0
41814,-1.0
41815,-1.0
41816,-1.0
41817,-1.0
41818,-1.0
41819,-1.0
41820,-1.0
41821,-1.0
41822,-1.0
41823,-1.0
41824,-1.0
41825,-1.0
41826,-1.0
41827,-1.0
41828,-1.0
41829,-1.0
41830,-1.0
41831,-1.0
41832,-1.0
41833,-1.0
41834,-1.0
41835,-1.0
41836,-1.0
41837,-1.0
41838,-1.0
41839,-1.0
41840,-1.0
41841,-1.0
41842,-1.0
41843,-1.0
41844,-1.0
41845,-1.0
41846,-1.0
41847,-1.0
41848,-1.0
41849,-1.0
41850,-1.0
41851,-1.0
41852,-1.0
41853,-1.0
41854,-1.0
41855,-1.0
41856,-1.0
41857,-1.0
41858,-1.0
41859,-1.0
41860,-1.0
41861,-1.0
41862,-1.0
41863,-1.0
41864,-1.0
41865,-1.0
41866,-1.0
41867,-1.0
41868,-1.0
41869,-1.0
41870,-1.0
41871,-1.0
41872,-1.0
41873,-1.0
41874,-1.0
41875,-1.0
41876,-1.0
41877,-1.0
41878,-1.0
41879,-1.0
41880,-1.0
41881,-1.0
41882,-1.0
41883,-1.0
41884,-1.0
41885,-1.0
41886,-1.0
41887,-1.0
41888,-1.0
41889,-1.0
41890,-1.0
41891,-1.0
41892,-1.0
41893,-1.0
41894,-1.0
41895,-1.0
41896,-1.0
41897,-1.0
41898,-1.0
41899,-1.0
41900,-1.0
41901,-1.0
41902,-1.0
41903,-1.0
41904,-1.0
41905,-1.0
41906,-1.0
41907,-1.0
41908,-1.0
41909,-1.0
41910,-1.0
41911,-1.0
41912,-1.0
41913,-1.0
41914,-1.0
41915,-1.0
41916,-1.0
41917,-1.0
41918,-1.0
41919,-1.0
41920,-1.0
41921,-1.0
41922,-1.0
41923,-1.0
41924,-1.0
41925,-1.0
41926,-1.0
41927,-1.0
41928,-1.0
41929,-1.0
41930,-1.0
41931,-1.0
41932,-1.0
41933,-1.0
41934,-1.0
41935,-1.0
41936,-1.0
41937,-1.0
41938,-1.0
41939,-1.0
41940,-1.0
41941,-1.0
41942,-1.0
41943,-1.0
41944,-1.0
41945,-1.0
41946,-1.0
41947,-1.0
41948,-1.0
41949,-1.0
41950,-1.0
41951,-1.0
41952,-1.0
41953,-1.0
41954,-1.0
41955,-1.0
41956,-1.0
41957,-1.0
41958,-1.0
41959,-1.0
41960,-1.0
41961,-1.0
41962,-1.0
41963,-1.0
41964,-1.0
41965,-1.0
41966,-1.0
41967,-1.0
41968,-1.0
41969,-1.0
41970,-1.0
41971,-1.0
41972,-1.0
41973,-1.0
41974,-1.0
41975,-1.0
41976,-1.0
41977,-1.0
41978,-1.0
41979,-1.0
41980,-1.0
41981,-1.0
41982,-1.0
41983,-1.0
41984,-1.0
41985,-1.0
41986,-1.0
41987,-1.0
41988,-1.0
41989,-1.0
41990,-1.0
41991,-1.0
41992,-1.0
41993,-1.0
41994,-1.0
41995,-1.0
41996,-1.0
41997,-1.0
41998,-1.0
41999,-1.0
42000,-1.0
42001,-1.0
42002,-1.0
42003,-1.0
42004,-1.0
42005,-1.0
42006,-1.0
42007,-1.0
42008,-1.0
42009,-1.0
42010,-1.0
42011,-1.0
42012,-1.0
42013,-1.0
42014,-1.0
42015,-1.0
42016,-1.0
42017,-1.0
42018,-1.0
42019,-1.0
42020,-1.0
42021,-1.0
42022,-1.0
42023,-1.0
42024,-1.0
42025,-1.0
42026,-1.0
42027,-1.0
42028,-1.0
42029,-1.0
42030,-1.0
42031,-1.0
42032,-1.0
42033,-1.0
42034,-1.0
42035,-1.0
42036,-1.0
42037,-1.0
42038,-1.0
42039,-1.0
42040,-1.0
42041,-1.0
42042,-1.0
42043,-1.0
42044,-1.0
42045,-1.0
42046,-1.0
42047,-1.0
42048,-1.0
42049,-1.0
42050,-1.0
42051,-1.0
42052,-1.0
42053,-1.0
42054,-1.0
42055,-1.0
42056,-1.0
42057,-1.0
42058,-1.0
42059,-1.0
42060,-1.0
42061,-1.0
42062,-1.0
42063,-1.0
42064,-1.0
42065,-1.0
42066,-1.0
42067,-1.0
42068,-1.0
42069,-1.0
42070,-1.0
42071,-1.0
42072,-1.0
42073,-1.0
42074,-1.0
42075,-1.0
42076,-1.0
42077,-1.0
42078,-1.0
42079,-1.0
42080,-1.0
42081,-1.0
42082,-1.0
42083,-1.0
42084,-1.0
42085,-1.0
42086,-1.0
42087,-1.0
42088,-1.0
42089,-1.0
42090,-1.0
42091,-1.0
42092,-1.0
42093,-1.0
42094,-1.0
42095,-1.0
42096,-1.0
42097,-1.0
42098,-1.0
42099,-1.0
42100,-1.0
42101,-1.0
42102,-1.0
42103,-1.0
42104,-1.0
42105,-1.0
42106,-1.0
42107,-1.0
42108,-1.0
42109,-1.0
42110,-1.0
42111,-1.0
42112,-1.0
42113,-1.0
42114,-1.0
42115,-1.0
42116,-1.0
42117,-1.0
42118,-1.0
42119,-1.0
42120,-1.0
42121,-1.0
42122,-1.0
42123,-1.0
42124,-1.0
42125,-1.0
42126,-1.0
42127,-1.0
42128,-1.0
42129,-1.0
42130,-1.0
42131,-1.0
42132,-1.0
42133,-1.0
42134,-1.0
42135,-1.0
42136,-1.0
42137,-1.0
42138,-1.0
42139,-1.0
42140,-1.0
42141,-1.0
42142,-1.0
42143,-1.0
42144,-1.0
42145,-1.0
42146,-1.0
42147,-1.0
42148,-1.0
42149,-1.0
42150,-1.0
42151,-1.0
42152,-1.0
42153,-1.0
42154,-1.0
42155,-1.0
42156,-1.0
42157,-1.0
42158,-1.0
42159,-1.0
42160,-1.0
42161,-1.0
42162,-1.0
42163,-1.0
42164,-1.0
42165,-1.0
42166,-1.0
42167,-1.0
42168,-1.0
42169,-1.0
42170,-1.0
42171,-1.0
42172,-1.0
42173,-1.0
42174,-1.0
42175,-1.0
42176,-1.0
42177,-1.0
42178,-1.0
42179,-1.0
42180,-1.0
42181,-1.0
42182,-1.0
42183,-1.0
42184,-1.0
42185,-1.0
42186,-1.0
42187,-1.0
42188,-1.0
42189,-1.0
42190,-1.0
42191,-1.0
42192,-1.0
42193,-1.0
42194,-1.0
42195,-1.0
42196,-1.0
42197,-1.0
42198,-1.0
42199,-1.0
42200,-1.0
42201,-1.0
42202,-1.0
42203,-1.0
42204,-1.0
42205,-1.0
42206,-1.0
42207,-1.0
42208,-1.0
42209,-1.0
42210,-1.0
42211,-1.0
42212,-1.0
42213,-1.0
42214,-1.0
42215,-1.0
42216,-1.0
42217,-1.0
42218,-1.0
42219,-1.0
42220,-1.0
42221,-1.0
42222,-1.0
42223,-1.0
42224,-1.0
42225,-1.0
42226,-1.0
42227,-1.0
42228,-1.0
42229,-1.0
42230,-1.0
42231,-1.0
42232,-1.0
42233,-1.0
42234,-1.0
42235,-1.0
42236,-1.0
42237,-1.0
42238,-1.0
42239,-1.0
42240,-1.0
42241,-1.0
42242,-1.0
42243,-1.0
42244,-1.0
42245,-1.0
42246,-1.0
42247,-1.0
42248,-1.0
42249,-1.0
42250,-1.0
42251,-1.0
42252,-1.0
42253,-1.0
42254,-1.0
42255,-1.0
42256,-1.0
42257,-1.0
42258,-1.0
42259,-1.0
42260,-1.0
42261,-1.0
42262,-1.0
42263,-1.0
42264,-1.0
42265,-1.0
42266,-1.0
42267,-1.0
42268,-1.0
42269,-1.0
42270,-1.0
42271,-1.0
42272,-1.0
42273,-1.0
42274,-1.0
42275,-1.0
42276,-1.0
42277,-1.0
42278,-1.0
42279,-1.0
42280,-1.0
42281,-1.0
42282,-1.0
42283,-1.0
42284,-1.0
42285,-1.0
42286,-1.0
42287,-1.0
42288,-1.0
42289,-1.0
42290,-1.0
42291,-1.0
42292,-1.0
42293,-1.0
42294,-1.0
42295,-1.0
42296,-1.0
42297,-1.0
42298,-1.0
42299,-1.0
42300,-1.0
42301,-1.0
42302,-1.0
42303,-1.0
42304,-1.0
42305,-1.0
42306,-1.0
42307,-1.0
42308,-1.0
42309,-1.0
42310,-1.0
42311,-1.0
42312,-1.0
42313,-1.0
42314,-1.0
42315,-1.0
42316,-1.0
42317,-1.0
42318,-1.0
42319,-1.0
42320,-1.0
42321,-1.0
42322,-1.0
42323,-1.0
42324,-1.0
42325,-1.0
42326,-1.0
42327,-1.0
42328,-1.0
42329,-1.0
42330,-1.0
42331,-1.0
42332,-1.0
42333,-1.0
42334,-1.0
42335,-1.0
42336,-1.0
42337,-1.0
42338,-1.0
42339,-1.0
42340,-1.0
42341,-1.0
42342,-1.0
42343,-1.0
42344,-1.0
42345,-1.0
42346,-1.0
42347,-1.0
42348,-1.0
42349,-1.0
42350,-1.0
42351,-1.0
42352,-1.0
42353,-1.0
42354,-1.0
42355,-1.0
42356,-1.0
42357,-1.0
42358,-1.0
42359,-1.0
42360,-1.0
42361,-1.0
42362,-1.0
42363,-1.0
42364,-1.0
42365,-1.0
42366,-1.0
42367,-1.0
42368,-1.0
42369,-1.0
42370,-1.0
42371,-1.0
42372,-1.0
42373,-1.0
42374,-1.0
42375,-1.0
42376,-1.0
42377,-1.0
42378,-1.0
42379,-1.0
42380,-1.0
42381,-1.0
42382,-1.0
42383,-1.0
42384,-1.0
42385,-1.0
42386,-1.0
42387,-1.0
42388,-1.0
42389,-1.0
42390,-1.0
42391,-1.0
42392,-1.0
42393,-1.0
42394,-1.0
42395,-1.0
42396,-1.0
42397,-1.0
42398,-1.0
42399,-1.0
42400,-1.0
42401,-1.0
42402,-1.0
42403,-1.0
42404,-1.0
42405,-1.0
42406,-1.0
42407,-1.0
42408,-1.0
42409,-1.0
42410,-1.0
42411,-1.0
42412,-1.0
42413,-1.0
42414,-1.0
42415,-1.0
42416,-1.0
42417,-1.0
42418,-1.0
42419,-1.0
42420,-1.0
42421,-1.0
42422,-1.0
42423,-1.0
42424,-1.0
42425,-1.0
42426,-1.0
42427,-1.0
42428,-1.0
42429,-1.0
42430,-1.0
42431,-1.0
42432,-1.0
42433,-1.0
42434,-1.0
42435,-1.0
42436,-1.0
42437,-1.0
42438,-1.0
42439,-1.0
42440,-1.0
42441,-1.0
42442,-1.0
42443,-1.0
42444,-1.0
42445,-1.0
42446,-1.0
42447,-1.0
42448,-1.0
42449,-1.0
42450,-1.0
42451,-1.0
42452,-1.0
42453,-1.0
42454,-1.0
42455,-1.0
42456,-1.0
42457,-1.0
42458,-1.0
42459,-1.0
42460,-1.0
42461,-1.0
42462,-1.0
42463,-1.0
42464,-1.0
42465,-1.0
42466,-1.0
42467,-1.0
42468,-1.0
42469,-1.0
42470,-1.0
42471,-1.0
42472,-1.0
42473,-1.0
42474,-1.0
42475,-1.0
42476,-1.0
42477,-1.0
42478,-1.0
42479,-1.0
42480,-1.0
42481,-1.0
42482,-1.0
42483,-1.0
42484,-1.0
42485,-1.0
42486,-1.0
42487,-1.0
42488,-1.0
42489,-1.0
42490,-1.0
42491,-1.0
42492,-1.0
42493,-1.0
42494,-1.0
42495,-1.0
42496,-1.0
42497,-1.0
42498,-1.0
42499,-1.0
42500,-1.0
42501,-1.0
42502,-1.0
42503,-1.0
42504,-1.0
42505,-1.0
42506,-1.0
42507,-1.0
42508,-1.0
42509,-1.0
42510,-1.0
42511,-1.0
42512,-1.0
42513,-1.0
42514,-1.0
42515,-1.0
42516,-1.0
42517,-1.0
42518,-1.0
42519,-1.0
42520,-1.0
42521,-1.0
42522,-1.0
42523,-1.0
42524,-1.0
42525,-1.0
42526,-1.0
42527,-1.0
42528,-1.0
42529,-1.0
42530,-1.0
42531,-1.0
42532,-1.0
42533,-1.0
42534,-1.0
42535,-1.0
42536,-1.0
42537,-1.0
42538,-1.0
42539,-1.0
42540,-1.0
42541,-1.0
42542,-1.0
42543,-1.0
42544,-1.0
42545,-1.0
42546,-1.0
42547,-1.0
42548,-1.0
42549,-1.0
42550,-1.0
42551,-1.0
42552,-1.0
42553,-1.0
42554,-1.0
42555,-1.0
42556,-1.0
42557,-1.0
42558,-1.0
42559,-1.0
42560,-1.0
42561,-1.0
42562,-1.0
42563,-1.0
42564,-1.0
42565,-1.0
42566,-1.0
42567,-1.0
42568,-1.0
42569,-1.0
42570,-1.0
42571,-1.0
42572,-1.0
42573,-1.0
42574,-1.0
42575,-1.0
42576,-1.0
42577,-1.0
42578,-1.0
42579,-1.0
42580,-1.0
42581,-1.0
42582,-1.0
42583,-1.0
42584,-1.0
42585,-1.0
42586,-1.0
42587,-1.0
42588,-1.0
42589,-1.0
42590,-1.0
42591,-1.0
42592,-1.0
42593,-1.0
42594,-1.0
42595,-1.0
42596,-1.0
42597,-1.0
42598,-1.0
42599,-1.0
42600,-1.0
42601,-1.0
42602,-1.0
42603,-1.0
42604,-1.0
42605,-1.0
42606,-1.0
42607,-1.0
42608,-1.0
42609,-1.0
42610,-1.0
42611,-1.0
42612,-1.0
42613,-1.0
42614,-1.0
42615,-1.0
42616,-1.0
42617,-1.0
42618,-1.0
42619,-1.0
42620,-1.0
42621,-1.0
42622,-1.0
42623,-1.0
42624,-1.0
42625,-1.0
42626,-1.0
42627,-1.0
42628,-1.0
42629,-1.0
42630,-1.0
42631,-1.0
42632,-1.0
42633,-1.0
42634,-1.0
42635,-1.0
42636,-1.0
42637,-1.0
42638,-1.0
42639,-1.0
42640,-1.0
42641,-1.0
42642,-1.0
42643,-1.0
42644,-1.0
42645,-1.0
42646,-1.0
42647,-1.0
42648,-1.0
42649,-1.0
42650,-1.0
42651,-1.0
42652,-1.0
42653,-1.0
42654,-1.0
42655,-1.0
42656,-1.0
42657,-1.0
42658,-1.0
42659,-1.0
42660,-1.0
42661,-1.0
42662,-1.0
42663,-1.0
42664,-1.0
42665,-1.0
42666,-1.0
42667,-1.0
42668,-1.0
42669,-1.0
42670,-1.0
42671,-1.0
42672,-1.0
42673,-1.0
42674,-1.0
42675,-1.0
42676,-1.0
42677,-1.0
42678,-1.0
42679,-1.0
42680,-1.0
42681,-1.0
42682,-1.0
42683,-1.0
42684,-1.0
42685,-1.0
42686,-1.0
42687,-1.0
42688,-1.0
42689,-1.0
42690,-1.0
42691,-1.0
42692,-1.0
42693,-1.0
42694,-1.0
42695,-1.0
42696,-1.0
42697,-1.0
42698,-1.0
42699,-1.0
42700,-1.0
42701,-1.0
42702,-1.0
42703,-1.0
42704,-1.0
42705,-1.0
42706,-1.0
42707,-1.0
42708,-1.0
42709,-1.0
42710,-1.0
42711,-1.0
42712,-1.0
42713,-1.0
42714,-1.0
42715,-1.0
42716,-1.0
42717,-1.0
42718,-1.0
42719,-1.0
42720,-1.0
42721,-1.0
42722,-1.0
42723,-1.0
42724,-1.0
42725,-1.0
42726,-1.0
42727,-1.0
42728,-1.0
42729,-1.0
42730,-1.0
42731,-1.0
42732,-1.0
42733,-1.0
42734,-1.0
42735,-1.0
42736,-1.0
42737,-1.0
42738,-1.0
42739,-1.0
42740,-1.0
42741,-1.0
42742,-1.0
42743,-1.0
42744,-1.0
42745,-1.0
42746,-1.0
42747,-1.0
42748,-1.0
42749,-1.0
42750,-1.0
42751,-1.0
42752,-1.0
42753,-1.0
42754,-1.0
42755,-1.0
42756,-1.0
42757,-1.0
42758,-1.0
42759,-1.0
42760,-1.0
42761,-1.0
42762,-1.0
42763,-1.0
42764,-1.0
42765,-1.0
42766,-1.0
42767,-1.0
42768,-1.0
42769,-1.0
42770,-1.0
42771,-1.0
42772,-1.0
42773,-1.0
42774,-1.0
42775,-1.0
42776,-1.0
42777,-1.0
42778,-1.0
42779,-1.0
42780,-1.0
42781,-1.0
42782,-1.0
42783,-1.0
42784,-1.0
42785,-1.0
42786,-1.0
42787,-1.0
42788,-1.0
42789,-1.0
42790,-1.0
42791,-1.0
42792,-1.0
42793,-1.0
42794,-1.0
42795,-1.0
42796,-1.0
42797,-1.0
42798,-1.0
42799,-1.0
42800,-1.0
42801,-1.0
42802,-1.0
42803,-1.0
42804,-1.0
42805,-1.0
42806,-1.0
42807,-1.0
42808,-1.0
42809,-1.0
42810,-1.0
42811,-1.0
42812,-1.0
42813,-1.0
42814,-1.0
42815,-1.0
42816,-1.0
42817,-1.0
42818,-1.0
42819,-1.0
42820,-1.0
42821,-1.0
42822,-1.0
42823,-1.0
42824,-1.0
42825,-1.0
42826,-1.0
42827,-1.0
42828,-1.0
42829,-1.0
42830,-1.0
42831,-1.0
42832,-1.0
42833,-1.0
42834,-1.0
42835,-1.0
42836,-1.0
42837,-1.0
42838,-1.0
42839,-1.0
42840,-1.0
42841,-1.0
42842,-1.0
42843,-1.0
42844,-1.0
42845,-1.0
42846,-1.0
42847,-1.0
42848,-1.0
42849,-1.0
42850,-1.0
42851,-1.0
42852,-1.0
42853,-1.0
42854,-1.0
42855,-1.0
42856,-1.0
42857,-1.0
42858,-1.0
42859,-1.0
42860,-1.0
42861,-1.0
42862,-1.0
42863,-1.0
42864,-1.0
42865,-1.0
42866,-1.0
42867,-1.0
42868,-1.0
42869,-1.0
42870,-1.0
42871,-1.0
42872,-1.0
42873,-1.0
42874,-1.0
42875,-1.0
42876,-1.0
42877,-1.0
42878,-1.0
42879,-1.0
42880,-1.0
42881,-1.0
42882,-1.0
42883,-1.0
42884,-1.0
42885,-1.0
42886,-1.0
42887,-1.0
42888,-1.0
42889,-1.0
42890,-1.0
42891,-1.0
42892,-1.0
42893,-1.0
42894,-1.0
42895,-1.0
42896,-1.0
42897,-1.0
42898,-1.0
42899,-1.0
42900,-1.0
42901,-1.0
42902,-1.0
42903,-1.0
42904,-1.0
42905,-1.0
42906,-1.0
42907,-1.0
42908,-1.0
42909,-1.0
42910,-1.0
42911,-1.0
42912,-1.0
42913,-1.0
42914,-1.0
42915,-1.0
42916,-1.0
42917,-1.0
42918,-1.0
42919,-1.0
42920,-1.0
42921,-1.0
42922,-1.0
42923,-1.0
42924,-1.0
42925,-1.0
42926,-1.0
42927,-1.0
42928,-1.0
42929,-1.0
42930,-1.0
42931,-1.0
42932,-1.0
42933,-1.0
42934,-1.0
42935,-1.0
42936,-1.0
42937,-1.0
42938,-1.0
42939,-1.0
42940,-1.0
42941,-1.0
42942,-1.0
42943,-1.0
42944,-1.0
42945,-1.0
42946,-1.0
42947,-1.0
42948,-1.0
42949,-1.0
42950,-1.0
42951,-1.0
42952,-1.0
42953,-1.0
42954,-1.0
42955,-1.0
42956,-1.0
42957,-1.0
42958,-1.0
42959,-1.0
42960,-1.0
42961,-1.0
42962,-1.0
42963,-1.0
42964,-1.0
42965,-1.0
42966,-1.0
42967,-1.0
42968,-1.0
42969,-1.0
42970,-1.0
42971,-1.0
42972,-1.0
42973,-1.0
42974,-1.0
42975,-1.0
42976,-1.0
42977,-1.0
42978,-1.0
42979,-1.0
42980,-1.0
42981,-1.0
42982,-1.0
42983,-1.0
42984,-1.0
42985,-1.0
42986,-1.0
42987,-1.0
42988,-1.0
42989,-1.0
42990,-1.0
42991,-1.0
42992,-1.0
42993,-1.0
42994,-1.0
42995,-1.0
42996,-1.0
42997,-1.0
42998,-1.0
42999,-1.0
43000,-1.0
43001,-1.0
43002,-1.0
43003,-1.0
43004,-1.0
43005,-1.0
43006,-1.0
43007,-1.0
43008,-1.0
43009,-1.0
43010,-1.0
43011,-1.0
43012,-1.0
43013,-1.0
43014,-1.0
43015,-1.0
43016,-1.0
43017,-1.0
43018,-1.0
43019,-1.0
43020,-1.0
43021,-1.0
43022,-1.0
43023,-1.0
43024,-1.0
43025,-1.0
43026,-1.0
43027,-1.0
43028,-1.0
43029,-1.0
43030,-1.0
43031,-1.0
43032,-1.0
43033,-1.0
43034,-1.0
43035,-1.0
43036,-1.0
43037,-1.0
43038,-1.0
43039,-1.0
43040,-1.0
43041,-1.0
43042,-1.0
43043,-1.0
43044,-1.0
43045,-1.0
43046,-1.0
43047,-1.0
43048,-1.0
43049,-1.0
43050,-1.0
43051,-1.0
43052,-1.0
43053,-1.0
43054,-1.0
43055,-1.0
43056,-1.0
43057,-1.0
43058,-1.0
43059,-1.0
43060,-1.0
43061,-1.0
43062,-1.0
43063,-1.0
43064,-1.0
43065,-1.0
43066,-1.0
43067,-1.0
43068,-1.0
43069,-1.0
43070,-1.0
43071,-1.0
43072,-1.0
43073,-1.0
43074,-1.0
43075,-1.0
43076,-1.0
43077,-1.0
43078,-1.0
43079,-1.0
43080,-1.0
43081,-1.0
43082,-1.0
43083,-1.0
43084,-1.0
43085,-1.0
43086,-1.0
43087,-1.0
43088,-1.0
43089,-1.0
43090,-1.0
43091,-1.0
43092,-1.0
43093,-1.0
43094,-1.0
43095,-1.0
43096,-1.0
43097,-1.0
43098,-1.0
43099,-1.0
43100,-1.0
43101,-1.0
43102,-1.0
43103,-1.0
43104,-1.0
43105,-1.0
43106,-1.0
43107,-1.0
43108,-1.0
43109,-1.0
43110,-1.0
43111,-1.0
43112,-1.0
43113,-1.0
43114,-1.0
43115,-1.0
43116,-1.0
43117,-1.0
43118,-1.0
43119,-1.0
43120,-1.0
43121,-1.0
43122,-1.0
43123,-1.0
43124,-1.0
43125,-1.0
43126,-1.0
43127,-1.0
43128,-1.0
43129,-1.0
43130,-1.0
43131,-1.0
43132,-1.0
43133,-1.0
43134,-1.0
43135,-1.0
43136,-1.0
43137,-1.0
43138,-1.0
43139,-1.0
43140,-1.0
43141,-1.0
43142,-1.0
43143,-1.0
43144,-1.0
43145,-1.0
43146,-1.0
43147,-1.0
43148,-1.0
43149,-1.0
43150,-1.0
43151,-1.0
43152,-1.0
43153,-1.0
43154,-1.0
43155,-1.0
43156,-1.0
43157,-1.0
43158,-1.0
43159,-1.0
43160,-1.0
43161,-1.0
43162,-1.0
43163,-1.0
43164,-1.0
43165,-1.0
43166,-1.0
43167,-1.0
43168,-1.0
43169,-1.0
43170,-1.0
43171,-1.0
43172,-1.0
43173,-1.0
43174,-1.0
43175,-1.0
43176,-1.0
43177,-1.0
43178,-1.0
43179,-1.0
43180,-1.0
43181,-1.0
43182,-1.0
43183,-1.0
43184,-1.0
43185,-1.0
43186,-1.0
43187,-1.0
43188,-1.0
43189,-1.0
43190,-1.0
43191,-1.0
43192,-1.0
43193,-1.0
43194,-1.0
43195,-1.0
43196,-1.0
43197,-1.0
43198,-1.0
43199,-1.0
43200,-1.0
43201,-1.0
43202,-1.0
43203,-1.0
43204,-1.0
43205,-1.0
43206,-1.0
43207,-1.0
43208,-1.0
43209,-1.0
43210,-1.0
43211,-1.0
43212,-1.0
43213,-1.0
43214,-1.0
43215,-1.0
43216,-1.0
43217,-1.0
43218,-1.0
43219,-1.0
43220,-1.0
43221,-1.0
43222,-1.0
43223,-1.0
43224,-1.0
43225,-1.0
43226,-1.0
43227,-1.0
43228,-1.0
43229,-1.0
43230,-1.0
43231,-1.0
43232,-1.0
43233,-1.0
43234,-1.0
43235,-1.0
43236,-1.0
43237,-1.0
43238,-1.0
43239,-1.0
43240,-1.0
43241,-1.0
43242,-1.0
43243,-1.0
43244,-1.0
43245,-1.0
43246,-1.0
43247,-1.0
43248,-1.0
43249,-1.0
43250,-1.0
43251,-1.0
43252,-1.0
43253,-1.0
43254,-1.0
43255,-1.0
43256,-1.0
43257,-1.0
43258,-1.0
43259,-1.0
43260,-1.0
43261,-1.0
43262,-1.0
43263,-1.0
43264,-1.0
43265,-1.0
43266,-1.0
43267,-1.0
43268,-1.0
43269,-1.0
43270,-1.0
43271,-1.0
43272,-1.0
43273,-1.0
43274,-1.0
43275,-1.0
43276,-1.0
43277,-1.0
43278,-1.0
43279,-1.0
43280,-1.0
43281,-1.0
43282,-1.0
43283,-1.0
43284,-1.0
43285,-1.0
43286,-1.0
43287,-1.0
43288,-1.0
43289,-1.0
43290,-1.0
43291,-1.0
43292,-1.0
43293,-1.0
43294,-1.0
43295,-1.0
43296,-1.0
43297,-1.0
43298,-1.0
43299,-1.0
43300,-1.0
43301,-1.0
43302,-1.0
43303,-1.0
43304,-1.0
43305,-1.0
43306,-1.0
43307,-1.0
43308,-1.0
43309,-1.0
43310,-1.0
43311,-1.0
43312,-1.0
43313,-1.0
43314,-1.0
43315,-1.0
43316,-1.0
43317,-1.0
43318,-1.0
43319,-1.0
43320,-1.0
43321,-1.0
43322,-1.0
43323,-1.0
43324,-1.0
43325,-1.0
43326,-1.0
43327,-1.0
43328,-1.0
43329,-1.0
43330,-1.0
43331,-1.0
43332,-1.0
43333,-1.0
43334,-1.0
43335,-1.0
43336,-1.0
43337,-1.0
43338,-1.0
43339,-1.0
43340,-1.0
43341,-1.0
43342,-1.0
43343,-1.0
43344,-1.0
43345,-1.0
43346,-1.0
43347,-1.0
43348,-1.0
43349,-1.0
43350,-1.0
43351,-1.0
43352,-1.0
43353,-1.0
43354,-1.0
43355,-1.0
43356,-1.0
43357,-1.0
43358,-1.0
43359,-1.0
43360,-1.0
43361,-1.0
43362,-1.0
43363,-1.0
43364,-1.0
43365,-1.0
43366,-1.0
43367,-1.0
43368,-1.0
43369,-1.0
43370,-1.0
43371,-1.0
43372,-1.0
43373,-1.0
43374,-1.0
43375,-1.0
43376,-1.0
43377,-1.0
43378,-1.0
43379,-1.0
43380,-1.0
43381,-1.0
43382,-1.0
43383,-1.0
43384,-1.0
43385,-1.0
43386,-1.0
43387,-1.0
43388,-1.0
43389,-1.0
43390,-1.0
43391,-1.0
43392,-1.0
43393,-1.0
43394,-1.0
43395,-1.0
43396,-1.0
43397,-1.0
43398,-1.0
43399,-1.0
43400,-1.0
43401,-1.0
43402,-1.0
43403,-1.0
43404,-1.0
43405,-1.0
43406,-1.0
43407,-1.0
43408,-1.0
43409,-1.0
43410,-1.0
43411,-1.0
43412,-1.0
43413,-1.0
43414,-1.0
43415,-1.0
43416,-1.0
43417,-1.0
43418,-1.0
43419,-1.0
43420,-1.0
43421,-1.0
43422,-1.0
43423,-1.0
43424,-1.0
43425,-1.0
43426,-1.0
43427,-1.0
43428,-1.0
43429,-1.0
43430,-1.0
43431,-1.0
43432,-1.0
43433,-1.0
43434,-1.0
43435,-1.0
43436,-1.0
43437,-1.0
43438,-1.0
43439,-1.0
43440,-1.0
43441,-1.0
43442,-1.0
43443,-1.0
43444,-1.0
43445,-1.0
43446,-1.0
43447,-1.0
43448,-1.0
43449,-1.0
43450,-1.0
43451,-1.0
43452,-1.0
43453,-1.0
43454,-1.0
43455,-1.0
43456,-1.0
43457,-1.0
43458,-1.0
43459,-1.0
43460,-1.0
43461,-1.0
43462,-1.0
43463,-1.0
43464,-1.0
43465,-1.0
43466,-1.0
43467,-1.0
43468,-1.0
43469,-1.0
43470,-1.0
43471,-1.0
43472,-1.0
43473,-1.0
43474,-1.0
43475,-1.0
43476,-1.0
43477,-1.0
43478,-1.0
43479,-1.0
43480,-1.0
43481,-1.0
43482,-1.0
43483,-1.0
43484,-1.0
43485,-1.0
43486,-1.0
43487,-1.0
43488,-1.0
43489,-1.0
43490,-1.0
43491,-1.0
43492,-1.0
43493,-1.0
43494,-1.0
43495,-1.0
43496,-1.0
43497,-1.0
43498,-1.0
43499,-1.0
43500,-1.0
43501,-1.0
43502,-1.0
43503,-1.0
43504,-1.0
43505,-1.0
43506,-1.0
43507,-1.0
43508,-1.0
43509,-1.0
43510,-1.0
43511,-1.0
43512,-1.0
43513,-1.0
43514,-1.0
43515,-1.0
43516,-1.0
43517,-1.0
43518,-1.0
43519,-1.0
43520,-1.0
43521,-1.0
43522,-1.0
43523,-1.0
43524,-1.0
43525,-1.0
43526,-1.0
43527,-1.0
43528,-1.0
43529,-1.0
43530,-1.0
43531,-1.0
43532,-1.0
43533,-1.0
43534,-1.0
43535,-1.0
43536,-1.0
43537,-1.0
43538,-1.0
43539,-1.0
43540,-1.0
43541,-1.0
43542,-1.0
43543,-1.0
43544,-1.0
43545,-1.0
43546,-1.0
43547,-1.0
43548,-1.0
43549,-1.0
43550,-1.0
43551,-1.0
43552,-1.0
43553,-1.0
43554,-1.0
43555,-1.0
43556,-1.0
43557,-1.0
43558,-1.0
43559,-1.0
43560,-1.0
43561,-1.0
43562,-1.0
43563,-1.0
43564,-1.0
43565,-1.0
43566,-1.0
43567,-1.0
43568,-1.0
43569,-1.0
43570,-1.0
43571,-1.0
43572,-1.0
43573,-1.0
43574,-1.0
43575,-1.0
43576,-1.0
43577,-1.0
43578,-1.0
43579,-1.0
43580,-1.0
43581,-1.0
43582,-1.0
43583,-1.0
43584,-1.0
43585,-1.0
43586,-1.0
43587,-1.0
43588,-1.0
43589,-1.0
43590,-1.0
43591,-1.0
43592,-1.0
43593,-1.0
43594,-1.0
43595,-1.0
43596,-1.0
43597,-1.0
43598,-1.0
43599,-1.0
43600,-1.0
43601,-1.0
43602,-1.0
43603,-1.0
43604,-1.0
43605,-1.0
43606,-1.0
43607,-1.0
43608,-1.0
43609,-1.0
43610,-1.0
43611,-1.0
43612,-1.0
43613,-1.0
43614,-1.0
43615,-1.0
43616,-1.0
43617,-1.0
43618,-1.0
43619,-1.0
43620,-1.0
43621,-1.0
43622,-1.0
43623,-1.0
43624,-1.0
43625,-1.0
43626,-1.0
43627,-1.0
43628,-1.0
43629,-1.0
43630,-1.0
43631,-1.0
43632,-1.0
43633,-1.0
43634,-1.0
43635,-1.0
43636,-1.0
43637,-1.0
43638,-1.0
43639,-1.0
43640,-1.0
43641,-1.0
43642,-1.0
43643,-1.0
43644,-1.0
43645,-1.0
43646,-1.0
43647,-1.0
43648,-1.0
43649,-1.0
43650,-1.0
43651,-1.0
43652,-1.0
43653,-1.0
43654,-1.0
43655,-1.0
43656,-1.0
43657,-1.0
43658,-1.0
43659,-1.0
43660,-1.0
43661,-1.0
43662,-1.0
43663,-1.0
43664,-1.0
43665,-1.0
43666,-1.0
43667,-1.0
43668,-1.0
43669,-1.0
43670,-1.0
43671,-1.0
43672,-1.0
43673,-1.0
43674,-1.0
43675,-1.0
43676,-1.0
43677,-1.0
43678,-1.0
43679,-1.0
43680,-1.0
43681,-1.0
43682,-1.0
43683,-1.0
43684,-1.0
43685,-1.0
43686,-1.0
43687,-1.0
43688,-1.0
43689,-1.0
43690,-1.0
43691,-1.0
43692,-1.0
43693,-1.0
43694,-1.0
43695,-1.0
43696,-1.0
43697,-1.0
43698,-1.0
43699,-1.0
43700,-1.0
43701,-1.0
43702,-1.0
43703,-1.0
43704,-1.0
43705,-1.0
43706,-1.0
43707,-1.0
43708,-1.0
43709,-1.0
43710,-1.0
43711,-1.0
43712,-1.0
43713,-1.0
43714,-1.0
43715,-1.0
43716,-1.0
43717,-1.0
43718,-1.0
43719,-1.0
43720,-1.0
43721,-1.0
43722,-1.0
43723,-1.0
43724,-1.0
43725,-1.0
43726,-1.0
43727,-1.0
43728,-1.0
43729,-1.0
43730,-1.0
43731,-1.0
43732,-1.0
43733,-1.0
43734,-1.0
43735,-1.0
43736,-1.0
43737,-1.0
43738,-1.0
43739,-1.0
43740,-1.0
43741,-1.0
43742,-1.0
43743,-1.0
43744,-1.0
43745,-1.0
43746,-1.0
43747,-1.0
43748,-1.0
43749,-1.0
43750,-1.0
43751,-1.0
43752,-1.0
43753,-1.0
43754,-1.0
43755,-1.0
43756,-1.0
43757,-1.0
43758,-1.0
43759,-1.0
43760,-1.0
43761,-1.0
43762,-1.0
43763,-1.0
43764,-1.0
43765,-1.0
43766,-1.0
43767,-1.0
43768,-1.0
43769,-1.0
43770,-1.0
43771,-1.0
43772,-1.0
43773,-1.0
43774,-1.0
43775,-1.0
43776,-1.0
43777,-1.0
43778,-1.0
43779,-1.0
43780,-1.0
43781,-1.0
43782,-1.0
43783,-1.0
43784,-1.0
43785,-1.0
43786,-1.0
43787,-1.0
43788,-1.0
43789,-1.0
43790,-1.0
43791,-1.0
43792,-1.0
43793,-1.0
43794,-1.0
43795,-1.0
43796,-1.0
43797,-1.0
43798,-1.0
43799,-1.0
43800,-1.0
43801,-1.0
43802,-1.0
43803,-1.0
43804,-1.0
43805,-1.0
43806,-1.0
43807,-1.0
43808,-1.0
43809,-1.0
43810,-1.0
43811,-1.0
43812,-1.0
43813,-1.0
43814,-1.0
43815,-1.0
43816,-1.0
43817,-1.0
43818,-1.0
43819,-1.0
43820,-1.0
43821,-1.0
43822,-1.0
43823,-1.0
43824,-1.0
43825,-1.0
43826,-1.0
43827,-1.0
43828,-1.0
43829,-1.0
43830,-1.0
43831,-1.0
43832,-1.0
43833,-1.0
43834,-1.0
43835,-1.0
43836,-1.0
43837,-1.0
43838,-1.0
43839,-1.0
43840,-1.0
43841,-1.0
43842,-1.0
43843,-1.0
43844,-1.0
43845,-1.0
43846,-1.0
43847,-1.0
43848,-1.0
43849,-1.0
43850,-1.0
43851,-1.0
43852,-1.0
43853,-1.0
43854,-1.0
43855,-1.0
43856,-1.0
43857,-1.0
43858,-1.0
43859,-1.0
43860,-1.0
43861,-1.0
43862,-1.0
43863,-1.0
43864,-1.0
43865,-1.0
43866,-1.0
43867,-1.0
43868,-1.0
43869,-1.0
43870,-1.0
43871,-1.0
43872,-1.0
43873,-1.0
43874,-1.0
43875,-1.0
43876,-1.0
43877,-1.0
43878,-1.0
43879,-1.0
43880,-1.0
43881,-1.0
43882,-1.0
43883,-1.0
43884,-1.0
43885,-1.0
43886,-1.0
43887,-1.0
43888,-1.0
43889,-1.0
43890,-1.0
43891,-1.0
43892,-1.0
43893,-1.0
43894,-1.0
43895,-1.0
43896,-1.0
43897,-1.0
43898,-1.0
43899,-1.0
43900,-1.0
43901,-1.0
43902,-1.0
43903,-1.0
43904,-1.0
43905,-1.0
43906,-1.0
43907,-1.0
43908,-1.0
43909,-1.0
43910,-1.0
43911,-1.0
43912,-1.0
43913,-1.0
43914,-1.0
43915,-1.0
43916,-1.0
43917,-1.0
43918,-1.0
43919,-1.0
43920,-1.0
43921,-1.0
43922,-1.0
43923,-1.0
43924,-1.0
43925,-1.0
43926,-1.0
43927,-1.0
43928,-1.0
43929,-1.0
43930,-1.0
43931,-1.0
43932,-1.0
43933,-1.0
43934,-1.0
43935,-1.0
43936,-1.0
43937,-1.0
43938,-1.0
43939,-1.0
43940,-1.0
43941,-1.0
43942,-1.0
43943,-1.0
43944,-1.0
43945,-1.0
43946,-1.0
43947,-1.0
43948,-1.0
43949,-1.0
43950,-1.0
43951,-1.0
43952,-1.0
43953,-1.0
43954,-1.0
43955,-1.0
43956,-1.0
43957,-1.0
43958,-1.0
43959,-1.0
43960,-1.0
43961,-1.0
43962,-1.0
43963,-1.0
43964,-1.0
43965,-1.0
43966,-1.0
43967,-1.0
43968,-1.0
43969,-1.0
43970,-1.0
43971,-1.0
43972,-1.0
43973,-1.0
43974,-1.0
43975,-1.0
43976,-1.0
43977,-1.0
43978,-1.0
43979,-1.0
43980,-1.0
43981,-1.0
43982,-1.0
43983,-1.0
43984,-1.0
43985,-1.0
43986,-1.0
43987,-1.0
43988,-1.0
43989,-1.0
43990,-1.0
43991,-1.0
43992,-1.0
43993,-1.0
43994,-1.0
43995,-1.0
43996,-1.0
43997,-1.0
43998,-1.0
43999,-1.0
44000,-1.0
44001,-1.0
44002,-1.0
44003,-1.0
44004,-1.0
44005,-1.0
44006,-1.0
44007,-1.0
44008,-1.0
44009,-1.0
44010,-1.0
44011,-1.0
44012,-1.0
44013,-1.0
44014,-1.0
44015,-1.0
44016,-1.0
44017,-1.0
44018,-1.0
44019,-1.0
44020,-1.0
44021,-1.0
44022,-1.0
44023,-1.0
44024,-1.0
44025,-1.0
44026,-1.0
44027,-1.0
44028,-1.0
44029,-1.0
44030,-1.0
44031,-1.0
44032,-1.0
44033,-1.0
44034,-1.0
44035,-1.0
44036,-1.0
44037,-1.0
44038,-1.0
44039,-1.0
44040,-1.0
44041,-1.0
44042,-1.0
44043,-1.0
44044,-1.0
44045,-1.0
44046,-1.0
44047,-1.0
44048,-1.0
44049,-1.0
44050,-1.0
44051,-1.0
44052,-1.0
44053,-1.0
44054,-1.0
44055,-1.0
44056,-1.0
44057,-1.0
44058,-1.0
44059,-1.0
44060,-1.0
44061,-1.0
44062,-1.0
44063,-1.0
44064,-1.0
44065,-1.0
44066,-1.0
44067,-1.0
44068,-1.0
44069,-1.0
44070,-1.0
44071,-1.0
44072,-1.0
44073,-1.0
44074,-1.0
44075,-1.0
44076,-1.0
44077,-1.0
44078,-1.0
44079,-1.0
44080,-1.0
44081,-1.0
44082,-1.0
44083,-1.0
44084,-1.0
44085,-1.0
44086,-1.0
44087,-1.0
44088,-1.0
44089,-1.0
44090,-1.0
44091,-1.0
44092,-1.0
44093,-1.0
44094,-1.0
44095,-1.0
44096,-1.0
44097,-1.0
44098,-1.0
44099,-1.0
44100,-1.0
44101,-1.0
44102,-1.0
44103,-1.0
44104,-1.0
44105,-1.0
44106,-1.0
44107,-1.0
44108,-1.0
44109,-1.0
44110,-1.0
44111,-1.0
44112,-1.0
44113,-1.0
44114,-1.0
44115,-1.0
44116,-1.0
44117,-1.0
44118,-1.0
44119,-1.0
44120,-1.0
44121,-1.0
44122,-1.0
44123,-1.0
44124,-1.0
44125,-1.0
44126,-1.0
44127,-1.0
44128,-1.0
44129,-1.0
44130,-1.0
44131,-1.0
44132,-1.0
44133,-1.0
44134,-1.0
44135,-1.0
44136,-1.0
44137,-1.0
44138,-1.0
44139,-1.0
44140,-1.0
44141,-1.0
44142,-1.0
44143,-1.0
44144,-1.0
44145,-1.0
44146,-1.0
44147,-1.0
44148,-1.0
44149,-1.0
44150,-1.0
44151,-1.0
44152,-1.0
44153,-1.0
44154,-1.0
44155,-1.0
44156,-1.0
44157,-1.0
44158,-1.0
44159,-1.0
44160,-1.0
44161,-1.0
44162,-1.0
44163,-1.0
44164,-1.0
44165,-1.0
44166,-1.0
44167,-1.0
44168,-1.0
44169,-1.0
44170,-1.0
44171,-1.0
44172,-1.0
44173,-1.0
44174,-1.0
44175,-1.0
44176,-1.0
44177,-1.0
44178,-1.0
44179,-1.0
44180,-1.0
44181,-1.0
44182,-1.0
44183,-1.0
44184,-1.0
44185,-1.0
44186,-1.0
44187,-1.0
44188,-1.0
44189,-1.0
44190,-1.0
44191,-1.0
44192,-1.0
44193,-1.0
44194,-1.0
44195,-1.0
44196,-1.0
44197,-1.0
44198,-1.0
44199,-1.0
44200,-1.0
44201,-1.0
44202,-1.0
44203,-1.0
44204,-1.0
44205,-1.0
44206,-1.0
44207,-1.0
44208,-1.0
44209,-1.0
44210,-1.0
44211,-1.0
44212,-1.0
44213,-1.0
44214,-1.0
44215,-1.0
44216,-1.0
44217,-1.0
44218,-1.0
44219,-1.0
44220,-1.0
44221,-1.0
44222,-1.0
44223,-1.0
44224,-1.0
44225,-1.0
44226,-1.0
44227,-1.0
44228,-1.0
44229,-1.0
44230,-1.0
44231,-1.0
44232,-1.0
44233,-1.0
44234,-1.0
44235,-1.0
44236,-1.0
44237,-1.0
44238,-1.0
44239,-1.0
44240,-1.0
44241,-1.0
44242,-1.0
44243,-1.0
44244,-1.0
44245,-1.0
44246,-1.0
44247,-1.0
44248,-1.0
44249,-1.0
44250,-1.0
44251,-1.0
44252,-1.0
44253,-1.0
44254,-1.0
44255,-1.0
44256,-1.0
44257,-1.0
44258,-1.0
44259,-1.0
44260,-1.0
44261,-1.0
44262,-1.0
44263,-1.0
44264,-1.0
44265,-1.0
44266,-1.0
44267,-1.0
44268,-1.0
44269,-1.0
44270,-1.0
44271,-1.0
44272,-1.0
44273,-1.0
44274,-1.0
44275,-1.0
44276,-1.0
44277,-1.0
44278,-1.0
44279,-1.0
44280,-1.0
44281,-1.0
44282,-1.0
44283,-1.0
44284,-1.0
44285,-1.0
44286,-1.0
44287,-1.0
44288,-1.0
44289,-1.0
44290,-1.0
44291,-1.0
44292,-1.0
44293,-1.0
44294,-1.0
44295,-1.0
44296,-1.0
44297,-1.0
44298,-1.0
44299,-1.0
44300,-1.0
44301,-1.0
44302,-1.0
44303,-1.0
44304,-1.0
44305,-1.0
44306,-1.0
44307,-1.0
44308,-1.0
44309,-1.0
44310,-1.0
44311,-1.0
44312,-1.0
44313,-1.0
44314,-1.0
44315,-1.0
44316,-1.0
44317,-1.0
44318,-1.0
44319,-1.0
44320,-1.0
44321,-1.0
44322,-1.0
44323,-1.0
44324,-1.0
44325,-1.0
44326,-1.0
44327,-1.0
44328,-1.0
44329,-1.0
44330,-1.0
44331,-1.0
44332,-1.0
44333,-1.0
44334,-1.0
44335,-1.0
44336,-1.0
44337,-1.0
44338,-1.0
44339,-1.0
44340,-1.0
44341,-1.0
44342,-1.0
44343,-1.0
44344,-1.0
44345,-1.0
44346,-1.0
44347,-1.0
44348,-1.0
44349,-1.0
44350,-1.0
44351,-1.0
44352,-1.0
44353,-1.0
44354,-1.0
44355,-1.0
44356,-1.0
44357,-1.0
44358,-1.0
44359,-1.0
44360,-1.0
44361,-1.0
44362,-1.0
44363,-1.0
44364,-1.0
44365,-1.0
44366,-1.0
44367,-1.0
44368,-1.0
44369,-1.0
44370,-1.0
44371,-1.0
44372,-1.0
44373,-1.0
44374,-1.0
44375,-1.0
44376,-1.0
44377,-1.0
44378,-1.0
44379,-1.0
44380,-1.0
44381,-1.0
44382,-1.0
44383,-1.0
44384,-1.0
44385,-1.0
44386,-1.0
44387,-1.0
44388,-1.0
44389,-1.0
44390,-1.0
44391,-1.0
44392,-1.0
44393,-1.0
44394,-1.0
44395,-1.0
44396,-1.0
44397,-1.0
44398,-1.0
44399,-1.0
44400,-1.0
44401,-1.0
44402,-1.0
44403,-1.0
44404,-1.0
44405,-1.0
44406,-1.0
44407,-1.0
44408,-1.0
44409,-1.0
44410,-1.0
44411,-1.0
44412,-1.0
44413,-1.0
44414,-1.0
44415,-1.0
44416,-1.0
44417,-1.0
44418,-1.0
44419,-1.0
44420,-1.0
44421,-1.0
44422,-1.0
44423,-1.0
44424,-1.0
44425,-1.0
44426,-1.0
44427,-1.0
44428,-1.0
44429,-1.0
44430,-1.0
44431,-1.0
44432,-1.0
44433,-1.0
44434,-1.0
44435,-1.0
44436,-1.0
44437,-1.0
44438,-1.0
44439,-1.0
44440,-1.0
44441,-1.0
44442,-1.0
44443,-1.0
44444,-1.0
44445,-1.0
44446,-1.0
44447,-1.0
44448,-1.0
44449,-1.0
44450,-1.0
44451,-1.0
44452,-1.0
44453,-1.0
44454,-1.0
44455,-1.0
44456,-1.0
44457,-1.0
44458,-1.0
44459,-1.0
44460,-1.0
44461,-1.0
44462,-1.0
44463,-1.0
44464,-1.0
44465,-1.0
44466,-1.0
44467,-1.0
44468,-1.0
44469,-1.0
44470,-1.0
44471,-1.0
44472,-1.0
44473,-1.0
44474,-1.0
44475,-1.0
44476,-1.0
44477,-1.0
44478,-1.0
44479,-1.0
44480,-1.0
44481,-1.0
44482,-1.0
44483,-1.0
44484,-1.0
44485,-1.0
44486,-1.0
44487,-1.0
44488,-1.0
44489,-1.0
44490,-1.0
44491,-1.0
44492,-1.0
44493,-1.0
44494,-1.0
44495,-1.0
44496,-1.0
44497,-1.0
44498,-1.0
44499,-1.0
44500,-1.0
44501,-1.0
44502,-1.0
44503,-1.0
44504,-1.0
44505,-1.0
44506,-1.0
44507,-1.0
44508,-1.0
44509,-1.0
44510,-1.0
44511,-1.0
44512,-1.0
44513,-1.0
44514,-1.0
44515,-1.0
44516,-1.0
44517,-1.0
44518,-1.0
44519,-1.0
44520,-1.0
44521,-1.0
44522,-1.0
44523,-1.0
44524,-1.0
44525,-1.0
44526,-1.0
44527,-1.0
44528,-1.0
44529,-1.0
44530,-1.0
44531,-1.0
44532,-1.0
44533,-1.0
44534,-1.0
44535,-1.0
44536,-1.0
44537,-1.0
44538,-1.0
44539,-1.0
44540,-1.0
44541,-1.0
44542,-1.0
44543,-1.0
44544,-1.0
44545,-1.0
44546,-1.0
44547,-1.0
44548,-1.0
44549,-1.0
44550,-1.0
44551,-1.0
44552,-1.0
44553,-1.0
44554,-1.0
44555,-1.0
44556,-1.0
44557,-1.0
44558,-1.0
44559,-1.0
44560,-1.0
44561,-1.0
44562,-1.0
44563,-1.0
44564,-1.0
44565,-1.0
44566,-1.0
44567,-1.0
44568,-1.0
44569,-1.0
44570,-1.0
44571,-1.0
44572,-1.0
44573,-1.0
44574,-1.0
44575,-1.0
44576,-1.0
44577,-1.0
44578,-1.0
44579,-1.0
44580,-1.0
44581,-1.0
44582,-1.0
44583,-1.0
44584,-1.0
44585,-1.0
44586,-1.0
44587,-1.0
44588,-1.0
44589,-1.0
44590,-1.0
44591,-1.0
44592,-1.0
44593,-1.0
44594,-1.0
44595,-1.0
44596,-1.0
44597,-1.0
44598,-1.0
44599,-1.0
44600,-1.0
44601,-1.0
44602,-1.0
44603,-1.0
44604,-1.0
44605,-1.0
44606,-1.0
44607,-1.0
44608,-1.0
44609,-1.0
44610,-1.0
44611,-1.0
44612,-1.0
44613,-1.0
44614,-1.0
44615,-1.0
44616,-1.0
44617,-1.0
44618,-1.0
44619,-1.0
44620,-1.0
44621,-1.0
44622,-1.0
44623,-1.0
44624,-1.0
44625,-1.0
44626,-1.0
44627,-1.0
44628,-1.0
44629,-1.0
44630,-1.0
44631,-1.0
44632,-1.0
44633,-1.0
44634,-1.0
44635,-1.0
44636,-1.0
44637,-1.0
44638,-1.0
44639,-1.0
44640,-1.0
44641,-1.0
44642,-1.0
44643,-1.0
44644,-1.0
44645,-1.0
44646,-1.0
44647,-1.0
44648,-1.0
44649,-1.0
44650,-1.0
44651,-1.0
44652,-1.0
44653,-1.0
44654,-1.0
44655,-1.0
44656,-1.0
44657,-1.0
44658,-1.0
44659,-1.0
44660,-1.0
44661,-1.0
44662,-1.0
44663,-1.0
44664,-1.0
44665,-1.0
44666,-1.0
44667,-1.0
44668,-1.0
44669,-1.0
44670,-1.0
44671,-1.0
44672,-1.0
44673,-1.0
44674,-1.0
44675,-1.0
44676,-1.0
44677,-1.0
44678,-1.0
44679,-1.0
44680,-1.0
44681,-1.0
44682,-1.0
44683,-1.0
44684,-1.0
44685,-1.0
44686,-1.0
44687,-1.0
44688,-1.0
44689,-1.0
44690,-1.0
44691,-1.0
44692,-1.0
44693,-1.0
44694,-1.0
44695,-1.0
44696,-1.0
44697,-1.0
44698,-1.0
44699,-1.0
44700,-1.0
44701,-1.0
44702,-1.0
44703,-1.0
44704,-1.0
44705,-1.0
44706,-1.0
44707,-1.0
44708,-1.0
44709,-1.0
44710,-1.0
44711,-1.0
44712,-1.0
44713,-1.0
44714,-1.0
44715,-1.0
44716,-1.0
44717,-1.0
44718,-1.0
44719,-1.0
44720,-1.0
44721,-1.0
44722,-1.0
44723,-1.0
44724,-1.0
44725,-1.0
44726,-1.0
44727,-1.0
44728,-1.0
44729,-1.0
44730,-1.0
44731,-1.0
44732,-1.0
44733,-1.0
44734,-1.0
44735,-1.0
44736,-1.0
44737,-1.0
44738,-1.0
44739,-1.0
44740,-1.0
44741,-1.0
44742,-1.0
44743,-1.0
44744,-1.0
44745,-1.0
44746,-1.0
44747,-1.0
44748,-1.0
44749,-1.0
44750,-1.0
44751,-1.0
44752,-1.0
44753,-1.0
44754,-1.0
44755,-1.0
44756,-1.0
44757,-1.0
44758,-1.0
44759,-1.0
44760,-1.0
44761,-1.0
44762,-1.0
44763,-1.0
44764,-1.0
44765,-1.0
44766,-1.0
44767,-1.0
44768,-1.0
44769,-1.0
44770,-1.0
44771,-1.0
44772,-1.0
44773,-1.0
44774,-1.0
44775,-1.0
44776,-1.0
44777,-1.0
44778,-1.0
44779,-1.0
44780,-1.0
44781,-1.0
44782,-1.0
44783,-1.0
44784,-1.0
44785,-1.0
44786,-1.0
44787,-1.0
44788,-1.0
44789,-1.0
44790,-1.0
44791,-1.0
44792,-1.0
44793,-1.0
44794,-1.0
44795,-1.0
44796,-1.0
44797,-1.0
44798,-1.0
44799,-1.0
44800,-1.0
44801,-1.0
44802,-1.0
44803,-1.0
44804,-1.0
44805,-1.0
44806,-1.0
44807,-1.0
44808,-1.0
44809,-1.0
44810,-1.0
44811,-1.0
44812,-1.0
44813,-1.0
44814,-1.0
44815,-1.0
44816,-1.0
44817,-1.0
44818,-1.0
44819,-1.0
44820,-1.0
44821,-1.0
44822,-1.0
44823,-1.0
44824,-1.0
44825,-1.0
44826,-1.0
44827,-1.0
44828,-1.0
44829,-1.0
44830,-1.0
44831,-1.0
44832,-1.0
44833,-1.0
44834,-1.0
44835,-1.0
44836,-1.0
44837,-1.0
44838,-1.0
44839,-1.0
44840,-1.0
44841,-1.0
44842,-1.0
44843,-1.0
44844,-1.0
44845,-1.0
44846,-1.0
44847,-1.0
44848,-1.0
44849,-1.0
44850,-1.0
44851,-1.0
44852,-1.0
44853,-1.0
44854,-1.0
44855,-1.0
44856,-1.0
44857,-1.0
44858,-1.0
44859,-1.0
44860,-1.0
44861,-1.0
44862,-1.0
44863,-1.0
44864,-1.0
44865,-1.0
44866,-1.0
44867,-1.0
44868,-1.0
44869,-1.0
44870,-1.0
44871,-1.0
44872,-1.0
44873,-1.0
44874,-1.0
44875,-1.0
44876,-1.0
44877,-1.0
44878,-1.0
44879,-1.0
44880,-1.0
44881,-1.0
44882,-1.0
44883,-1.0
44884,-1.0
44885,-1.0
44886,-1.0
44887,-1.0
44888,-1.0
44889,-1.0
44890,-1.0
44891,-1.0
44892,-1.0
44893,-1.0
44894,-1.0
44895,-1.0
44896,-1.0
44897,-1.0
44898,-1.0
44899,-1.0
44900,-1.0
44901,-1.0
44902,-1.0
44903,-1.0
44904,-1.0
44905,-1.0
44906,-1.0
44907,-1.0
44908,-1.0
44909,-1.0
44910,-1.0
44911,-1.0
44912,-1.0
44913,-1.0
44914,-1.0
44915,-1.0
44916,-1.0
44917,-1.0
44918,-1.0
44919,-1.0
44920,-1.0
44921,-1.0
44922,-1.0
44923,-1.0
44924,-1.0
44925,-1.0
44926,-1.0
44927,-1.0
44928,-1.0
44929,-1.0
44930,-1.0
44931,-1.0
44932,-1.0
44933,-1.0
44934,-1.0
44935,-1.0
44936,-1.0
44937,-1.0
44938,-1.0
44939,-1.0
44940,-1.0
44941,-1.0
44942,-1.0
44943,-1.0
44944,-1.0
44945,-1.0
44946,-1.0
44947,-1.0
44948,-1.0
44949,-1.0
44950,-1.0
44951,-1.0
44952,-1.0
44953,-1.0
44954,-1.0
44955,-1.0
44956,-1.0
44957,-1.0
44958,-1.0
44959,-1.0
44960,-1.0
44961,-1.0
44962,-1.0
44963,-1.0
44964,-1.0
44965,-1.0
44966,-1.0
44967,-1.0
44968,-1.0
44969,-1.0
44970,-1.0
44971,-1.0
44972,-1.0
44973,-1.0
44974,-1.0
44975,-1.0
44976,-1.0
44977,-1.0
44978,-1.0
44979,-1.0
44980,-1.0
44981,-1.0
44982,-1.0
44983,-1.0
44984,-1.0
44985,-1.0
44986,-1.0
44987,-1.0
44988,-1.0
44989,-1.0
44990,-1.0
44991,-1.0
44992,-1.0
44993,-1.0
44994,-1.0
44995,-1.0
44996,-1.0
44997,-1.0
44998,-1.0
44999,-1.0
45000,-1.0
45001,-1.0
45002,-1.0
45003,-1.0
45004,-1.0
45005,-1.0
45006,-1.0
45007,-1.0
45008,-1.0
45009,-1.0
45010,-1.0
45011,-1.0
45012,-1.0
45013,-1.0
45014,-1.0
45015,-1.0
45016,-1.0
45017,-1.0
45018,-1.0
45019,-1.0
45020,-1.0
45021,-1.0
45022,-1.0
45023,-1.0
45024,-1.0
45025,-1.0
45026,-1.0
45027,-1.0
45028,-1.0
45029,-1.0
45030,-1.0
45031,-1.0
45032,-1.0
45033,-1.0
45034,-1.0
45035,-1.0
45036,-1.0
45037,-1.0
45038,-1.0
45039,-1.0
45040,-1.0
45041,-1.0
45042,-1.0
45043,-1.0
45044,-1.0
45045,-1.0
45046,-1.0
45047,-1.0
45048,-1.0
45049,-1.0
45050,-1.0
45051,-1.0
45052,-1.0
45053,-1.0
45054,-1.0
45055,-1.0
45056,-1.0
45057,-1.0
45058,-1.0
45059,-1.0
45060,-1.0
45061,-1.0
45062,-1.0
45063,-1.0
45064,-1.0
45065,-1.0
45066,-1.0
45067,-1.0
45068,-1.0
45069,-1.0
45070,-1.0
45071,-1.0
45072,-1.0
45073,-1.0
45074,-1.0
45075,-1.0
45076,-1.0
45077,-1.0
45078,-1.0
45079,-1.0
45080,-1.0
45081,-1.0
45082,-1.0
45083,-1.0
45084,-1.0
45085,-1.0
45086,-1.0
45087,-1.0
45088,-1.0
45089,-1.0
45090,-1.0
45091,-1.0
45092,-1.0
45093,-1.0
45094,-1.0
45095,-1.0
45096,-1.0
45097,-1.0
45098,-1.0
45099,-1.0
45100,-1.0
45101,-1.0
45102,-1.0
45103,-1.0
45104,-1.0
45105,-1.0
45106,-1.0
45107,-1.0
45108,-1.0
45109,-1.0
45110,-1.0
45111,-1.0
45112,-1.0
45113,-1.0
45114,-1.0
45115,-1.0
45116,-1.0
45117,-1.0
45118,-1.0
45119,-1.0
45120,-1.0
45121,-1.0
45122,-1.0
45123,-1.0
45124,-1.0
45125,-1.0
45126,-1.0
45127,-1.0
45128,-1.0
45129,-1.0
45130,-1.0
45131,-1.0
45132,-1.0
45133,-1.0
45134,-1.0
45135,-1.0
45136,-1.0
45137,-1.0
45138,-1.0
45139,-1.0
45140,-1.0
45141,-1.0
45142,-1.0
45143,-1.0
45144,-1.0
45145,-1.0
45146,-1.0
45147,-1.0
45148,-1.0
45149,-1.0
45150,-1.0
45151,-1.0
45152,-1.0
45153,-1.0
45154,-1.0
45155,-1.0
45156,-1.0
45157,-1.0
45158,-1.0
45159,-1.0
45160,-1.0
45161,-1.0
45162,-1.0
45163,-1.0
45164,-1.0
45165,-1.0
45166,-1.0
45167,-1.0
45168,-1.0
45169,-1.0
45170,-1.0
45171,-1.0
45172,-1.0
45173,-1.0
45174,-1.0
45175,-1.0
45176,-1.0
45177,-1.0
45178,-1.0
45179,-1.0
45180,-1.0
45181,-1.0
45182,-1.0
45183,-1.0
45184,-1.0
45185,-1.0
45186,-1.0
45187,-1.0
45188,-1.0
45189,-1.0
45190,-1.0
45191,-1.0
45192,-1.0
45193,-1.0
45194,-1.0
45195,-1.0
45196,-1.0
45197,-1.0
45198,-1.0
45199,-1.0
45200,-1.0
45201,-1.0
45202,-1.0
45203,-1.0
45204,-1.0
45205,-1.0
45206,-1.0
45207,-1.0
45208,-1.0
45209,-1.0
45210,-1.0
45211,-1.0
45212,-1.0
45213,-1.0
45214,-1.0
45215,-1.0
45216,-1.0
45217,-1.0
45218,-1.0
45219,-1.0
45220,-1.0
45221,-1.0
45222,-1.0
45223,-1.0
45224,-1.0
45225,-1.0
45226,-1.0
45227,-1.0
45228,-1.0
45229,-1.0
45230,-1.0
45231,-1.0
45232,-1.0
45233,-1.0
45234,-1.0
45235,-1.0
45236,-1.0
45237,-1.0
45238,-1.0
45239,-1.0
45240,-1.0
45241,-1.0
45242,-1.0
45243,-1.0
45244,-1.0
45245,-1.0
45246,-1.0
45247,-1.0
45248,-1.0
45249,-1.0
45250,-1.0
45251,-1.0
45252,-1.0
45253,-1.0
45254,-1.0
45255,-1.0
45256,-1.0
45257,-1.0
45258,-1.0
45259,-1.0
45260,-1.0
45261,-1.0
45262,-1.0
45263,-1.0
45264,-1.0
45265,-1.0
45266,-1.0
45267,-1.0
45268,-1.0
45269,-1.0
45270,-1.0
45271,-1.0
45272,-1.0
45273,-1.0
45274,-1.0
45275,-1.0
45276,-1.0
45277,-1.0
45278,-1.0
45279,-1.0
45280,-1.0
45281,-1.0
45282,-1.0
45283,-1.0
45284,-1.0
45285,-1.0
45286,-1.0
45287,-1.0
45288,-1.0
45289,-1.0
45290,-1.0
45291,-1.0
45292,-1.0
45293,-1.0
45294,-1.0
45295,-1.0
45296,-1.0
45297,-1.0
45298,-1.0
45299,-1.0
45300,-1.0
45301,-1.0
45302,-1.0
45303,-1.0
45304,-1.0
45305,-1.0
45306,-1.0
45307,-1.0
45308,-1.0
45309,-1.0
45310,-1.0
45311,-1.0
45312,-1.0
45313,-1.0
45314,-1.0
45315,-1.0
45316,-1.0
45317,-1.0
45318,-1.0
45319,-1.0
45320,-1.0
45321,-1.0
45322,-1.0
45323,-1.0
45324,-1.0
45325,-1.0
45326,-1.0
45327,-1.0
45328,-1.0
45329,-1.0
45330,-1.0
45331,-1.0
45332,-1.0
45333,-1.0
45334,-1.0
45335,-1.0
45336,-1.0
45337,-1.0
45338,-1.0
45339,-1.0
45340,-1.0
45341,-1.0
45342,-1.0
45343,-1.0
45344,-1.0
45345,-1.0
45346,-1.0
45347,-1.0
45348,-1.0
45349,-1.0
45350,-1.0
45351,-1.0
45352,-1.0
45353,-1.0
45354,-1.0
45355,-1.0
45356,-1.0
45357,-1.0
45358,-1.0
45359,-1.0
45360,-1.0
45361,-1.0
45362,-1.0
45363,-1.0
45364,-1.0
45365,-1.0
45366,-1.0
45367,-1.0
45368,-1.0
45369,-1.0
45370,-1.0
45371,-1.0
45372,-1.0
45373,-1.0
45374,-1.0
45375,-1.0
45376,-1.0
45377,-1.0
45378,-1.0
45379,-1.0
45380,-1.0
45381,-1.0
45382,-1.0
45383,-1.0
45384,-1.0
45385,-1.0
45386,-1.0
45387,-1.0
45388,-1.0
45389,-1.0
45390,-1.0
45391,-1.0
45392,-1.0
45393,-1.0
45394,-1.0
45395,-1.0
45396,-1.0
45397,-1.0
45398,-1.0
45399,-1.0
45400,-1.0
45401,-1.0
45402,-1.0
45403,-1.0
45404,-1.0
45405,-1.0
45406,-1.0
45407,-1.0
45408,-1.0
45409,-1.0
45410,-1.0
45411,-1.0
45412,-1.0
45413,-1.0
45414,-1.0
45415,-1.0
45416,-1.0
45417,-1.0
45418,-1.0
45419,-1.0
45420,-1.0
45421,-1.0
45422,-1.0
45423,-1.0
45424,-1.0
45425,-1.0
45426,-1.0
45427,-1.0
45428,-1.0
45429,-1.0
45430,-1.0
45431,-1.0
45432,-1.0
45433,-1.0
45434,-1.0
45435,-1.0
45436,-1.0
45437,-1.0
45438,-1.0
45439,-1.0
45440,-1.0
45441,-1.0
45442,-1.0
45443,-1.0
45444,-1.0
45445,-1.0
45446,-1.0
45447,-1.0
45448,-1.0
45449,-1.0
45450,-1.0
45451,-1.0
45452,-1.0
45453,-1.0
45454,-1.0
45455,-1.0
45456,-1.0
45457,-1.0
45458,-1.0
45459,-1.0
45460,-1.0
45461,-1.0
45462,-1.0
45463,-1.0
45464,-1.0
45465,-1.0
45466,-1.0
45467,-1.0
45468,-1.0
45469,-1.0
45470,-1.0
45471,-1.0
45472,-1.0
45473,-1.0
45474,-1.0
45475,-1.0
45476,-1.0
45477,-1.0
45478,-1.0
45479,-1.0
45480,-1.0
45481,-1.0
45482,-1.0
45483,-1.0
45484,-1.0
45485,-1.0
45486,-1.0
45487,-1.0
45488,-1.0
45489,-1.0
45490,-1.0
45491,-1.0
45492,-1.0
45493,-1.0
45494,-1.0
45495,-1.0
45496,-1.0
45497,-1.0
45498,-1.0
45499,-1.0
45500,-1.0
45501,-1.0
45502,-1.0
45503,-1.0
45504,-1.0
45505,-1.0
45506,-1.0
45507,-1.0
45508,-1.0
45509,-1.0
45510,-1.0
45511,-1.0
45512,-1.0
45513,-1.0
45514,-1.0
45515,-1.0
45516,-1.0
45517,-1.0
45518,-1.0
45519,-1.0
45520,-1.0
45521,-1.0
45522,-1.0
45523,-1.0
45524,-1.0
45525,-1.0
45526,-1.0
45527,-1.0
45528,-1.0
45529,-1.0
45530,-1.0
45531,-1.0
45532,-1.0
45533,-1.0
45534,-1.0
45535,-1.0
45536,-1.0
45537,-1.0
45538,-1.0
45539,-1.0
45540,-1.0
45541,-1.0
45542,-1.0
45543,-1.0
45544,-1.0
45545,-1.0
45546,-1.0
45547,-1.0
45548,-1.0
45549,-1.0
45550,-1.0
45551,-1.0
45552,-1.0
45553,-1.0
45554,-1.0
45555,-1.0
45556,-1.0
45557,-1.0
45558,-1.0
45559,-1.0
45560,-1.0
45561,-1.0
45562,-1.0
45563,-1.0
45564,-1.0
45565,-1.0
45566,-1.0
45567,-1.0
45568,-1.0
45569,-1.0
45570,-1.0
45571,-1.0
45572,-1.0
45573,-1.0
45574,-1.0
45575,-1.0
45576,-1.0
45577,-1.0
45578,-1.0
45579,-1.0
45580,-1.0
45581,-1.0
45582,-1.0
45583,-1.0
45584,-1.0
45585,-1.0
45586,-1.0
45587,-1.0
45588,-1.0
45589,-1.0
45590,-1.0
45591,-1.0
45592,-1.0
45593,-1.0
45594,-1.0
45595,-1.0
45596,-1.0
45597,-1.0
45598,-1.0
45599,-1.0
45600,-1.0
45601,-1.0
45602,-1.0
45603,-1.0
45604,-1.0
45605,-1.0
45606,-1.0
45607,-1.0
45608,-1.0
45609,-1.0
45610,-1.0
45611,-1.0
45612,-1.0
45613,-1.0
45614,-1.0
45615,-1.0
45616,-1.0
45617,-1.0
45618,-1.0
45619,-1.0
45620,-1.0
45621,-1.0
45622,-1.0
45623,-1.0
45624,-1.0
45625,-1.0
45626,-1.0
45627,-1.0
45628,-1.0
45629,-1.0
45630,-1.0
45631,-1.0
45632,-1.0
45633,-1.0
45634,-1.0
45635,-1.0
45636,-1.0
45637,-1.0
45638,-1.0
45639,-1.0
45640,-1.0
45641,-1.0
45642,-1.0
45643,-1.0
45644,-1.0
45645,-1.0
45646,-1.0
45647,-1.0
45648,-1.0
45649,-1.0
45650,-1.0
45651,-1.0
45652,-1.0
45653,-1.0
45654,-1.0
45655,-1.0
45656,-1.0
45657,-1.0
45658,-1.0
45659,-1.0
45660,-1.0
45661,-1.0
45662,-1.0
45663,-1.0
45664,-1.0
45665,-1.0
45666,-1.0
45667,-1.0
45668,-1.0
45669,-1.0
45670,-1.0
45671,-1.0
45672,-1.0
45673,-1.0
45674,-1.0
45675,-1.0
45676,-1.0
45677,-1.0
45678,-1.0
45679,-1.0
45680,-1.0
45681,-1.0
45682,-1.0
45683,-1.0
45684,-1.0
45685,-1.0
45686,-1.0
45687,-1.0
45688,-1.0
45689,-1.0
45690,-1.0
45691,-1.0
45692,-1.0
45693,-1.0
45694,-1.0
45695,-1.0
45696,-1.0
45697,-1.0
45698,-1.0
45699,-1.0
45700,-1.0
45701,-1.0
45702,-1.0
45703,-1.0
45704,-1.0
45705,-1.0
45706,-1.0
45707,-1.0
45708,-1.0
45709,-1.0
45710,-1.0
45711,-1.0
45712,-1.0
45713,-1.0
45714,-1.0
45715,-1.0
45716,-1.0
45717,-1.0
45718,-1.0
45719,-1.0
45720,-1.0
45721,-1.0
45722,-1.0
45723,-1.0
45724,-1.0
45725,-1.0
45726,-1.0
45727,-1.0
45728,-1.0
45729,-1.0
45730,-1.0
45731,-1.0
45732,-1.0
45733,-1.0
45734,-1.0
45735,-1.0
45736,-1.0
45737,-1.0
45738,-1.0
45739,-1.0
45740,-1.0
45741,-1.0
45742,-1.0
45743,-1.0
45744,-1.0
45745,-1.0
45746,-1.0
45747,-1.0
45748,-1.0
45749,-1.0
45750,-1.0
45751,-1.0
45752,-1.0
45753,-1.0
45754,-1.0
45755,-1.0
45756,-1.0
45757,-1.0
45758,-1.0
45759,-1.0
45760,-1.0
45761,-1.0
45762,-1.0
45763,-1.0
45764,-1.0
45765,-1.0
45766,-1.0
45767,-1.0
45768,-1.0
45769,-1.0
45770,-1.0
45771,-1.0
45772,-1.0
45773,-1.0
45774,-1.0
45775,-1.0
45776,-1.0
45777,-1.0
45778,-1.0
45779,-1.0
45780,-1.0
45781,-1.0
45782,-1.0
45783,-1.0
45784,-1.0
45785,-1.0
45786,-1.0
45787,-1.0
45788,-1.0
45789,-1.0
45790,-1.0
45791,-1.0
45792,-1.0
45793,-1.0
45794,-1.0
45795,-1.0
45796,-1.0
45797,-1.0
45798,-1.0
45799,-1.0
45800,-1.0
45801,-1.0
45802,-1.0
45803,-1.0
45804,-1.0
45805,-1.0
45806,-1.0
45807,-1.0
45808,-1.0
45809,-1.0
45810,-1.0
45811,-1.0
45812,-1.0
45813,-1.0
45814,-1.0
45815,-1.0
45816,-1.0
45817,-1.0
45818,-1.0
45819,-1.0
45820,-1.0
45821,-1.0
45822,-1.0
45823,-1.0
45824,-1.0
45825,-1.0
45826,-1.0
45827,-1.0
45828,-1.0
45829,-1.0
45830,-1.0
45831,-1.0
45832,-1.0
45833,-1.0
45834,-1.0
45835,-1.0
45836,-1.0
45837,-1.0
45838,-1.0
45839,-1.0
45840,-1.0
45841,-1.0
45842,-1.0
45843,-1.0
45844,-1.0
45845,-1.0
45846,-1.0
45847,-1.0
45848,-1.0
45849,-1.0
45850,-1.0
45851,-1.0
45852,-1.0
45853,-1.0
45854,-1.0
45855,-1.0
45856,-1.0
45857,-1.0
45858,-1.0
45859,-1.0
45860,-1.0
45861,-1.0
45862,-1.0
45863,-1.0
45864,-1.0
45865,-1.0
45866,-1.0
45867,-1.0
45868,-1.0
45869,-1.0
45870,-1.0
45871,-1.0
45872,-1.0
45873,-1.0
45874,-1.0
45875,-1.0
45876,-1.0
45877,-1.0
45878,-1.0
45879,-1.0
45880,-1.0
45881,-1.0
45882,-1.0
45883,-1.0
45884,-1.0
45885,-1.0
45886,-1.0
45887,-1.0
45888,-1.0
45889,-1.0
45890,-1.0
45891,-1.0
45892,-1.0
45893,-1.0
45894,-1.0
45895,-1.0
45896,-1.0
45897,-1.0
45898,-1.0
45899,-1.0
45900,-1.0
45901,-1.0
45902,-1.0
45903,-1.0
45904,-1.0
45905,-1.0
45906,-1.0
45907,-1.0
45908,-1.0
45909,-1.0
45910,-1.0
45911,-1.0
45912,-1.0
45913,-1.0
45914,-1.0
45915,-1.0
45916,-1.0
45917,-1.0
45918,-1.0
45919,-1.0
45920,-1.0
45921,-1.0
45922,-1.0
45923,-1.0
45924,-1.0
45925,-1.0
45926,-1.0
45927,-1.0
45928,-1.0
45929,-1.0
45930,-1.0
45931,-1.0
45932,-1.0
45933,-1.0
45934,-1.0
45935,-1.0
45936,-1.0
45937,-1.0
45938,-1.0
45939,-1.0
45940,-1.0
45941,-1.0
45942,-1.0
45943,-1.0
45944,-1.0
45945,-1.0
45946,-1.0
45947,-1.0
45948,-1.0
45949,-1.0
45950,-1.0
45951,-1.0
45952,-1.0
45953,-1.0
45954,-1.0
45955,-1.0
45956,-1.0
45957,-1.0
45958,-1.0
45959,-1.0
45960,-1.0
45961,-1.0
45962,-1.0
45963,-1.0
45964,-1.0
45965,-1.0
45966,-1.0
45967,-1.0
45968,-1.0
45969,-1.0
45970,-1.0
45971,-1.0
45972,-1.0
45973,-1.0
45974,-1.0
45975,-1.0
45976,-1.0
45977,-1.0
45978,-1.0
45979,-1.0
45980,-1.0
45981,-1.0
45982,-1.0
45983,-1.0
45984,-1.0
45985,-1.0
45986,-1.0
45987,-1.0
45988,-1.0
45989,-1.0
45990,-1.0
45991,-1.0
45992,-1.0
45993,-1.0
45994,-1.0
45995,-1.0
45996,-1.0
45997,-1.0
45998,-1.0
45999,-1.0
46000,-1.0
46001,-1.0
46002,-1.0
46003,-1.0
46004,-1.0
46005,-1.0
46006,-1.0
46007,-1.0
46008,-1.0
46009,-1.0
46010,-1.0
46011,-1.0
46012,-1.0
46013,-1.0
46014,-1.0
46015,-1.0
46016,-1.0
46017,-1.0
46018,-1.0
46019,-1.0
46020,-1.0
46021,-1.0
46022,-1.0
46023,-1.0
46024,-1.0
46025,-1.0
46026,-1.0
46027,-1.0
46028,-1.0
46029,-1.0
46030,-1.0
46031,-1.0
46032,-1.0
46033,-1.0
46034,-1.0
46035,-1.0
46036,-1.0
46037,-1.0
46038,-1.0
46039,-1.0
46040,-1.0
46041,-1.0
46042,-1.0
46043,-1.0
46044,-1.0
46045,-1.0
46046,-1.0
46047,-1.0
46048,-1.0
46049,-1.0
46050,-1.0
46051,-1.0
46052,-1.0
46053,-1.0
46054,-1.0
46055,-1.0
46056,-1.0
46057,-1.0
46058,-1.0
46059,-1.0
46060,-1.0
46061,-1.0
46062,-1.0
46063,-1.0
46064,-1.0
46065,-1.0
46066,-1.0
46067,-1.0
46068,-1.0
46069,-1.0
46070,-1.0
46071,-1.0
46072,-1.0
46073,-1.0
46074,-1.0
46075,-1.0
46076,-1.0
46077,-1.0
46078,-1.0
46079,-1.0
46080,-1.0
46081,-1.0
46082,-1.0
46083,-1.0
46084,-1.0
46085,-1.0
46086,-1.0
46087,-1.0
46088,-1.0
46089,-1.0
46090,-1.0
46091,-1.0
46092,-1.0
46093,-1.0
46094,-1.0
46095,-1.0
46096,-1.0
46097,-1.0
46098,-1.0
46099,-1.0
46100,-1.0
46101,-1.0
46102,-1.0
46103,-1.0
46104,-1.0
46105,-1.0
46106,-1.0
46107,-1.0
46108,-1.0
46109,-1.0
46110,-1.0
46111,-1.0
46112,-1.0
46113,-1.0
46114,-1.0
46115,-1.0
46116,-1.0
46117,-1.0
46118,-1.0
46119,-1.0
46120,-1.0
46121,-1.0
46122,-1.0
46123,-1.0
46124,-1.0
46125,-1.0
46126,-1.0
46127,-1.0
46128,-1.0
46129,-1.0
46130,-1.0
46131,-1.0
46132,-1.0
46133,-1.0
46134,-1.0
46135,-1.0
46136,-1.0
46137,-1.0
46138,-1.0
46139,-1.0
46140,-1.0
46141,-1.0
46142,-1.0
46143,-1.0
46144,-1.0
46145,-1.0
46146,-1.0
46147,-1.0
46148,-1.0
46149,-1.0
46150,-1.0
46151,-1.0
46152,-1.0
46153,-1.0
46154,-1.0
46155,-1.0
46156,-1.0
46157,-1.0
46158,-1.0
46159,-1.0
46160,-1.0
46161,-1.0
46162,-1.0
46163,-1.0
46164,-1.0
46165,-1.0
46166,-1.0
46167,-1.0
46168,-1.0
46169,-1.0
46170,-1.0
46171,-1.0
46172,-1.0
46173,-1.0
46174,-1.0
46175,-1.0
46176,-1.0
46177,-1.0
46178,-1.0
46179,-1.0
46180,-1.0
46181,-1.0
46182,-1.0
46183,-1.0
46184,-1.0
46185,-1.0
46186,-1.0
46187,-1.0
46188,-1.0
46189,-1.0
46190,-1.0
46191,-1.0
46192,-1.0
46193,-1.0
46194,-1.0
46195,-1.0
46196,-1.0
46197,-1.0
46198,-1.0
46199,-1.0
46200,-1.0
46201,-1.0
46202,-1.0
46203,-1.0
46204,-1.0
46205,-1.0
46206,-1.0
46207,-1.0
46208,-1.0
46209,-1.0
46210,-1.0
46211,-1.0
46212,-1.0
46213,-1.0
46214,-1.0
46215,-1.0
46216,-1.0
46217,-1.0
46218,-1.0
46219,-1.0
46220,-1.0
46221,-1.0
46222,-1.0
46223,-1.0
46224,-1.0
46225,-1.0
46226,-1.0
46227,-1.0
46228,-1.0
46229,-1.0
46230,-1.0
46231,-1.0
46232,-1.0
46233,-1.0
46234,-1.0
46235,-1.0
46236,-1.0
46237,-1.0
46238,-1.0
46239,-1.0
46240,-1.0
46241,-1.0
46242,-1.0
46243,-1.0
46244,-1.0
46245,-1.0
46246,-1.0
46247,-1.0
46248,-1.0
46249,-1.0
46250,-1.0
46251,-1.0
46252,-1.0
46253,-1.0
46254,-1.0
46255,-1.0
46256,-1.0
46257,-1.0
46258,-1.0
46259,-1.0
46260,-1.0
46261,-1.0
46262,-1.0
46263,-1.0
46264,-1.0
46265,-1.0
46266,-1.0
46267,-1.0
46268,-1.0
46269,-1.0
46270,-1.0
46271,-1.0
46272,-1.0
46273,-1.0
46274,-1.0
46275,-1.0
46276,-1.0
46277,-1.0
46278,-1.0
46279,-1.0
46280,-1.0
46281,-1.0
46282,-1.0
46283,-1.0
46284,-1.0
46285,-1.0
46286,-1.0
46287,-1.0
46288,-1.0
46289,-1.0
46290,-1.0
46291,-1.0
46292,-1.0
46293,-1.0
46294,-1.0
46295,-1.0
46296,-1.0
46297,-1.0
46298,-1.0
46299,-1.0
46300,-1.0
46301,-1.0
46302,-1.0
46303,-1.0
46304,-1.0
46305,-1.0
46306,-1.0
46307,-1.0
46308,-1.0
46309,-1.0
46310,-1.0
46311,-1.0
46312,-1.0
46313,-1.0
46314,-1.0
46315,-1.0
46316,-1.0
46317,-1.0
46318,-1.0
46319,-1.0
46320,-1.0
46321,-1.0
46322,-1.0
46323,-1.0
46324,-1.0
46325,-1.0
46326,-1.0
46327,-1.0
46328,-1.0
46329,-1.0
46330,-1.0
46331,-1.0
46332,-1.0
46333,-1.0
46334,-1.0
46335,-1.0
46336,-1.0
46337,-1.0
46338,-1.0
46339,-1.0
46340,-1.0
46341,-1.0
46342,-1.0
46343,-1.0
46344,-1.0
46345,-1.0
46346,-1.0
46347,-1.0
46348,-1.0
46349,-1.0
46350,-1.0
46351,-1.0
46352,-1.0
46353,-1.0
46354,-1.0
46355,-1.0
46356,-1.0
46357,-1.0
46358,-1.0
46359,-1.0
46360,-1.0
46361,-1.0
46362,-1.0
46363,-1.0
46364,-1.0
46365,-1.0
46366,-1.0
46367,-1.0
46368,-1.0
46369,-1.0
46370,-1.0
46371,-1.0
46372,-1.0
46373,-1.0
46374,-1.0
46375,-1.0
46376,-1.0
46377,-1.0
46378,-1.0
46379,-1.0
46380,-1.0
46381,-1.0
46382,-1.0
46383,-1.0
46384,-1.0
46385,-1.0
46386,-1.0
46387,-1.0
46388,-1.0
46389,-1.0
46390,-1.0
46391,-1.0
46392,-1.0
46393,-1.0
46394,-1.0
46395,-1.0
46396,-1.0
46397,-1.0
46398,-1.0
46399,-1.0
46400,-1.0
46401,-1.0
46402,-1.0
46403,-1.0
46404,-1.0
46405,-1.0
46406,-1.0
46407,-1.0
46408,-1.0
46409,-1.0
46410,-1.0
46411,-1.0
46412,-1.0
46413,-1.0
46414,-1.0
46415,-1.0
46416,-1.0
46417,-1.0
46418,-1.0
46419,-1.0
46420,-1.0
46421,-1.0
46422,-1.0
46423,-1.0
46424,-1.0
46425,-1.0
46426,-1.0
46427,-1.0
46428,-1.0
46429,-1.0
46430,-1.0
46431,-1.0
46432,-1.0
46433,-1.0
46434,-1.0
46435,-1.0
46436,-1.0
46437,-1.0
46438,-1.0
46439,-1.0
46440,-1.0
46441,-1.0
46442,-1.0
46443,-1.0
46444,-1.0
46445,-1.0
46446,-1.0
46447,-1.0
46448,-1.0
46449,-1.0
46450,-1.0
46451,-1.0
46452,-1.0
46453,-1.0
46454,-1.0
46455,-1.0
46456,-1.0
46457,-1.0
46458,-1.0
46459,-1.0
46460,-1.0
46461,-1.0
46462,-1.0
46463,-1.0
46464,-1.0
46465,-1.0
46466,-1.0
46467,-1.0
46468,-1.0
46469,-1.0
46470,-1.0
46471,-1.0
46472,-1.0
46473,-1.0
46474,-1.0
46475,-1.0
46476,-1.0
46477,-1.0
46478,-1.0
46479,-1.0
46480,-1.0
46481,-1.0
46482,-1.0
46483,-1.0
46484,-1.0
46485,-1.0
46486,-1.0
46487,-1.0
46488,-1.0
46489,-1.0
46490,-1.0
46491,-1.0
46492,-1.0
46493,-1.0
46494,-1.0
46495,-1.0
46496,-1.0
46497,-1.0
46498,-1.0
46499,-1.0
46500,-1.0
46501,-1.0
46502,-1.0
46503,-1.0
46504,-1.0
46505,-1.0
46506,-1.0
46507,-1.0
46508,-1.0
46509,-1.0
46510,-1.0
46511,-1.0
46512,-1.0
46513,-1.0
46514,-1.0
46515,-1.0
46516,-1.0
46517,-1.0
46518,-1.0
46519,-1.0
46520,-1.0
46521,-1.0
46522,-1.0
46523,-1.0
46524,-1.0
46525,-1.0
46526,-1.0
46527,-1.0
46528,-1.0
46529,-1.0
46530,-1.0
46531,-1.0
46532,-1.0
46533,-1.0
46534,-1.0
46535,-1.0
46536,-1.0
46537,-1.0
46538,-1.0
46539,-1.0
46540,-1.0
46541,-1.0
46542,-1.0
46543,-1.0
46544,-1.0
46545,-1.0
46546,-1.0
46547,-1.0
46548,-1.0
46549,-1.0
46550,-1.0
46551,-1.0
46552,-1.0
46553,-1.0
46554,-1.0
46555,-1.0
46556,-1.0
46557,-1.0
46558,-1.0
46559,-1.0
46560,-1.0
46561,-1.0
46562,-1.0
46563,-1.0
46564,-1.0
46565,-1.0
46566,-1.0
46567,-1.0
46568,-1.0
46569,-1.0
46570,-1.0
46571,-1.0
46572,-1.0
46573,-1.0
46574,-1.0
46575,-1.0
46576,-1.0
46577,-1.0
46578,-1.0
46579,-1.0
46580,-1.0
46581,-1.0
46582,-1.0
46583,-1.0
46584,-1.0
46585,-1.0
46586,-1.0
46587,-1.0
46588,-1.0
46589,-1.0
46590,-1.0
46591,-1.0
46592,-1.0
46593,-1.0
46594,-1.0
46595,-1.0
46596,-1.0
46597,-1.0
46598,-1.0
46599,-1.0
46600,-1.0
46601,-1.0
46602,-1.0
46603,-1.0
46604,-1.0
46605,-1.0
46606,-1.0
46607,-1.0
46608,-1.0
46609,-1.0
46610,-1.0
46611,-1.0
46612,-1.0
46613,-1.0
46614,-1.0
46615,-1.0
46616,-1.0
46617,-1.0
46618,-1.0
46619,-1.0
46620,-1.0
46621,-1.0
46622,-1.0
46623,-1.0
46624,-1.0
46625,-1.0
46626,-1.0
46627,-1.0
46628,-1.0
46629,-1.0
46630,-1.0
46631,-1.0
46632,-1.0
46633,-1.0
46634,-1.0
46635,-1.0
46636,-1.0
46637,-1.0
46638,-1.0
46639,-1.0
46640,-1.0
46641,-1.0
46642,-1.0
46643,-1.0
46644,-1.0
46645,-1.0
46646,-1.0
46647,-1.0
46648,-1.0
46649,-1.0
46650,-1.0
46651,-1.0
46652,-1.0
46653,-1.0
46654,-1.0
46655,-1.0
46656,-1.0
46657,-1.0
46658,-1.0
46659,-1.0
46660,-1.0
46661,-1.0
46662,-1.0
46663,-1.0
46664,-1.0
46665,-1.0
46666,-1.0
46667,-1.0
46668,-1.0
46669,-1.0
46670,-1.0
46671,-1.0
46672,-1.0
46673,-1.0
46674,-1.0
46675,-1.0
46676,-1.0
46677,-1.0
46678,-1.0
46679,-1.0
46680,-1.0
46681,-1.0
46682,-1.0
46683,-1.0
46684,-1.0
46685,-1.0
46686,-1.0
46687,-1.0
46688,-1.0
46689,-1.0
46690,-1.0
46691,-1.0
46692,-1.0
46693,-1.0
46694,-1.0
46695,-1.0
46696,-1.0
46697,-1.0
46698,-1.0
46699,-1.0
46700,-1.0
46701,-1.0
46702,-1.0
46703,-1.0
46704,-1.0
46705,-1.0
46706,-1.0
46707,-1.0
46708,-1.0
46709,-1.0
46710,-1.0
46711,-1.0
46712,-1.0
46713,-1.0
46714,-1.0
46715,-1.0
46716,-1.0
46717,-1.0
46718,-1.0
46719,-1.0
46720,-1.0
46721,-1.0
46722,-1.0
46723,-1.0
46724,-1.0
46725,-1.0
46726,-1.0
46727,-1.0
46728,-1.0
46729,-1.0
46730,-1.0
46731,-1.0
46732,-1.0
46733,-1.0
46734,-1.0
46735,-1.0
46736,-1.0
46737,-1.0
46738,-1.0
46739,-1.0
46740,-1.0
46741,-1.0
46742,-1.0
46743,-1.0
46744,-1.0
46745,-1.0
46746,-1.0
46747,-1.0
46748,-1.0
46749,-1.0
46750,-1.0
46751,-1.0
46752,-1.0
46753,-1.0
46754,-1.0
46755,-1.0
46756,-1.0
46757,-1.0
46758,-1.0
46759,-1.0
46760,-1.0
46761,-1.0
46762,-1.0
46763,-1.0
46764,-1.0
46765,-1.0
46766,-1.0
46767,-1.0
46768,-1.0
46769,-1.0
46770,-1.0
46771,-1.0
46772,-1.0
46773,-1.0
46774,-1.0
46775,-1.0
46776,-1.0
46777,-1.0
46778,-1.0
46779,-1.0
46780,-1.0
46781,-1.0
46782,-1.0
46783,-1.0
46784,-1.0
46785,-1.0
46786,-1.0
46787,-1.0
46788,-1.0
46789,-1.0
46790,-1.0
46791,-1.0
46792,-1.0
46793,-1.0
46794,-1.0
46795,-1.0
46796,-1.0
46797,-1.0
46798,-1.0
46799,-1.0
46800,-1.0
46801,-1.0
46802,-1.0
46803,-1.0
46804,-1.0
46805,-1.0
46806,-1.0
46807,-1.0
46808,-1.0
46809,-1.0
46810,-1.0
46811,-1.0
46812,-1.0
46813,-1.0
46814,-1.0
46815,-1.0
46816,-1.0
46817,-1.0
46818,-1.0
46819,-1.0
46820,-1.0
46821,-1.0
46822,-1.0
46823,-1.0
46824,-1.0
46825,-1.0
46826,-1.0
46827,-1.0
46828,-1.0
46829,-1.0
46830,-1.0
46831,-1.0
46832,-1.0
46833,-1.0
46834,-1.0
46835,-1.0
46836,-1.0
46837,-1.0
46838,-1.0
46839,-1.0
46840,-1.0
46841,-1.0
46842,-1.0
46843,-1.0
46844,-1.0
46845,-1.0
46846,-1.0
46847,-1.0
46848,-1.0
46849,-1.0
46850,-1.0
46851,-1.0
46852,-1.0
46853,-1.0
46854,-1.0
46855,-1.0
46856,-1.0
46857,-1.0
46858,-1.0
46859,-1.0
46860,-1.0
46861,-1.0
46862,-1.0
46863,-1.0
46864,-1.0
46865,-1.0
46866,-1.0
46867,-1.0
46868,-1.0
46869,-1.0
46870,-1.0
46871,-1.0
46872,-1.0
46873,-1.0
46874,-1.0
46875,-1.0
46876,-1.0
46877,-1.0
46878,-1.0
46879,-1.0
46880,-1.0
46881,-1.0
46882,-1.0
46883,-1.0
46884,-1.0
46885,-1.0
46886,-1.0
46887,-1.0
46888,-1.0
46889,-1.0
46890,-1.0
46891,-1.0
46892,-1.0
46893,-1.0
46894,-1.0
46895,-1.0
46896,-1.0
46897,-1.0
46898,-1.0
46899,-1.0
46900,-1.0
46901,-1.0
46902,-1.0
46903,-1.0
46904,-1.0
46905,-1.0
46906,-1.0
46907,-1.0
46908,-1.0
46909,-1.0
46910,-1.0
46911,-1.0
46912,-1.0
46913,-1.0
46914,-1.0
46915,-1.0
46916,-1.0
46917,-1.0
46918,-1.0
46919,-1.0
46920,-1.0
46921,-1.0
46922,-1.0
46923,-1.0
46924,-1.0
46925,-1.0
46926,-1.0
46927,-1.0
46928,-1.0
46929,-1.0
46930,-1.0
46931,-1.0
46932,-1.0
46933,-1.0
46934,-1.0
46935,-1.0
46936,-1.0
46937,-1.0
46938,-1.0
46939,-1.0
46940,-1.0
46941,-1.0
46942,-1.0
46943,-1.0
46944,-1.0
46945,-1.0
46946,-1.0
46947,-1.0
46948,-1.0
46949,-1.0
46950,-1.0
46951,-1.0
46952,-1.0
46953,-1.0
46954,-1.0
46955,-1.0
46956,-1.0
46957,-1.0
46958,-1.0
46959,-1.0
46960,-1.0
46961,-1.0
46962,-1.0
46963,-1.0
46964,-1.0
46965,-1.0
46966,-1.0
46967,-1.0
46968,-1.0
46969,-1.0
46970,-1.0
46971,-1.0
46972,-1.0
46973,-1.0
46974,-1.0
46975,-1.0
46976,-1.0
46977,-1.0
46978,-1.0
46979,-1.0
46980,-1.0
46981,-1.0
46982,-1.0
46983,-1.0
46984,-1.0
46985,-1.0
46986,-1.0
46987,-1.0
46988,-1.0
46989,-1.0
46990,-1.0
46991,-1.0
46992,-1.0
46993,-1.0
46994,-1.0
46995,-1.0
46996,-1.0
46997,-1.0
46998,-1.0
46999,-1.0
47000,-1.0
47001,-1.0
47002,-1.0
47003,-1.0
47004,-1.0
47005,-1.0
47006,-1.0
47007,-1.0
47008,-1.0
47009,-1.0
47010,-1.0
47011,-1.0
47012,-1.0
47013,-1.0
47014,-1.0
47015,-1.0
47016,-1.0
47017,-1.0
47018,-1.0
47019,-1.0
47020,-1.0
47021,-1.0
47022,-1.0
47023,-1.0
47024,-1.0
47025,-1.0
47026,-1.0
47027,-1.0
47028,-1.0
47029,-1.0
47030,-1.0
47031,-1.0
47032,-1.0
47033,-1.0
47034,-1.0
47035,-1.0
47036,-1.0
47037,-1.0
47038,-1.0
47039,-1.0
47040,-1.0
47041,-1.0
47042,-1.0
47043,-1.0
47044,-1.0
47045,-1.0
47046,-1.0
47047,-1.0
47048,-1.0
47049,-1.0
47050,-1.0
47051,-1.0
47052,-1.0
47053,-1.0
47054,-1.0
47055,-1.0
47056,-1.0
47057,-1.0
47058,-1.0
47059,-1.0
47060,-1.0
47061,-1.0
47062,-1.0
47063,-1.0
47064,-1.0
47065,-1.0
47066,-1.0
47067,-1.0
47068,-1.0
47069,-1.0
47070,-1.0
47071,-1.0
47072,-1.0
47073,-1.0
47074,-1.0
47075,-1.0
47076,-1.0
47077,-1.0
47078,-1.0
47079,-1.0
47080,-1.0
47081,-1.0
47082,-1.0
47083,-1.0
47084,-1.0
47085,-1.0
47086,-1.0
47087,-1.0
47088,-1.0
47089,-1.0
47090,-1.0
47091,-1.0
47092,-1.0
47093,-1.0
47094,-1.0
47095,-1.0
47096,-1.0
47097,-1.0
47098,-1.0
47099,-1.0
47100,-1.0
47101,-1.0
47102,-1.0
47103,-1.0
47104,-1.0
47105,-1.0
47106,-1.0
47107,-1.0
47108,-1.0
47109,-1.0
47110,-1.0
47111,-1.0
47112,-1.0
47113,-1.0
47114,-1.0
47115,-1.0
47116,-1.0
47117,-1.0
47118,-1.0
47119,-1.0
47120,-1.0
47121,-1.0
47122,-1.0
47123,-1.0
47124,-1.0
47125,-1.0
47126,-1.0
47127,-1.0
47128,-1.0
47129,-1.0
47130,-1.0
47131,-1.0
47132,-1.0
47133,-1.0
47134,-1.0
47135,-1.0
47136,-1.0
47137,-1.0
47138,-1.0
47139,-1.0
47140,-1.0
47141,-1.0
47142,-1.0
47143,-1.0
47144,-1.0
47145,-1.0
47146,-1.0
47147,-1.0
47148,-1.0
47149,-1.0
47150,-1.0
47151,-1.0
47152,-1.0
47153,-1.0
47154,-1.0
47155,-1.0
47156,-1.0
47157,-1.0
47158,-1.0
47159,-1.0
47160,-1.0
47161,-1.0
47162,-1.0
47163,-1.0
47164,-1.0
47165,-1.0
47166,-1.0
47167,-1.0
47168,-1.0
47169,-1.0
47170,-1.0
47171,-1.0
47172,-1.0
47173,-1.0
47174,-1.0
47175,-1.0
47176,-1.0
47177,-1.0
47178,-1.0
47179,-1.0
47180,-1.0
47181,-1.0
47182,-1.0
47183,-1.0
47184,-1.0
47185,-1.0
47186,-1.0
47187,-1.0
47188,-1.0
47189,-1.0
47190,-1.0
47191,-1.0
47192,-1.0
47193,-1.0
47194,-1.0
47195,-1.0
47196,-1.0
47197,-1.0
47198,-1.0
47199,-1.0
47200,-1.0
47201,-1.0
47202,-1.0
47203,-1.0
47204,-1.0
47205,-1.0
47206,-1.0
47207,-1.0
47208,-1.0
47209,-1.0
47210,-1.0
47211,-1.0
47212,-1.0
47213,-1.0
47214,-1.0
47215,-1.0
47216,-1.0
47217,-1.0
47218,-1.0
47219,-1.0
47220,-1.0
47221,-1.0
47222,-1.0
47223,-1.0
47224,-1.0
47225,-1.0
47226,-1.0
47227,-1.0
47228,-1.0
47229,-1.0
47230,-1.0
47231,-1.0
47232,-1.0
47233,-1.0
47234,-1.0
47235,-1.0
47236,-1.0
47237,-1.0
47238,-1.0
47239,-1.0
47240,-1.0
47241,-1.0
47242,-1.0
47243,-1.0
47244,-1.0
47245,-1.0
47246,-1.0
47247,-1.0
47248,-1.0
47249,-1.0
47250,-1.0
47251,-1.0
47252,-1.0
47253,-1.0
47254,-1.0
47255,-1.0
47256,-1.0
47257,-1.0
47258,-1.0
47259,-1.0
47260,-1.0
47261,-1.0
47262,-1.0
47263,-1.0
47264,-1.0
47265,-1.0
47266,-1.0
47267,-1.0
47268,-1.0
47269,-1.0
47270,-1.0
47271,-1.0
47272,-1.0
47273,-1.0
47274,-1.0
47275,-1.0
47276,-1.0
47277,-1.0
47278,-1.0
47279,-1.0
47280,-1.0
47281,-1.0
47282,-1.0
47283,-1.0
47284,-1.0
47285,-1.0
47286,-1.0
47287,-1.0
47288,-1.0
47289,-1.0
47290,-1.0
47291,-1.0
47292,-1.0
47293,-1.0
47294,-1.0
47295,-1.0
47296,-1.0
47297,-1.0
47298,-1.0
47299,-1.0
47300,-1.0
47301,-1.0
47302,-1.0
47303,-1.0
47304,-1.0
47305,-1.0
47306,-1.0
47307,-1.0
47308,-1.0
47309,-1.0
47310,-1.0
47311,-1.0
47312,-1.0
47313,-1.0
47314,-1.0
47315,-1.0
47316,-1.0
47317,-1.0
47318,-1.0
47319,-1.0
47320,-1.0
47321,-1.0
47322,-1.0
47323,-1.0
47324,-1.0
47325,-1.0
47326,-1.0
47327,-1.0
47328,-1.0
47329,-1.0
47330,-1.0
47331,-1.0
47332,-1.0
47333,-1.0
47334,-1.0
47335,-1.0
47336,-1.0
47337,-1.0
47338,-1.0
47339,-1.0
47340,-1.0
47341,-1.0
47342,-1.0
47343,-1.0
47344,-1.0
47345,-1.0
47346,-1.0
47347,-1.0
47348,-1.0
47349,-1.0
47350,-1.0
47351,-1.0
47352,-1.0
47353,-1.0
47354,-1.0
47355,-1.0
47356,-1.0
47357,-1.0
47358,-1.0
47359,-1.0
47360,-1.0
47361,-1.0
47362,-1.0
47363,-1.0
47364,-1.0
47365,-1.0
47366,-1.0
47367,-1.0
47368,-1.0
47369,-1.0
47370,-1.0
47371,-1.0
47372,-1.0
47373,-1.0
47374,-1.0
47375,-1.0
47376,-1.0
47377,-1.0
47378,-1.0
47379,-1.0
47380,-1.0
47381,-1.0
47382,-1.0
47383,-1.0
47384,-1.0
47385,-1.0
47386,-1.0
47387,-1.0
47388,-1.0
47389,-1.0
47390,-1.0
47391,-1.0
47392,-1.0
47393,-1.0
47394,-1.0
47395,-1.0
47396,-1.0
47397,-1.0
47398,-1.0
47399,-1.0
47400,-1.0
47401,-1.0
47402,-1.0
47403,-1.0
47404,-1.0
47405,-1.0
47406,-1.0
47407,-1.0
47408,-1.0
47409,-1.0
47410,-1.0
47411,-1.0
47412,-1.0
47413,-1.0
47414,-1.0
47415,-1.0
47416,-1.0
47417,-1.0
47418,-1.0
47419,-1.0
47420,-1.0
47421,-1.0
47422,-1.0
47423,-1.0
47424,-1.0
47425,-1.0
47426,-1.0
47427,-1.0
47428,-1.0
47429,-1.0
47430,-1.0
47431,-1.0
47432,-1.0
47433,-1.0
47434,-1.0
47435,-1.0
47436,-1.0
47437,-1.0
47438,-1.0
47439,-1.0
47440,-1.0
47441,-1.0
47442,-1.0
47443,-1.0
47444,-1.0
47445,-1.0
47446,-1.0
47447,-1.0
47448,-1.0
47449,-1.0
47450,-1.0
47451,-1.0
47452,-1.0
47453,-1.0
47454,-1.0
47455,-1.0
47456,-1.0
47457,-1.0
47458,-1.0
47459,-1.0
47460,-1.0
47461,-1.0
47462,-1.0
47463,-1.0
47464,-1.0
47465,-1.0
47466,-1.0
47467,-1.0
47468,-1.0
47469,-1.0
47470,-1.0
47471,-1.0
47472,-1.0
47473,-1.0
47474,-1.0
47475,-1.0
47476,-1.0
47477,-1.0
47478,-1.0
47479,-1.0
47480,-1.0
47481,-1.0
47482,-1.0
47483,-1.0
47484,-1.0
47485,-1.0
47486,-1.0
47487,-1.0
47488,-1.0
47489,-1.0
47490,-1.0
47491,-1.0
47492,-1.0
47493,-1.0
47494,-1.0
47495,-1.0
47496,-1.0
47497,-1.0
47498,-1.0
47499,-1.0
47500,-1.0
47501,-1.0
47502,-1.0
47503,-1.0
47504,-1.0
47505,-1.0
47506,-1.0
47507,-1.0
47508,-1.0
47509,-1.0
47510,-1.0
47511,-1.0
47512,-1.0
47513,-1.0
47514,-1.0
47515,-1.0
47516,-1.0
47517,-1.0
47518,-1.0
47519,-1.0
47520,-1.0
47521,-1.0
47522,-1.0
47523,-1.0
47524,-1.0
47525,-1.0
47526,-1.0
47527,-1.0
47528,-1.0
47529,-1.0
47530,-1.0
47531,-1.0
47532,-1.0
47533,-1.0
47534,-1.0
47535,-1.0
47536,-1.0
47537,-1.0
47538,-1.0
47539,-1.0
47540,-1.0
47541,-1.0
47542,-1.0
47543,-1.0
47544,-1.0
47545,-1.0
47546,-1.0
47547,-1.0
47548,-1.0
47549,-1.0
47550,-1.0
47551,-1.0
47552,-1.0
47553,-1.0
47554,-1.0
47555,-1.0
47556,-1.0
47557,-1.0
47558,-1.0
47559,-1.0
47560,-1.0
47561,-1.0
47562,-1.0
47563,-1.0
47564,-1.0
47565,-1.0
47566,-1.0
47567,-1.0
47568,-1.0
47569,-1.0
47570,-1.0
47571,-1.0
47572,-1.0
47573,-1.0
47574,-1.0
47575,-1.0
47576,-1.0
47577,-1.0
47578,-1.0
47579,-1.0
47580,-1.0
47581,-1.0
47582,-1.0
47583,-1.0
47584,-1.0
47585,-1.0
47586,-1.0
47587,-1.0
47588,-1.0
47589,-1.0
47590,-1.0
47591,-1.0
47592,-1.0
47593,-1.0
47594,-1.0
47595,-1.0
47596,-1.0
47597,-1.0
47598,-1.0
47599,-1.0
47600,-1.0
47601,-1.0
47602,-1.0
47603,-1.0
47604,-1.0
47605,-1.0
47606,-1.0
47607,-1.0
47608,-1.0
47609,-1.0
47610,-1.0
47611,-1.0
47612,-1.0
47613,-1.0
47614,-1.0
47615,-1.0
47616,-1.0
47617,-1.0
47618,-1.0
47619,-1.0
47620,-1.0
47621,-1.0
47622,-1.0
47623,-1.0
47624,-1.0
47625,-1.0
47626,-1.0
47627,-1.0
47628,-1.0
47629,-1.0
47630,-1.0
47631,-1.0
47632,-1.0
47633,-1.0
47634,-1.0
47635,-1.0
47636,-1.0
47637,-1.0
47638,-1.0
47639,-1.0
47640,-1.0
47641,-1.0
47642,-1.0
47643,-1.0
47644,-1.0
47645,-1.0
47646,-1.0
47647,-1.0
47648,-1.0
47649,-1.0
47650,-1.0
47651,-1.0
47652,-1.0
47653,-1.0
47654,-1.0
47655,-1.0
47656,-1.0
47657,-1.0
47658,-1.0
47659,-1.0
47660,-1.0
47661,-1.0
47662,-1.0
47663,-1.0
47664,-1.0
47665,-1.0
47666,-1.0
47667,-1.0
47668,-1.0
47669,-1.0
47670,-1.0
47671,-1.0
47672,-1.0
47673,-1.0
47674,-1.0
47675,-1.0
47676,-1.0
47677,-1.0
47678,-1.0
47679,-1.0
47680,-1.0
47681,-1.0
47682,-1.0
47683,-1.0
47684,-1.0
47685,-1.0
47686,-1.0
47687,-1.0
47688,-1.0
47689,-1.0
47690,-1.0
47691,-1.0
47692,-1.0
47693,-1.0
47694,-1.0
47695,-1.0
47696,-1.0
47697,-1.0
47698,-1.0
47699,-1.0
47700,-1.0
47701,-1.0
47702,-1.0
47703,-1.0
47704,-1.0
47705,-1.0
47706,-1.0
47707,-1.0
47708,-1.0
47709,-1.0
47710,-1.0
47711,-1.0
47712,-1.0
47713,-1.0
47714,-1.0
47715,-1.0
47716,-1.0
47717,-1.0
47718,-1.0
47719,-1.0
47720,-1.0
47721,-1.0
47722,-1.0
47723,-1.0
47724,-1.0
47725,-1.0
47726,-1.0
47727,-1.0
47728,-1.0
47729,-1.0
47730,-1.0
47731,-1.0
47732,-1.0
47733,-1.0
47734,-1.0
47735,-1.0
47736,-1.0
47737,-1.0
47738,-1.0
47739,-1.0
47740,-1.0
47741,-1.0
47742,-1.0
47743,-1.0
47744,-1.0
47745,-1.0
47746,-1.0
47747,-1.0
47748,-1.0
47749,-1.0
47750,-1.0
47751,-1.0
47752,-1.0
47753,-1.0
47754,-1.0
47755,-1.0
47756,-1.0
47757,-1.0
47758,-1.0
47759,-1.0
47760,-1.0
47761,-1.0
47762,-1.0
47763,-1.0
47764,-1.0
47765,-1.0
47766,-1.0
47767,-1.0
47768,-1.0
47769,-1.0
47770,-1.0
47771,-1.0
47772,-1.0
47773,-1.0
47774,-1.0
47775,-1.0
47776,-1.0
47777,-1.0
47778,-1.0
47779,-1.0
47780,-1.0
47781,-1.0
47782,-1.0
47783,-1.0
47784,-1.0
47785,-1.0
47786,-1.0
47787,-1.0
47788,-1.0
47789,-1.0
47790,-1.0
47791,-1.0
47792,-1.0
47793,-1.0
47794,-1.0
47795,-1.0
47796,-1.0
47797,-1.0
47798,-1.0
47799,-1.0
47800,-1.0
47801,-1.0
47802,-1.0
47803,-1.0
47804,-1.0
47805,-1.0
47806,-1.0
47807,-1.0
47808,-1.0
47809,-1.0
47810,-1.0
47811,-1.0
47812,-1.0
47813,-1.0
47814,-1.0
47815,-1.0
47816,-1.0
47817,-1.0
47818,-1.0
47819,-1.0
47820,-1.0
47821,-1.0
47822,-1.0
47823,-1.0
47824,-1.0
47825,-1.0
47826,-1.0
47827,-1.0
47828,-1.0
47829,-1.0
47830,-1.0
47831,-1.0
47832,-1.0
47833,-1.0
47834,-1.0
47835,-1.0
47836,-1.0
47837,-1.0
47838,-1.0
47839,-1.0
47840,-1.0
47841,-1.0
47842,-1.0
47843,-1.0
47844,-1.0
47845,-1.0
47846,-1.0
47847,-1.0
47848,-1.0
47849,-1.0
47850,-1.0
47851,-1.0
47852,-1.0
47853,-1.0
47854,-1.0
47855,-1.0
47856,-1.0
47857,-1.0
47858,-1.0
47859,-1.0
47860,-1.0
47861,-1.0
47862,-1.0
47863,-1.0
47864,-1.0
47865,-1.0
47866,-1.0
47867,-1.0
47868,-1.0
47869,-1.0
47870,-1.0
47871,-1.0
47872,-1.0
47873,-1.0
47874,-1.0
47875,-1.0
47876,-1.0
47877,-1.0
47878,-1.0
47879,-1.0
47880,-1.0
47881,-1.0
47882,-1.0
47883,-1.0
47884,-1.0
47885,-1.0
47886,-1.0
47887,-1.0
47888,-1.0
47889,-1.0
47890,-1.0
47891,-1.0
47892,-1.0
47893,-1.0
47894,-1.0
47895,-1.0
47896,-1.0
47897,-1.0
47898,-1.0
47899,-1.0
47900,-1.0
47901,-1.0
47902,-1.0
47903,-1.0
47904,-1.0
47905,-1.0
47906,-1.0
47907,-1.0
47908,-1.0
47909,-1.0
47910,-1.0
47911,-1.0
47912,-1.0
47913,-1.0
47914,-1.0
47915,-1.0
47916,-1.0
47917,-1.0
47918,-1.0
47919,-1.0
47920,-1.0
47921,-1.0
47922,-1.0
47923,-1.0
47924,-1.0
47925,-1.0
47926,-1.0
47927,-1.0
47928,-1.0
47929,-1.0
47930,-1.0
47931,-1.0
47932,-1.0
47933,-1.0
47934,-1.0
47935,-1.0
47936,-1.0
47937,-1.0
47938,-1.0
47939,-1.0
47940,-1.0
47941,-1.0
47942,-1.0
47943,-1.0
47944,-1.0
47945,-1.0
47946,-1.0
47947,-1.0
47948,-1.0
47949,-1.0
47950,-1.0
47951,-1.0
47952,-1.0
47953,-1.0
47954,-1.0
47955,-1.0
47956,-1.0
47957,-1.0
47958,-1.0
47959,-1.0
47960,-1.0
47961,-1.0
47962,-1.0
47963,-1.0
47964,-1.0
47965,-1.0
47966,-1.0
47967,-1.0
47968,-1.0
47969,-1.0
47970,-1.0
47971,-1.0
47972,-1.0
47973,-1.0
47974,-1.0
47975,-1.0
47976,-1.0
47977,-1.0
47978,-1.0
47979,-1.0
47980,-1.0
47981,-1.0
47982,-1.0
47983,-1.0
47984,-1.0
47985,-1.0
47986,-1.0
47987,-1.0
47988,-1.0
47989,-1.0
47990,-1.0
47991,-1.0
47992,-1.0
47993,-1.0
47994,-1.0
47995,-1.0
47996,-1.0
47997,-1.0
47998,-1.0
47999,-1.0
48000,-1.0
48001,-1.0
48002,-1.0
48003,-1.0
48004,-1.0
48005,-1.0
48006,-1.0
48007,-1.0
48008,-1.0
48009,-1.0
48010,-1.0
48011,-1.0
48012,-1.0
48013,-1.0
48014,-1.0
48015,-1.0
48016,-1.0
48017,-1.0
48018,-1.0
48019,-1.0
48020,-1.0
48021,-1.0
48022,-1.0
48023,-1.0
48024,-1.0
48025,-1.0
48026,-1.0
48027,-1.0
48028,-1.0
48029,-1.0
48030,-1.0
48031,-1.0
48032,-1.0
48033,-1.0
48034,-1.0
48035,-1.0
48036,-1.0
48037,-1.0
48038,-1.0
48039,-1.0
48040,-1.0
48041,-1.0
48042,-1.0
48043,-1.0
48044,-1.0
48045,-1.0
48046,-1.0
48047,-1.0
48048,-1.0
48049,-1.0
48050,-1.0
48051,-1.0
48052,-1.0
48053,-1.0
48054,-1.0
48055,-1.0
48056,-1.0
48057,-1.0
48058,-1.0
48059,-1.0
48060,-1.0
48061,-1.0
48062,-1.0
48063,-1.0
48064,-1.0
48065,-1.0
48066,-1.0
48067,-1.0
48068,-1.0
48069,-1.0
48070,-1.0
48071,-1.0
48072,-1.0
48073,-1.0
48074,-1.0
48075,-1.0
48076,-1.0
48077,-1.0
48078,-1.0
48079,-1.0
48080,-1.0
48081,-1.0
48082,-1.0
48083,-1.0
48084,-1.0
48085,-1.0
48086,-1.0
48087,-1.0
48088,-1.0
48089,-1.0
48090,-1.0
48091,-1.0
48092,-1.0
48093,-1.0
48094,-1.0
48095,-1.0
48096,-1.0
48097,-1.0
48098,-1.0
48099,-1.0
48100,-1.0
48101,-1.0
48102,-1.0
48103,-1.0
48104,-1.0
48105,-1.0
48106,-1.0
48107,-1.0
48108,-1.0
48109,-1.0
48110,-1.0
48111,-1.0
48112,-1.0
48113,-1.0
48114,-1.0
48115,-1.0
48116,-1.0
48117,-1.0
48118,-1.0
48119,-1.0
48120,-1.0
48121,-1.0
48122,-1.0
48123,-1.0
48124,-1.0
48125,-1.0
48126,-1.0
48127,-1.0
48128,-1.0
48129,-1.0
48130,-1.0
48131,-1.0
48132,-1.0
48133,-1.0
48134,-1.0
48135,-1.0
48136,-1.0
48137,-1.0
48138,-1.0
48139,-1.0
48140,-1.0
48141,-1.0
48142,-1.0
48143,-1.0
48144,-1.0
48145,-1.0
48146,-1.0
48147,-1.0
48148,-1.0
48149,-1.0
48150,-1.0
48151,-1.0
48152,-1.0
48153,-1.0
48154,-1.0
48155,-1.0
48156,-1.0
48157,-1.0
48158,-1.0
48159,-1.0
48160,-1.0
48161,-1.0
48162,-1.0
48163,-1.0
48164,-1.0
48165,-1.0
48166,-1.0
48167,-1.0
48168,-1.0
48169,-1.0
48170,-1.0
48171,-1.0
48172,-1.0
48173,-1.0
48174,-1.0
48175,-1.0
48176,-1.0
48177,-1.0
48178,-1.0
48179,-1.0
48180,-1.0
48181,-1.0
48182,-1.0
48183,-1.0
48184,-1.0
48185,-1.0
48186,-1.0
48187,-1.0
48188,-1.0
48189,-1.0
48190,-1.0
48191,-1.0
48192,-1.0
48193,-1.0
48194,-1.0
48195,-1.0
48196,-1.0
48197,-1.0
48198,-1.0
48199,-1.0
48200,-1.0
48201,-1.0
48202,-1.0
48203,-1.0
48204,-1.0
48205,-1.0
48206,-1.0
48207,-1.0
48208,-1.0
48209,-1.0
48210,-1.0
48211,-1.0
48212,-1.0
48213,-1.0
48214,-1.0
48215,-1.0
48216,-1.0
48217,-1.0
48218,-1.0
48219,-1.0
48220,-1.0
48221,-1.0
48222,-1.0
48223,-1.0
48224,-1.0
48225,-1.0
48226,-1.0
48227,-1.0
48228,-1.0
48229,-1.0
48230,-1.0
48231,-1.0
48232,-1.0
48233,-1.0
48234,-1.0
48235,-1.0
48236,-1.0
48237,-1.0
48238,-1.0
48239,-1.0
48240,-1.0
48241,-1.0
48242,-1.0
48243,-1.0
48244,-1.0
48245,-1.0
48246,-1.0
48247,-1.0
48248,-1.0
48249,-1.0
48250,-1.0
48251,-1.0
48252,-1.0
48253,-1.0
48254,-1.0
48255,-1.0
48256,-1.0
48257,-1.0
48258,-1.0
48259,-1.0
48260,-1.0
48261,-1.0
48262,-1.0
48263,-1.0
48264,-1.0
48265,-1.0
48266,-1.0
48267,-1.0
48268,-1.0
48269,-1.0
48270,-1.0
48271,-1.0
48272,-1.0
48273,-1.0
48274,-1.0
48275,-1.0
48276,-1.0
48277,-1.0
48278,-1.0
48279,-1.0
48280,-1.0
48281,-1.0
48282,-1.0
48283,-1.0
48284,-1.0
48285,-1.0
48286,-1.0
48287,-1.0
48288,-1.0
48289,-1.0
48290,-1.0
48291,-1.0
48292,-1.0
48293,-1.0
48294,-1.0
48295,-1.0
48296,-1.0
48297,-1.0
48298,-1.0
48299,-1.0
48300,-1.0
48301,-1.0
48302,-1.0
48303,-1.0
48304,-1.0
48305,-1.0
48306,-1.0
48307,-1.0
48308,-1.0
48309,-1.0
48310,-1.0
48311,-1.0
48312,-1.0
48313,-1.0
48314,-1.0
48315,-1.0
48316,-1.0
48317,-1.0
48318,-1.0
48319,-1.0
48320,-1.0
48321,-1.0
48322,-1.0
48323,-1.0
48324,-1.0
48325,-1.0
48326,-1.0
48327,-1.0
48328,-1.0
48329,-1.0
48330,-1.0
48331,-1.0
48332,-1.0
48333,-1.0
48334,-1.0
48335,-1.0
48336,-1.0
48337,-1.0
48338,-1.0
48339,-1.0
48340,-1.0
48341,-1.0
48342,-1.0
48343,-1.0
48344,-1.0
48345,-1.0
48346,-1.0
48347,-1.0
48348,-1.0
48349,-1.0
48350,-1.0
48351,-1.0
48352,-1.0
48353,-1.0
48354,-1.0
48355,-1.0
48356,-1.0
48357,-1.0
48358,-1.0
48359,-1.0
48360,-1.0
48361,-1.0
48362,-1.0
48363,-1.0
48364,-1.0
48365,-1.0
48366,-1.0
48367,-1.0
48368,-1.0
48369,-1.0
48370,-1.0
48371,-1.0
48372,-1.0
48373,-1.0
48374,-1.0
48375,-1.0
48376,-1.0
48377,-1.0
48378,-1.0
48379,-1.0
48380,-1.0
48381,-1.0
48382,-1.0
48383,-1.0
48384,-1.0
48385,-1.0
48386,-1.0
48387,-1.0
48388,-1.0
48389,-1.0
48390,-1.0
48391,-1.0
48392,-1.0
48393,-1.0
48394,-1.0
48395,-1.0
48396,-1.0
48397,-1.0
48398,-1.0
48399,-1.0
48400,-1.0
48401,-1.0
48402,-1.0
48403,-1.0
48404,-1.0
48405,-1.0
48406,-1.0
48407,-1.0
48408,-1.0
48409,-1.0
48410,-1.0
48411,-1.0
48412,-1.0
48413,-1.0
48414,-1.0
48415,-1.0
48416,-1.0
48417,-1.0
48418,-1.0
48419,-1.0
48420,-1.0
48421,-1.0
48422,-1.0
48423,-1.0
48424,-1.0
48425,-1.0
48426,-1.0
48427,-1.0
48428,-1.0
48429,-1.0
48430,-1.0
48431,-1.0
48432,-1.0
48433,-1.0
48434,-1.0
48435,-1.0
48436,-1.0
48437,-1.0
48438,-1.0
48439,-1.0
48440,-1.0
48441,-1.0
48442,-1.0
48443,-1.0
48444,-1.0
48445,-1.0
48446,-1.0
48447,-1.0
48448,-1.0
48449,-1.0
48450,-1.0
48451,-1.0
48452,-1.0
48453,-1.0
48454,-1.0
48455,-1.0
48456,-1.0
48457,-1.0
48458,-1.0
48459,-1.0
48460,-1.0
48461,-1.0
48462,-1.0
48463,-1.0
48464,-1.0
48465,-1.0
48466,-1.0
48467,-1.0
48468,-1.0
48469,-1.0
48470,-1.0
48471,-1.0
48472,-1.0
48473,-1.0
48474,-1.0
48475,-1.0
48476,-1.0
48477,-1.0
48478,-1.0
48479,-1.0
48480,-1.0
48481,-1.0
48482,-1.0
48483,-1.0
48484,-1.0
48485,-1.0
48486,-1.0
48487,-1.0
48488,-1.0
48489,-1.0
48490,-1.0
48491,-1.0
48492,-1.0
48493,-1.0
48494,-1.0
48495,-1.0
48496,-1.0
48497,-1.0
48498,-1.0
48499,-1.0
48500,-1.0
48501,-1.0
48502,-1.0
48503,-1.0
48504,-1.0
48505,-1.0
48506,-1.0
48507,-1.0
48508,-1.0
48509,-1.0
48510,-1.0
48511,-1.0
48512,-1.0
48513,-1.0
48514,-1.0
48515,-1.0
48516,-1.0
48517,-1.0
48518,-1.0
48519,-1.0
48520,-1.0
48521,-1.0
48522,-1.0
48523,-1.0
48524,-1.0
48525,-1.0
48526,-1.0
48527,-1.0
48528,-1.0
48529,-1.0
48530,-1.0
48531,-1.0
48532,-1.0
48533,-1.0
48534,-1.0
48535,-1.0
48536,-1.0
48537,-1.0
48538,-1.0
48539,-1.0
48540,-1.0
48541,-1.0
48542,-1.0
48543,-1.0
48544,-1.0
48545,-1.0
48546,-1.0
48547,-1.0
48548,-1.0
48549,-1.0
48550,-1.0
48551,-1.0
48552,-1.0
48553,-1.0
48554,-1.0
48555,-1.0
48556,-1.0
48557,-1.0
48558,-1.0
48559,-1.0
48560,-1.0
48561,-1.0
48562,-1.0
48563,-1.0
48564,-1.0
48565,-1.0
48566,-1.0
48567,-1.0
48568,-1.0
48569,-1.0
48570,-1.0
48571,-1.0
48572,-1.0
48573,-1.0
48574,-1.0
48575,-1.0
48576,-1.0
48577,-1.0
48578,-1.0
48579,-1.0
48580,-1.0
48581,-1.0
48582,-1.0
48583,-1.0
48584,-1.0
48585,-1.0
48586,-1.0
48587,-1.0
48588,-1.0
48589,-1.0
48590,-1.0
48591,-1.0
48592,-1.0
48593,-1.0
48594,-1.0
48595,-1.0
48596,-1.0
48597,-1.0
48598,-1.0
48599,-1.0
48600,-1.0
48601,-1.0
48602,-1.0
48603,-1.0
48604,-1.0
48605,-1.0
48606,-1.0
48607,-1.0
48608,-1.0
48609,-1.0
48610,-1.0
48611,-1.0
48612,-1.0
48613,-1.0
48614,-1.0
48615,-1.0
48616,-1.0
48617,-1.0
48618,-1.0
48619,-1.0
48620,-1.0
48621,-1.0
48622,-1.0
48623,-1.0
48624,-1.0
48625,-1.0
48626,-1.0
48627,-1.0
48628,-1.0
48629,-1.0
48630,-1.0
48631,-1.0
48632,-1.0
48633,-1.0
48634,-1.0
48635,-1.0
48636,-1.0
48637,-1.0
48638,-1.0
48639,-1.0
48640,-1.0
48641,-1.0
48642,-1.0
48643,-1.0
48644,-1.0
48645,-1.0
48646,-1.0
48647,-1.0
48648,-1.0
48649,-1.0
48650,-1.0
48651,-1.0
48652,-1.0
48653,-1.0
48654,-1.0
48655,-1.0
48656,-1.0
48657,-1.0
48658,-1.0
48659,-1.0
48660,-1.0
48661,-1.0
48662,-1.0
48663,-1.0
48664,-1.0
48665,-1.0
48666,-1.0
48667,-1.0
48668,-1.0
48669,-1.0
48670,-1.0
48671,-1.0
48672,-1.0
48673,-1.0
48674,-1.0
48675,-1.0
48676,-1.0
48677,-1.0
48678,-1.0
48679,-1.0
48680,-1.0
48681,-1.0
48682,-1.0
48683,-1.0
48684,-1.0
48685,-1.0
48686,-1.0
48687,-1.0
48688,-1.0
48689,-1.0
48690,-1.0
48691,-1.0
48692,-1.0
48693,-1.0
48694,-1.0
48695,-1.0
48696,-1.0
48697,-1.0
48698,-1.0
48699,-1.0
48700,-1.0
48701,-1.0
48702,-1.0
48703,-1.0
48704,-1.0
48705,-1.0
48706,-1.0
48707,-1.0
48708,-1.0
48709,-1.0
48710,-1.0
48711,-1.0
48712,-1.0
48713,-1.0
48714,-1.0
48715,-1.0
48716,-1.0
48717,-1.0
48718,-1.0
48719,-1.0
48720,-1.0
48721,-1.0
48722,-1.0
48723,-1.0
48724,-1.0
48725,-1.0
48726,-1.0
48727,-1.0
48728,-1.0
48729,-1.0
48730,-1.0
48731,-1.0
48732,-1.0
48733,-1.0
48734,-1.0
48735,-1.0
48736,-1.0
48737,-1.0
48738,-1.0
48739,-1.0
48740,-1.0
48741,-1.0
48742,-1.0
48743,-1.0
48744,-1.0
48745,-1.0
48746,-1.0
48747,-1.0
48748,-1.0
48749,-1.0
48750,-1.0
48751,-1.0
48752,-1.0
48753,-1.0
48754,-1.0
48755,-1.0
48756,-1.0
48757,-1.0
48758,-1.0
48759,-1.0
48760,-1.0
48761,-1.0
48762,-1.0
48763,-1.0
48764,-1.0
48765,-1.0
48766,-1.0
48767,-1.0
48768,-1.0
48769,-1.0
48770,-1.0
48771,-1.0
48772,-1.0
48773,-1.0
48774,-1.0
48775,-1.0
48776,-1.0
48777,-1.0
48778,-1.0
48779,-1.0
48780,-1.0
48781,-1.0
48782,-1.0
48783,-1.0
48784,-1.0
48785,-1.0
48786,-1.0
48787,-1.0
48788,-1.0
48789,-1.0
48790,-1.0
48791,-1.0
48792,-1.0
48793,-1.0
48794,-1.0
48795,-1.0
48796,-1.0
48797,-1.0
48798,-1.0
48799,-1.0
48800,-1.0
48801,-1.0
48802,-1.0
48803,-1.0
48804,-1.0
48805,-1.0
48806,-1.0
48807,-1.0
48808,-1.0
48809,-1.0
48810,-1.0
48811,-1.0
48812,-1.0
48813,-1.0
48814,-1.0
48815,-1.0
48816,-1.0
48817,-1.0
48818,-1.0
48819,-1.0
48820,-1.0
48821,-1.0
48822,-1.0
48823,-1.0
48824,-1.0
48825,-1.0
48826,-1.0
48827,-1.0
48828,-1.0
48829,-1.0
48830,-1.0
48831,-1.0
48832,-1.0
48833,-1.0
48834,-1.0
48835,-1.0
48836,-1.0
48837,-1.0
48838,-1.0
48839,-1.0
48840,-1.0
48841,-1.0
48842,-1.0
48843,-1.0
48844,-1.0
48845,-1.0
48846,-1.0
48847,-1.0
48848,-1.0
48849,-1.0
48850,-1.0
48851,-1.0
48852,-1.0
48853,-1.0
48854,-1.0
48855,-1.0
48856,-1.0
48857,-1.0
48858,-1.0
48859,-1.0
48860,-1.0
48861,-1.0
48862,-1.0
48863,-1.0
48864,-1.0
48865,-1.0
48866,-1.0
48867,-1.0
48868,-1.0
48869,-1.0
48870,-1.0
48871,-1.0
48872,-1.0
48873,-1.0
48874,-1.0
48875,-1.0
48876,-1.0
48877,-1.0
48878,-1.0
48879,-1.0
48880,-1.0
48881,-1.0
48882,-1.0
48883,-1.0
48884,-1.0
48885,-1.0
48886,-1.0
48887,-1.0
48888,-1.0
48889,-1.0
48890,-1.0
48891,-1.0
48892,-1.0
48893,-1.0
48894,-1.0
48895,-1.0
48896,-1.0
48897,-1.0
48898,-1.0
48899,-1.0
48900,-1.0
48901,-1.0
48902,-1.0
48903,-1.0
48904,-1.0
48905,-1.0
48906,-1.0
48907,-1.0
48908,-1.0
48909,-1.0
48910,-1.0
48911,-1.0
48912,-1.0
48913,-1.0
48914,-1.0
48915,-1.0
48916,-1.0
48917,-1.0
48918,-1.0
48919,-1.0
48920,-1.0
48921,-1.0
48922,-1.0
48923,-1.0
48924,-1.0
48925,-1.0
48926,-1.0
48927,-1.0
48928,-1.0
48929,-1.0
48930,-1.0
48931,-1.0
48932,-1.0
48933,-1.0
48934,-1.0
48935,-1.0
48936,-1.0
48937,-1.0
48938,-1.0
48939,-1.0
48940,-1.0
48941,-1.0
48942,-1.0
48943,-1.0
48944,-1.0
48945,-1.0
48946,-1.0
48947,-1.0
48948,-1.0
48949,-1.0
48950,-1.0
48951,-1.0
48952,-1.0
48953,-1.0
48954,-1.0
48955,-1.0
48956,-1.0
48957,-1.0
48958,-1.0
48959,-1.0
48960,-1.0
48961,-1.0
48962,-1.0
48963,-1.0
48964,-1.0
48965,-1.0
48966,-1.0
48967,-1.0
48968,-1.0
48969,-1.0
48970,-1.0
48971,-1.0
48972,-1.0
48973,-1.0
48974,-1.0
48975,-1.0
48976,-1.0
48977,-1.0
48978,-1.0
48979,-1.0
48980,-1.0
48981,-1.0
48982,-1.0
48983,-1.0
48984,-1.0
48985,-1.0
48986,-1.0
48987,-1.0
48988,-1.0
48989,-1.0
48990,-1.0
48991,-1.0
48992,-1.0
48993,-1.0
48994,-1.0
48995,-1.0
48996,-1.0
48997,-1.0
48998,-1.0
48999,-1.0
49000,-1.0
49001,-1.0
49002,-1.0
49003,-1.0
49004,-1.0
49005,-1.0
49006,-1.0
49007,-1.0
49008,-1.0
49009,-1.0
49010,-1.0
49011,-1.0
49012,-1.0
49013,-1.0
49014,-1.0
49015,-1.0
49016,-1.0
49017,-1.0
49018,-1.0
49019,-1.0
49020,-1.0
49021,-1.0
49022,-1.0
49023,-1.0
49024,-1.0
49025,-1.0
49026,-1.0
49027,-1.0
49028,-1.0
49029,-1.0
49030,-1.0
49031,-1.0
49032,-1.0
49033,-1.0
49034,-1.0
49035,-1.0
49036,-1.0
49037,-1.0
49038,-1.0
49039,-1.0
49040,-1.0
49041,-1.0
49042,-1.0
49043,-1.0
49044,-1.0
49045,-1.0
49046,-1.0
49047,-1.0
49048,-1.0
49049,-1.0
49050,-1.0
49051,-1.0
49052,-1.0
49053,-1.0
49054,-1.0
49055,-1.0
49056,-1.0
49057,-1.0
49058,-1.0
49059,-1.0
49060,-1.0
49061,-1.0
49062,-1.0
49063,-1.0
49064,-1.0
49065,-1.0
49066,-1.0
49067,-1.0
49068,-1.0
49069,-1.0
49070,-1.0
49071,-1.0
49072,-1.0
49073,-1.0
49074,-1.0
49075,-1.0
49076,-1.0
49077,-1.0
49078,-1.0
49079,-1.0
49080,-1.0
49081,-1.0
49082,-1.0
49083,-1.0
49084,-1.0
49085,-1.0
49086,-1.0
49087,-1.0
49088,-1.0
49089,-1.0
49090,-1.0
49091,-1.0
49092,-1.0
49093,-1.0
49094,-1.0
49095,-1.0
49096,-1.0
49097,-1.0
49098,-1.0
49099,-1.0
49100,-1.0
49101,-1.0
49102,-1.0
49103,-1.0
49104,-1.0
49105,-1.0
49106,-1.0
49107,-1.0
49108,-1.0
49109,-1.0
49110,-1.0
49111,-1.0
49112,-1.0
49113,-1.0
49114,-1.0
49115,-1.0
49116,-1.0
49117,-1.0
49118,-1.0
49119,-1.0
49120,-1.0
49121,-1.0
49122,-1.0
49123,-1.0
49124,-1.0
49125,-1.0
49126,-1.0
49127,-1.0
49128,-1.0
49129,-1.0
49130,-1.0
49131,-1.0
49132,-1.0
49133,-1.0
49134,-1.0
49135,-1.0
49136,-1.0
49137,-1.0
49138,-1.0
49139,-1.0
49140,-1.0
49141,-1.0
49142,-1.0
49143,-1.0
49144,-1.0
49145,-1.0
49146,-1.0
49147,-1.0
49148,-1.0
49149,-1.0
49150,-1.0
49151,-1.0
49152,-1.0
49153,-1.0
49154,-1.0
49155,-1.0
49156,-1.0
49157,-1.0
49158,-1.0
49159,-1.0
49160,-1.0
49161,-1.0
49162,-1.0
49163,-1.0
49164,-1.0
49165,-1.0
49166,-1.0
49167,-1.0
49168,-1.0
49169,-1.0
49170,-1.0
49171,-1.0
49172,-1.0
49173,-1.0
49174,-1.0
49175,-1.0
49176,-1.0
49177,-1.0
49178,-1.0
49179,-1.0
49180,-1.0
49181,-1.0
49182,-1.0
49183,-1.0
49184,-1.0
49185,-1.0
49186,-1.0
49187,-1.0
49188,-1.0
49189,-1.0
49190,-1.0
49191,-1.0
49192,-1.0
49193,-1.0
49194,-1.0
49195,-1.0
49196,-1.0
49197,-1.0
49198,-1.0
49199,-1.0
49200,-1.0
49201,-1.0
49202,-1.0
49203,-1.0
49204,-1.0
49205,-1.0
49206,-1.0
49207,-1.0
49208,-1.0
49209,-1.0
49210,-1.0
49211,-1.0
49212,-1.0
49213,-1.0
49214,-1.0
49215,-1.0
49216,-1.0
49217,-1.0
49218,-1.0
49219,-1.0
49220,-1.0
49221,-1.0
49222,-1.0
49223,-1.0
49224,-1.0
49225,-1.0
49226,-1.0
49227,-1.0
49228,-1.0
49229,-1.0
49230,-1.0
49231,-1.0
49232,-1.0
49233,-1.0
49234,-1.0
49235,-1.0
49236,-1.0
49237,-1.0
49238,-1.0
49239,-1.0
49240,-1.0
49241,-1.0
49242,-1.0
49243,-1.0
49244,-1.0
49245,-1.0
49246,-1.0
49247,-1.0
49248,-1.0
49249,-1.0
49250,-1.0
49251,-1.0
49252,-1.0
49253,-1.0
49254,-1.0
49255,-1.0
49256,-1.0
49257,-1.0
49258,-1.0
49259,-1.0
49260,-1.0
49261,-1.0
49262,-1.0
49263,-1.0
49264,-1.0
49265,-1.0
49266,-1.0
49267,-1.0
49268,-1.0
49269,-1.0
49270,-1.0
49271,-1.0
49272,-1.0
49273,-1.0
49274,-1.0
49275,-1.0
49276,-1.0
49277,-1.0
49278,-1.0
49279,-1.0
49280,-1.0
49281,-1.0
49282,-1.0
49283,-1.0
49284,-1.0
49285,-1.0
49286,-1.0
49287,-1.0
49288,-1.0
49289,-1.0
49290,-1.0
49291,-1.0
49292,-1.0
49293,-1.0
49294,-1.0
49295,-1.0
49296,-1.0
49297,-1.0
49298,-1.0
49299,-1.0
49300,-1.0
49301,-1.0
49302,-1.0
49303,-1.0
49304,-1.0
49305,-1.0
49306,-1.0
49307,-1.0
49308,-1.0
49309,-1.0
49310,-1.0
49311,-1.0
49312,-1.0
49313,-1.0
49314,-1.0
49315,-1.0
49316,-1.0
49317,-1.0
49318,-1.0
49319,-1.0
49320,-1.0
49321,-1.0
49322,-1.0
49323,-1.0
49324,-1.0
49325,-1.0
49326,-1.0
49327,-1.0
49328,-1.0
49329,-1.0
49330,-1.0
49331,-1.0
49332,-1.0
49333,-1.0
49334,-1.0
49335,-1.0
49336,-1.0
49337,-1.0
49338,-1.0
49339,-1.0
49340,-1.0
49341,-1.0
49342,-1.0
49343,-1.0
49344,-1.0
49345,-1.0
49346,-1.0
49347,-1.0
49348,-1.0
49349,-1.0
49350,-1.0
49351,-1.0
49352,-1.0
49353,-1.0
49354,-1.0
49355,-1.0
49356,-1.0
49357,-1.0
49358,-1.0
49359,-1.0
49360,-1.0
49361,-1.0
49362,-1.0
49363,-1.0
49364,-1.0
49365,-1.0
49366,-1.0
49367,-1.0
49368,-1.0
49369,-1.0
49370,-1.0
49371,-1.0
49372,-1.0
49373,-1.0
49374,-1.0
49375,-1.0
49376,-1.0
49377,-1.0
49378,-1.0
49379,-1.0
49380,-1.0
49381,-1.0
49382,-1.0
49383,-1.0
49384,-1.0
49385,-1.0
49386,-1.0
49387,-1.0
49388,-1.0
49389,-1.0
49390,-1.0
49391,-1.0
49392,-1.0
49393,-1.0
49394,-1.0
49395,-1.0
49396,-1.0
49397,-1.0
49398,-1.0
49399,-1.0
49400,-1.0
49401,-1.0
49402,-1.0
49403,-1.0
49404,-1.0
49405,-1.0
49406,-1.0
49407,-1.0
49408,-1.0
49409,-1.0
49410,-1.0
49411,-1.0
49412,-1.0
49413,-1.0
49414,-1.0
49415,-1.0
49416,-1.0
49417,-1.0
49418,-1.0
49419,-1.0
49420,-1.0
49421,-1.0
49422,-1.0
49423,-1.0
49424,-1.0
49425,-1.0
49426,-1.0
49427,-1.0
49428,-1.0
49429,-1.0
49430,-1.0
49431,-1.0
49432,-1.0
49433,-1.0
49434,-1.0
49435,-1.0
49436,-1.0
49437,-1.0
49438,-1.0
49439,-1.0
49440,-1.0
49441,-1.0
49442,-1.0
49443,-1.0
49444,-1.0
49445,-1.0
49446,-1.0
49447,-1.0
49448,-1.0
49449,-1.0
49450,-1.0
49451,-1.0
49452,-1.0
49453,-1.0
49454,-1.0
49455,-1.0
49456,-1.0
49457,-1.0
49458,-1.0
49459,-1.0
49460,-1.0
49461,-1.0
49462,-1.0
49463,-1.0
49464,-1.0
49465,-1.0
49466,-1.0
49467,-1.0
49468,-1.0
49469,-1.0
49470,-1.0
49471,-1.0
49472,-1.0
49473,-1.0
49474,-1.0
49475,-1.0
49476,-1.0
49477,-1.0
49478,-1.0
49479,-1.0
49480,-1.0
49481,-1.0
49482,-1.0
49483,-1.0
49484,-1.0
49485,-1.0
49486,-1.0
49487,-1.0
49488,-1.0
49489,-1.0
49490,-1.0
49491,-1.0
49492,-1.0
49493,-1.0
49494,-1.0
49495,-1.0
49496,-1.0
49497,-1.0
49498,-1.0
49499,-1.0
49500,-1.0
49501,-1.0
49502,-1.0
49503,-1.0
49504,-1.0
49505,-1.0
49506,-1.0
49507,-1.0
49508,-1.0
49509,-1.0
49510,-1.0
49511,-1.0
49512,-1.0
49513,-1.0
49514,-1.0
49515,-1.0
49516,-1.0
49517,-1.0
49518,-1.0
49519,-1.0
49520,-1.0
49521,-1.0
49522,-1.0
49523,-1.0
49524,-1.0
49525,-1.0
49526,-1.0
49527,-1.0
49528,-1.0
49529,-1.0
49530,-1.0
49531,-1.0
49532,-1.0
49533,-1.0
49534,-1.0
49535,-1.0
49536,-1.0
49537,-1.0
49538,-1.0
49539,-1.0
49540,-1.0
49541,-1.0
49542,-1.0
49543,-1.0
49544,-1.0
49545,-1.0
49546,-1.0
49547,-1.0
49548,-1.0
49549,-1.0
49550,-1.0
49551,-1.0
49552,-1.0
49553,-1.0
49554,-1.0
49555,-1.0
49556,-1.0
49557,-1.0
49558,-1.0
49559,-1.0
49560,-1.0
49561,-1.0
49562,-1.0
49563,-1.0
49564,-1.0
49565,-1.0
49566,-1.0
49567,-1.0
49568,-1.0
49569,-1.0
49570,-1.0
49571,-1.0
49572,-1.0
49573,-1.0
49574,-1.0
49575,-1.0
49576,-1.0
49577,-1.0
49578,-1.0
49579,-1.0
49580,-1.0
49581,-1.0
49582,-1.0
49583,-1.0
49584,-1.0
49585,-1.0
49586,-1.0
49587,-1.0
49588,-1.0
49589,-1.0
49590,-1.0
49591,-1.0
49592,-1.0
49593,-1.0
49594,-1.0
49595,-1.0
49596,-1.0
49597,-1.0
49598,-1.0
49599,-1.0
49600,-1.0
49601,-1.0
49602,-1.0
49603,-1.0
49604,-1.0
49605,-1.0
49606,-1.0
49607,-1.0
49608,-1.0
49609,-1.0
49610,-1.0
49611,-1.0
49612,-1.0
49613,-1.0
49614,-1.0
49615,-1.0
49616,-1.0
49617,-1.0
49618,-1.0
49619,-1.0
49620,-1.0
49621,-1.0
49622,-1.0
49623,-1.0
49624,-1.0
49625,-1.0
49626,-1.0
49627,-1.0
49628,-1.0
49629,-1.0
49630,-1.0
49631,-1.0
49632,-1.0
49633,-1.0
49634,-1.0
49635,-1.0
49636,-1.0
49637,-1.0
49638,-1.0
49639,-1.0
49640,-1.0
49641,-1.0
49642,-1.0
49643,-1.0
49644,-1.0
49645,-1.0
49646,-1.0
49647,-1.0
49648,-1.0
49649,-1.0
49650,-1.0
49651,-1.0
49652,-1.0
49653,-1.0
49654,-1.0
49655,-1.0
49656,-1.0
49657,-1.0
49658,-1.0
49659,-1.0
49660,-1.0
49661,-1.0
49662,-1.0
49663,-1.0
49664,-1.0
49665,-1.0
49666,-1.0
49667,-1.0
49668,-1.0
49669,-1.0
49670,-1.0
49671,-1.0
49672,-1.0
49673,-1.0
49674,-1.0
49675,-1.0
49676,-1.0
49677,-1.0
49678,-1.0
49679,-1.0
49680,-1.0
49681,-1.0
49682,-1.0
49683,-1.0
49684,-1.0
49685,-1.0
49686,-1.0
49687,-1.0
49688,-1.0
49689,-1.0
49690,-1.0
49691,-1.0
49692,-1.0
49693,-1.0
49694,-1.0
49695,-1.0
49696,-1.0
49697,-1.0
49698,-1.0
49699,-1.0
49700,-1.0
49701,-1.0
49702,-1.0
49703,-1.0
49704,-1.0
49705,-1.0
49706,-1.0
49707,-1.0
49708,-1.0
49709,-1.0
49710,-1.0
49711,-1.0
49712,-1.0
49713,-1.0
49714,-1.0
49715,-1.0
49716,-1.0
49717,-1.0
49718,-1.0
49719,-1.0
49720,-1.0
49721,-1.0
49722,-1.0
49723,-1.0
49724,-1.0
49725,-1.0
49726,-1.0
49727,-1.0
49728,-1.0
49729,-1.0
49730,-1.0
49731,-1.0
49732,-1.0
49733,-1.0
49734,-1.0
49735,-1.0
49736,-1.0
49737,-1.0
49738,-1.0
49739,-1.0
49740,-1.0
49741,-1.0
49742,-1.0
49743,-1.0
49744,-1.0
49745,-1.0
49746,-1.0
49747,-1.0
49748,-1.0
49749,-1.0
49750,-1.0
49751,-1.0
49752,-1.0
49753,-1.0
49754,-1.0
49755,-1.0
49756,-1.0
49757,-1.0
49758,-1.0
49759,-1.0
49760,-1.0
49761,-1.0
49762,-1.0
49763,-1.0
49764,-1.0
49765,-1.0
49766,-1.0
49767,-1.0
49768,-1.0
49769,-1.0
49770,-1.0
49771,-1.0
49772,-1.0
49773,-1.0
49774,-1.0
49775,-1.0
49776,-1.0
49777,-1.0
49778,-1.0
49779,-1.0
49780,-1.0
49781,-1.0
49782,-1.0
49783,-1.0
49784,-1.0
49785,-1.0
49786,-1.0
49787,-1.0
49788,-1.0
49789,-1.0
49790,-1.0
49791,-1.0
49792,-1.0
49793,-1.0
49794,-1.0
49795,-1.0
49796,-1.0
49797,-1.0
49798,-1.0
49799,-1.0
49800,-1.0
49801,-1.0
49802,-1.0
49803,-1.0
49804,-1.0
49805,-1.0
49806,-1.0
49807,-1.0
49808,-1.0
49809,-1.0
49810,-1.0
49811,-1.0
49812,-1.0
49813,-1.0
49814,-1.0
49815,-1.0
49816,-1.0
49817,-1.0
49818,-1.0
49819,-1.0
49820,-1.0
49821,-1.0
49822,-1.0
49823,-1.0
49824,-1.0
49825,-1.0
49826,-1.0
49827,-1.0
49828,-1.0
49829,-1.0
49830,-1.0
49831,-1.0
49832,-1.0
49833,-1.0
49834,-1.0
49835,-1.0
49836,-1.0
49837,-1.0
49838,-1.0
49839,-1.0
49840,-1.0
49841,-1.0
49842,-1.0
49843,-1.0
49844,-1.0
49845,-1.0
49846,-1.0
49847,-1.0
49848,-1.0
49849,-1.0
49850,-1.0
49851,-1.0
49852,-1.0
49853,-1.0
49854,-1.0
49855,-1.0
49856,-1.0
49857,-1.0
49858,-1.0
49859,-1.0
49860,-1.0
49861,-1.0
49862,-1.0
49863,-1.0
49864,-1.0
49865,-1.0
49866,-1.0
49867,-1.0
49868,-1.0
49869,-1.0
49870,-1.0
49871,-1.0
49872,-1.0
49873,-1.0
49874,-1.0
49875,-1.0
49876,-1.0
49877,-1.0
49878,-1.0
49879,-1.0
49880,-1.0
49881,-1.0
49882,-1.0
49883,-1.0
49884,-1.0
49885,-1.0
49886,-1.0
49887,-1.0
49888,-1.0
49889,-1.0
49890,-1.0
49891,-1.0
49892,-1.0
49893,-1.0
49894,-1.0
49895,-1.0
49896,-1.0
49897,-1.0
49898,-1.0
49899,-1.0
49900,-1.0
49901,-1.0
49902,-1.0
49903,-1.0
49904,-1.0
49905,-1.0
49906,-1.0
49907,-1.0
49908,-1.0
49909,-1.0
49910,-1.0
49911,-1.0
49912,-1.0
49913,-1.0
49914,-1.0
49915,-1.0
49916,-1.0
49917,-1.0
49918,-1.0
49919,-1.0
49920,-1.0
49921,-1.0
49922,-1.0
49923,-1.0
49924,-1.0
49925,-1.0
49926,-1.0
49927,-1.0
49928,-1.0
49929,-1.0
49930,-1.0
49931,-1.0
49932,-1.0
49933,-1.0
49934,-1.0
49935,-1.0
49936,-1.0
49937,-1.0
49938,-1.0
49939,-1.0
49940,-1.0
49941,-1.0
49942,-1.0
49943,-1.0
49944,-1.0
49945,-1.0
49946,-1.0
49947,-1.0
49948,-1.0
49949,-1.0
49950,-1.0
49951,-1.0
49952,-1.0
49953,-1.0
49954,-1.0
49955,-1.0
49956,-1.0
49957,-1.0
49958,-1.0
49959,-1.0
49960,-1.0
49961,-1.0
49962,-1.0
49963,-1.0
49964,-1.0
49965,-1.0
49966,-1.0
49967,-1.0
49968,-1.0
49969,-1.0
49970,-1.0
49971,-1.0
49972,-1.0
49973,-1.0
49974,-1.0
49975,-1.0
49976,-1.0
49977,-1.0
49978,-1.0
49979,-1.0
49980,-1.0
49981,-1.0
49982,-1.0
49983,-1.0
49984,-1.0
49985,-1.0
49986,-1.0
49987,-1.0
49988,-1.0
49989,-1.0
49990,-1.0
49991,-1.0
49992,-1.0
49993,-1.0
49994,-1.0
49995,-1.0
49996,-1.0
49997,-1.0
49998,-1.0
49999,-1.0
50000,-1.0
50001,-1.0
50002,-1.0
50003,-1.0
50004,-1.0
50005,-1.0
50006,-1.0
50007,-1.0
50008,-1.0
50009,-1.0
50010,-1.0
50011,-1.0
50012,-1.0
50013,-1.0
50014,-1.0
50015,-1.0
50016,-1.0
