14261
10 (4, 0, [])
16025
11 (4, 0, [])
16762
12 (4, 0, [])
17397
13 (4, 0, [])
17503
14 (4, 0, [])
17900
15 (5, 0, [])
17564
16 (5, 0, [])
17808
17 (4, 0, [])
17852
18 (5, 0, [])
17942
19 (5, 0, [])
17690
20 (5, 0, [])
17599
21 (5, 0, [])
17673
22 (5, 0, [])
17770
23 (5, 0, [])
17538
24 (5, 0, [])
17660
25 (5, 0, [])
17945
26 (5, 0, [])
18139
27 (5, 0, [])
18015
28 (5, 0, [])
18219
29 (5, 0, [])
17846
30 (5, 0, [])
17835
31 (5, 0, [])
17407
32 (6, 0, [])
17585
33 (6, 0, [])
17476
34 (5, 0, [])
17765
35 (6, 0, [])
17877
36 (6, 0, [])
17918
37 (6, 0, [])
17870
38 (6, 0, [])
17882
39 (6, 0, [])
18062
40 (6, 0, [])
18049
41 (5, 0, [])
17803
42 (6, 0, [])
18115
43 (6, 0, [])
18136
44 (6, 0, [])
18001
45 (6, 0, [])
18011
46 (6, 0, [])
18047
47 (6, 0, [])
18060
48 (6, 0, [])
18064
49 (6, 0, [])
18194
50 (6, 0, [])
18144
51 (6, 0, [])
18332
52 (6, 0, [])
18276
53 (6, 0, [])
18416
54 (6, 0, [])
18373
55 (6, 0, [])
18222
56 (6, 0, [])
18542
57 (5, 0, [])
18503
58 (6, 0, [])
18408
59 (6, 0, [])
18493
60 (6, 0, [])
18438
61 (6, 0, [])
18430
62 (6, 0, [])
18464
63 (6, 0, [])
18551
64 (5, 0, [])
18384
65 (6, 0, [])
18170
66 (6, 0, [])
18288
67 (7, 0, [])
18256
68 (7, 0, [])
18153
69 (6, 0, [])
18083
70 (6, 0, [])
18144
71 (5, 0, [])
17330
72 (6, 0, [])
18025
73 (7, 0, [])
18029
74 (6, 0, [])
18047
75 (6, 0, [])
17930
76 (7, 0, [])
17998
77 (7, 0, [])
18234
78 (6, 0, [])
18206
79 (6, 0, [])
18081
80 (6, 0, [])
18232
81 (7, 0, [])
18210
82 (6, 0, [])
18134
83 (6, 0, [])
18242
84 (6, 0, [])
18336
85 (6, 0, [])
18296
86 (6, 0, [])
18137
87 (7, 0, [])
18188
88 (7, 0, [])
18686
89 (7, 0, [])
18364
90 (7, 0, [])
18405
91 (6, 0, [])
18530
92 (6, 0, [])
18404
93 (6, 0, [])
18232
94 (6, 0, [])
18342
95 (6, 0, [])
18424
96 (5, 0, [])
15709
97 (6, 0, [])
18480
98 (6, 0, [])
18614
99 (6, 0, [])
18564
100 (7, 0, [])
18619
101 (6, 0, [])
18604
102 (7, 0, [])
18854
103 (6, 0, [])
18705
104 (7, 0, [])
18755
105 (7, 0, [])
18625
106 (7, 0, [])
18581
107 (6, 0, [])
18715
108 (6, 0, [])
18558
109 (6, 0, [])
18579
110 (6, 0, [])
18570
111 (6, 0, [])
18561
112 (6, 0, [])
18619
113 (6, 0, [])
18830
114 (7, 0, [])
18911
115 (6, 0, [])
18707
116 (6, 0, [])
18663
117 (6, 0, [])
18788
118 (6, 0, [])
18710
119 (7, 0, [])
18725
120 (6, 0, [])
18756
121 (6, 0, [])
18730
122 (6, 0, [])
18777
123 (6, 0, [])
18212
124 (7, 0, [])
18752
125 (6, 0, [])
18848
126 (7, 0, [])
18177
127 (7, 0, [])
18658
128 (6, 0, [])
18611
129 (5, 0, [])
15347
130 (6, 0, [])
16997
131 (6, 0, [])
17500
132 (7, 0, [])
18868
133 (7, 0, [])
19001
134 (7, 0, [])
18873
135 (6, 0, [])
18156
136 (6, 0, [])
17723
137 (6, 0, [])
17396
138 (7, 0, [])
18761
139 (7, 0, [])
18724
140 (7, 0, [])
18752
141 (7, 0, [])
18862
142 (6, 0, [])
17280
143 (6, 0, [])
17414
144 (7, 0, [])
17246
145 (7, 0, [])
17045
146 (7, 0, [])
18612
147 (7, 0, [])
18616
148 (6, 0, [])
16681
149 (7, 0, [])
18448
150 (7, 0, [])
18365
151 (7, 0, [])
18445
152 (7, 0, [])
18460
153 (6, 0, [])
16923
154 (6, 0, [])
16843
155 (6, 0, [])
16458
156 (7, 0, [])
18137
157 (7, 0, [])
17980
158 (7, 0, [])
18214
159 (7, 0, [])
18434
160 (7, 0, [])
18472
161 (6, 0, [])
17052
162 (6, 0, [])
16954
163 (7, 0, [])
18878
164 (7, 0, [])
18803
165 (6, 0, [])
16489
166 (7, 0, [])
18463
167 (7, 0, [])
18399
168 (7, 0, [])
18378
169 (6, 0, [])
16722
170 (7, 0, [])
18606
171 (6, 0, [])
16549
172 (6, 0, [])
16423
173 (7, 0, [])
18768
174 (7, 0, [])
18740
175 (7, 0, [])
18710
176 (7, 0, [])
18635
177 (7, 0, [])
18772
178 (6, 0, [])
15987
179 (7, 0, [])
18573
180 (7, 0, [])
18630
181 (7, 0, [])
18537
182 (7, 0, [])
18436
183 (6, 0, [])
16127
184 (7, 0, [])
18365
185 (7, 0, [])
18496
186 (7, 0, [])
18571
187 (7, 0, [])
18744
188 (7, 0, [])
18901
189 (7, 0, [])
18973
190 (7, 0, [])
18865
191 (7, 0, [])
18841
192 (7, 0, [])
18746
193 (7, 0, [])
18756
194 (6, 0, [])
15676
195 (7, 0, [])
18262
196 (7, 0, [])
18730
197 (7, 0, [])
18907
198 (7, 0, [])
18977
199 (7, 0, [])
18943
200 (7, 0, [])
18925
201 (7, 0, [])
19010
202 (7, 0, [])
19003
203 (7, 0, [])
18912
204 (7, 0, [])
18867
205 (6, 0, [])
11604
206 (7, 0, [])
15223
207 (6, 0, [])
15300
208 (6, 0, [])
15281
209 (5, 0, [])
14897
210 (6, 0, [])
15204
211 (7, 0, [])
16787
212 (7, 0, [])
18206
213 (6, 0, [])
15371
214 (7, 0, [])
17478
215 (7, 0, [])
18578
216 (7, 0, [])
18682
217 (7, 0, [])
18776
218 (7, 0, [])
18770
219 (7, 0, [])
18718
220 (7, 0, [])
18686
221 (6, 0, [])
15490
222 (6, 0, [])
15765
223 (6, 0, [])
15708
224 (7, 0, [])
18510
225 (7, 0, [])
18794
226 (7, 0, [])
18742
227 (7, 0, [])
18763
228 (8, 0, [])
18747
229 (7, 0, [])
18750
230 (7, 0, [])
18848
231 (7, 0, [])
18949
232 (7, 0, [])
18995
233 (7, 0, [])
18919
234 (7, 0, [])
19024
235 (7, 0, [])
19089
236 (7, 0, [])
19057
237 (7, 0, [])
19099
238 (7, 0, [])
19128
239 (7, 0, [])
19038
240 (8, 0, [])
19071
241 (8, 0, [])
19123
242 (7, 0, [])
18790
243 (7, 0, [])
18479
244 (7, 0, [])
18529
245 (6, 0, [])
15283
246 (7, 0, [])
16558
247 (7, 0, [])
17255
248 (7, 0, [])
17712
249 (7, 0, [])
18681
250 (8, 0, [])
18889
251 (7, 0, [])
19117
252 (7, 0, [])
18883
253 (7, 0, [])
18443
254 (7, 0, [])
18334
255 (7, 0, [])
18097
256 (7, 0, [])
17993
257 (7, 0, [])
18157
258 (6, 0, [])
15274
259 (7, 0, [])
16450
260 (7, 0, [])
16786
261 (7, 0, [])
16954
262 (7, 0, [])
17526
263 (7, 0, [])
18024
264 (7, 0, [])
18334
265 (7, 0, [])
18692
266 (7, 0, [])
18642
267 (7, 0, [])
18756
268 (7, 0, [])
19063
269 (7, 0, [])
18925
270 (7, 0, [])
18684
271 (7, 0, [])
18462
272 (7, 0, [])
18179
273 (7, 0, [])
17773
274 (7, 0, [])
17911
275 (7, 0, [])
18213
276 (6, 0, [])
15274
277 (7, 0, [])
16590
278 (7, 0, [])
17590
279 (7, 0, [])
18390
280 (7, 0, [])
18938
281 (7, 0, [])
18930
282 (7, 0, [])
18736
283 (7, 0, [])
18764
284 (7, 0, [])
18784
285 (7, 0, [])
18758
286 (7, 0, [])
18848
287 (6, 0, [])
15359
288 (6, 0, [])
15278
289 (6, 0, [])
15218
290 (7, 0, [])
9235
291 (7, 0, [])
10132
292 (7, 0, [])
10926
293 (7, 0, [])
15756
294 (6, 0, [])
15322
295 (7, 0, [])
17319
296 (7, 0, [])
18529
297 (7, 0, [])
18786
298 (6, 0, [])
15547
299 (6, 0, [])
15541
300 (6, 0, [])
15444
301 (6, 0, [])
15420
302 (6, 0, [])
15365
303 (6, 0, [])
15349
304 (6, 0, [])
15289
305 (6, 0, [])
15352
306 (6, 0, [])
15339
307 (5, 0, [])
14898
308 (6, 0, [])
15147
309 (6, 0, [])
15313
310 (6, 0, [])
15485
311 (6, 0, [])
15581
312 (6, 0, [])
15743
313 (6, 0, [])
9914
314 (6, 0, [])
10022
315 (6, 0, [])
10318
316 (5, 0, [])
14803
317 (5, 0, [])
14904
318 (5, 0, [])
9462
319 (5, 0, [])
9564
320 (5, 0, [])
9872
321 (5, 0, [])
10222
322 (5, 0, [])
6242
323 (5, 0, [])
7992
324 (5, 0, [])
9613
325 (4, 0, [])
10317
326 (5, 0, [])
11519
327 (5, 0, [])
6897
328 (5, 0, [])
7127
329 (4, 0, [])
6467
330 (4, 0, [])
6367
331 (4, 0, [])
6524
332 (3, 0, [])
6725
333 (3, 0, [])
7121
334 (3, 0, [])
5467
335 (2, 0, [])
5518
336 (2, 0, [])
5198
337 (1, 0, [])
5200
338 (0, 5, ['aBaBaaBaaBaBaaBaBaaBaBaaBaaBaBaaBaBaaBaaBaBaaBaBaaBaBaaBaaBaBaaBaBaaBaBaaBaaBaBaaBaBaaBaBaaBaaBaBaaBaBaaBaaBaBaaBaBaaBaBaaBaaBaBaBABBABBABABBABABBABBABABBABBABABBABBABABBABABBABBABABBABBABABBABABBABBABABBABBABABBABBABABBABABBABBABABBABBABABBABBABABBABABBABBABABBABBABABBABBABABBABABBABBABABBABBABABBABABBABBABABBABBABABBABBABABBABABBABBAB', 'bababbabbababbababbababbabbababbababbabbababbababbababbabbababbababbababbabbababbababbababbabbababbababbabbababbababbababbabbababaBaaBaaBaBaaBaBaaBaaBaBaaBaaBaBaaBaaBaBaaBaBaaBaaBaBaaBaaBaBaaBaBaaBaaBaBaaBaaBaBaaBaaBaBaaBaBaaBaaBaBaaBaaBaBaaBaaBaBaaBaBaaBaaBaBaaBaaBaBaaBaaBaBaaBaBaaBaaBaBaaBaaBaBaaBaBaaBaaBaBaaBaaBaBaaBaaBaBaaBaBaaBaaBa', 'ABABAABAABABAABABAABABAABAABABAABABAABAABABAABABAABABAABAABABAABABAABABAABAABABAABABAABABAABAABABAABABAABAABABAABABAABABAABAABABABaBBaBBaBaBBaBaBBaBBaBaBBaBBaBaBBaBBaBaBBaBaBBaBBaBaBBaBBaBaBBaBaBBaBBaBaBBaBBaBaBBaBBaBaBBaBaBBaBBaBaBBaBBaBaBBaBBaBaBBaBaBBaBBaBaBBaBBaBaBBaBBaBaBBaBaBBaBBaBaBBaBBaBaBBaBaBBaBBaBaBBaBBaBaBBaBBaBaBBaBaBBaBBaB', 'aBaaBaaBaBaaBaBaaBaaBaBaaBaaBaBaaBaaBaBaaBaBaaBaaBaBaaBaaBaBaaBaBaaBaaBaBaaBaaBaBaaBaaBaBaaBaBaaBaaBaBaaBaaBaBaaBaaBaBaaBaBaaBaaBaBaaBaaBaBaaBaaBaBaaBaBaaBaaBaBaaBaaBaBaaBaBaaBaaBaBaaBaaBaBaaBaaBaBaaBaBaaBaaBabababbabbababbababbababbabbababbababbabbababbababbababbabbababbababbababbabbababbababbababbabbababbababbabbababbababbababbabbabab', 'abaabaababaababaabaababaabaababaabaababaababaabaababaabaababaababaabaababaabaababaabaababaababaabaababaabaababaabaababaababaabaababaabaababaabaababaababaabaababaabaababaababaabaababaabaababaabaababaababaabaabaBaBaBBaBBaBaBBaBaBBaBaBBaBBaBaBBaBaBBaBBaBaBBaBaBBaBaBBaBBaBaBBaBaBBaBaBBaBBaBaBBaBaBBaBaBBaBBaBaBBaBaBBaBBaBaBBaBaBBaBaBBaBBaBaB'])
5066
339 (1, 0, [])
5233
340 (2, 0, [])
5595
341 (2, 0, [])
6795
342 (3, 0, [])
9351
343 (3, 0, [])
13287
344 (3, 0, [])
13499
345 (3, 0, [])
14831
346 (4, 0, [])
16853
347 (4, 0, [])
17265
348 (4, 0, [])
16995
349 (4, 0, [])
16765
350 (4, 0, [])
16813
351 (4, 0, [])
16782
352 (4, 0, [])
17663
353 (4, 0, [])
17024
354 (5, 0, [])
17785
355 (4, 0, [])
17544
356 (5, 0, [])
17642
357 (5, 0, [])
17233
358 (5, 0, [])
17601
359 (5, 0, [])
17200
360 (5, 0, [])
17268
361 (5, 0, [])
17574
362 (5, 0, [])
17773
363 (5, 0, [])
17944
364 (5, 0, [])
17693
365 (5, 0, [])
17781
366 (5, 0, [])
17519
367 (5, 0, [])
17238
368 (5, 0, [])
17403
369 (5, 0, [])
17385
370 (5, 0, [])
17720
371 (5, 0, [])
17550
372 (5, 0, [])
18052
373 (6, 0, [])
18203
374 (6, 0, [])
18312
375 (6, 0, [])
18098
376 (6, 0, [])
18247
377 (5, 0, [])
17871
378 (6, 0, [])
17835
379 (5, 0, [])
17455
380 (6, 0, [])
17714
381 (6, 0, [])
17602
382 (6, 0, [])
17578
383 (6, 0, [])
17394
384 (6, 0, [])
17616
385 (6, 0, [])
17349
386 (6, 0, [])
17604
387 (6, 0, [])
17797
388 (6, 0, [])
17775
389 (6, 0, [])
18122
390 (6, 0, [])
18187
391 (6, 0, [])
18638
392 (6, 0, [])
18433
393 (5, 0, [])
18126
394 (5, 0, [])
18623
395 (5, 0, [])
18583
396 (6, 0, [])
18321
397 (6, 0, [])
18451
398 (6, 0, [])
18463
399 (6, 0, [])
18417
400 (5, 0, [])
18163
401 (5, 0, [])
18249
402 (5, 0, [])
18290
403 (6, 0, [])
17997
404 (6, 0, [])
18038
405 (6, 0, [])
18060
406 (6, 0, [])
18209
407 (5, 0, [])
17891
408 (6, 0, [])
18318
409 (5, 0, [])
17962
410 (6, 0, [])
17913
411 (6, 0, [])
17879
412 (6, 0, [])
17980
413 (6, 0, [])
17872
414 (6, 0, [])
18184
415 (7, 0, [])
18364
416 (6, 0, [])
18510
417 (6, 0, [])
18313
418 (6, 0, [])
18470
419 (7, 0, [])
18342
420 (6, 0, [])
18275
421 (6, 0, [])
18317
422 (6, 0, [])
18318
423 (6, 0, [])
18227
424 (6, 0, [])
18025
425 (7, 0, [])
17985
426 (7, 0, [])
18514
427 (6, 0, [])
18186
428 (6, 0, [])
18249
429 (6, 0, [])
18225
430 (6, 0, [])
18191
431 (6, 0, [])
17956
432 (6, 0, [])
18249
433 (7, 0, [])
18258
434 (6, 0, [])
18273
435 (6, 0, [])
18352
436 (6, 0, [])
18333
437 (6, 0, [])
18332
438 (6, 0, [])
18208
439 (6, 0, [])
18368
440 (7, 0, [])
18827
441 (6, 0, [])
18535
442 (7, 0, [])
18547
443 (7, 0, [])
18531
444 (6, 0, [])
18483
445 (6, 0, [])
18617
446 (6, 0, [])
18449
447 (6, 0, [])
18537
448 (6, 0, [])
18494
449 (6, 0, [])
18595
450 (6, 0, [])
18626
451 (6, 0, [])
18693
452 (6, 0, [])
18706
453 (6, 0, [])
18610
454 (6, 0, [])
18273
455 (6, 0, [])
18372
456 (6, 0, [])
18335
457 (6, 0, [])
18393
458 (6, 0, [])
18309
459 (6, 0, [])
18350
460 (6, 0, [])
18455
461 (6, 0, [])
18463
462 (7, 0, [])
18631
463 (6, 0, [])
18858
464 (6, 0, [])
18705
465 (5, 0, [])
15411
466 (6, 0, [])
17480
467 (5, 0, [])
15285
468 (6, 0, [])
17256
469 (6, 0, [])
18502
470 (7, 0, [])
18472
471 (6, 0, [])
18667
472 (7, 0, [])
18629
473 (6, 0, [])
18987
474 (7, 0, [])
18858
475 (7, 0, [])
18917
476 (7, 0, [])
18981
477 (7, 0, [])
18866
478 (7, 0, [])
18964
479 (7, 0, [])
19184
480 (7, 0, [])
19122
481 (7, 0, [])
19329
482 (7, 0, [])
19149
483 (6, 0, [])
17626
484 (6, 0, [])
17502
485 (6, 0, [])
17624
486 (6, 0, [])
17618
487 (7, 0, [])
18504
488 (7, 0, [])
18378
489 (6, 0, [])
17609
490 (6, 0, [])
17861
491 (6, 0, [])
18107
492 (6, 0, [])
18138
493 (6, 0, [])
17739
494 (7, 0, [])
18394
495 (7, 0, [])
18188
496 (7, 0, [])
18546
497 (7, 0, [])
18756
498 (6, 0, [])
18613
499 (7, 0, [])
19024
500 (6, 0, [])
17790
501 (6, 0, [])
17402
502 (7, 0, [])
18539
503 (6, 0, [])
17819
504 (7, 0, [])
18450
505 (7, 0, [])
18515
506 (7, 0, [])
18728
507 (6, 0, [])
18261
508 (7, 0, [])
19080
509 (6, 0, [])
17638
510 (6, 0, [])
17388
511 (7, 0, [])
19125
512 (7, 0, [])
19073
513 (7, 0, [])
18952
514 (6, 0, [])
17518
515 (7, 0, [])
18804
516 (6, 0, [])
16421
517 (7, 0, [])
18359
518 (7, 0, [])
18353
519 (7, 0, [])
18225
520 (7, 0, [])
18274
521 (6, 0, [])
17304
522 (7, 0, [])
18543
523 (7, 0, [])
18819
524 (7, 0, [])
18918
525 (7, 0, [])
19117
526 (7, 0, [])
19150
527 (7, 0, [])
19085
528 (7, 0, [])
19022
529 (7, 0, [])
18886
530 (7, 0, [])
18765
531 (8, 0, [])
18803
532 (8, 0, [])
18934
533 (8, 0, [])
18998
534 (7, 0, [])
18998
535 (7, 0, [])
19068
536 (7, 0, [])
19046
537 (7, 0, [])
19007
538 (8, 0, [])
19001
539 (8, 0, [])
18976
540 (7, 0, [])
19056
541 (8, 0, [])
18918
542 (8, 0, [])
18792
543 (7, 0, [])
18861
544 (7, 0, [])
18695
545 (6, 0, [])
15353
546 (6, 0, [])
15256
['bAbAbbAbbAbAbbAbAbbAbAbbAbbAbAbbAbAbbAbbAbAbbAbAbbAbAbbAbbAbAbbAbAbbAbAbbAbbAbAbbAbAbbAbAbbAbbAbAbbAbAbbAbbAbAbbAbAbbAbAbbAbbAbAbABAABAABABAABABAABAABABAABAABABAABAABABAABABAABAABABAABAABABAABABAABAABABAABAABABAABAABABAABABAABAABABAABAABABAABAABABAABABAABAABABAABAABABAABAABABAABABAABAABABAABAABABAABABAABAABABAABAABABAABAABABAABABAABAABA', 'BABBABBABABBABABBABBABABBABBABABBABBABABBABABBABBABABBABBABABBABABBABBABABBABBABABBABBABABBABABBABBABABBABBABABBABBABABBABABBABBABABBABBABABBABBABABBABABBABBABABBABBABABBABABBABBABABBABBABABBABBABABBABABBABBABaBaBaaBaaBaBaaBaBaaBaBaaBaaBaBaaBaBaaBaaBaBaaBaBaaBaBaaBaaBaBaaBaBaaBaBaaBaaBaBaaBaBaaBaBaaBaaBaBaaBaBaaBaaBaBaaBaBaaBaBaaBaaBaBa', 'BaaBaaBaBaaBaBaaBaaBaBaaBaaBaBaaBaaBaBaaBaBaaBaaBaBaaBaaBaBaaBaBaaBaaBaBaaBaaBaBaaBaaBaBaaBaBaaBaaBaBaaBaaBaBaaBaaBaBaaBaBaaBaaBaBaaBaaBaBaaBaaBaBaaBaBaaBaaBaBaaBaaBaBaaBaBaaBaaBaBaaBaaBaBaaBaaBaBaaBaBaaBaaBabababbabbababbababbababbabbababbababbabbababbababbababbabbababbababbababbabbababbababbababbabbababbababbabbababbababbababbabbababa'])