39364
24200
10 (4, 0, [])
26175
11 (4, 0, [])
27330
12 (4, 0, [])
26491
13 (4, 0, [])
25668
14 (4, 0, [])
24720
15 (5, 0, [])
24309
16 (5, 0, [])
23750
17 (4, 0, [])
38255
18 (5, 0, [])
20064
19 (5, 0, [])
32156
20 (5, 0, [])
35415
21 (5, 0, [])
20619
22 (5, 0, [])
33459
23 (5, 0, [])
33844
24 (5, 0, [])
33148
25 (5, 0, [])
32631
26 (5, 0, [])
31807
27 (5, 0, [])
30837
28 (5, 0, [])
30452
29 (5, 0, [])
29636
30 (5, 0, [])
28935
31 (5, 0, [])
28402
32 (6, 0, [])
20034
33 (6, 0, [])
23048
34 (5, 0, [])
23608
35 (6, 0, [])
24709
36 (6, 0, [])
27620
37 (6, 0, [])
22412
38 (6, 0, [])
23705
39 (6, 0, [])
27377
40 (6, 0, [])
20814
41 (5, 0, [])
35239
42 (6, 0, [])
25728
43 (6, 0, [])
25339
44 (6, 0, [])
25295
45 (6, 0, [])
24778
46 (6, 0, [])
24312
47 (6, 0, [])
23965
48 (6, 0, [])
23378
49 (6, 0, [])
22662
50 (6, 0, [])
22132
51 (6, 0, [])
21249
52 (6, 0, [])
20523
53 (6, 0, [])
35433
54 (6, 0, [])
20585
55 (6, 0, [])
33700
56 (6, 0, [])
35805
57 (6, 0, [])
20158
58 (6, 0, [])
33527
59 (6, 0, [])
34758
60 (6, 0, [])
34461
61 (6, 0, [])
33728
62 (6, 0, [])
33369
63 (6, 0, [])
33067
64 (6, 0, [])
32537
65 (6, 0, [])
31704
66 (6, 0, [])
31137
67 (7, 0, [])
24393
68 (7, 0, [])
21301
69 (6, 0, [])
28034
70 (6, 0, [])
28741
71 (6, 0, [])
28277
72 (7, 0, [])
20154
73 (7, 0, [])
23854
74 (7, 0, [])
22326
75 (6, 0, [])
24357
76 (7, 0, [])
25797
77 (7, 0, [])
20891
78 (7, 0, [])
25736
79 (7, 0, [])
22284
80 (7, 0, [])
24745
81 (7, 0, [])
20892
82 (6, 0, [])
37704
83 (7, 0, [])
21592
84 (7, 0, [])
21482
85 (7, 0, [])
24739
86 (7, 0, [])
26060
87 (7, 0, [])
25753
88 (7, 0, [])
25650
89 (7, 0, [])
26003
90 (7, 0, [])
26308
91 (7, 0, [])
26251
92 (7, 0, [])
26117
93 (7, 0, [])
25677
94 (7, 0, [])
25479
95 (7, 0, [])
25093
96 (7, 0, [])
24623
97 (7, 0, [])
23886
98 (7, 0, [])
23302
99 (6, 0, [])
36050
100 (7, 0, [])
25461
101 (7, 0, [])
24434
102 (7, 0, [])
24820
103 (7, 0, [])
24373
104 (7, 0, [])
22942
105 (7, 0, [])
21460
106 (7, 0, [])
21617
107 (7, 0, [])
21965
108 (7, 0, [])
21747
109 (7, 0, [])
21713
110 (7, 0, [])
21602
111 (7, 0, [])
21049
112 (7, 0, [])
20870
113 (7, 0, [])
20527
114 (7, 0, [])
35640
115 (7, 0, [])
21186
116 (7, 0, [])
34909
117 (7, 0, [])
20835
118 (7, 0, [])
34693
119 (7, 0, [])
20082
120 (7, 0, [])
33659
121 (7, 0, [])
35010
122 (7, 0, [])
35208
123 (7, 0, [])
35028
124 (8, 0, [])
30533
125 (7, 0, [])
33687
126 (7, 0, [])
33342
127 (7, 0, [])
32642
128 (7, 0, [])
32215
129 (7, 0, [])
31902
130 (7, 0, [])
31918
131 (7, 0, [])
31819
132 (7, 0, [])
31647
133 (7, 0, [])
31056
134 (7, 0, [])
30558
135 (7, 0, [])
30069
136 (8, 0, [])
22686
137 (7, 0, [])
28220
138 (7, 0, [])
28888
139 (7, 0, [])
29130
140 (7, 0, [])
29344
141 (7, 0, [])
29087
142 (7, 0, [])
28685
143 (7, 0, [])
28357
144 (8, 0, [])
20315
145 (8, 0, [])
23511
146 (8, 0, [])
21265
147 (7, 0, [])
22702
148 (7, 0, [])
25263
149 (8, 0, [])
26196
150 (7, 0, [])
23257
151 (8, 0, [])
24819
152 (8, 0, [])
20262
153 (8, 0, [])
25215
154 (8, 0, [])
22074
155 (7, 0, [])
38563
156 (8, 0, [])
22486
157 (7, 0, [])
37688
158 (8, 0, [])
21492
159 (8, 0, [])
21749
160 (8, 0, [])
25129
161 (8, 0, [])
27232
162 (7, 0, [])
39751
163 (8, 0, [])
22210
164 (8, 0, [])
20059
165 (8, 0, [])
22819
166 (8, 0, [])
24533
167 (7, 0, [])
37812
168 (7, 0, [])
38066
169 (7, 0, [])
38671
170 (7, 0, [])
39010
171 (7, 0, [])
38315
172 (8, 0, [])
20806
173 (8, 0, [])
34790
174 (8, 0, [])
23451
175 (8, 0, [])
22687
176 (8, 0, [])
21995
177 (8, 0, [])
21595
178 (8, 0, [])
21150
179 (8, 0, [])
20817
180 (8, 0, [])
21395
181 (7, 0, [])
35346
182 (8, 0, [])
23907
183 (8, 0, [])
22113
184 (8, 0, [])
22109
185 (8, 0, [])
22215
186 (8, 0, [])
21392
187 (8, 0, [])
20591
188 (8, 0, [])
35847
189 (8, 0, [])
21502
190 (8, 0, [])
35420
191 (8, 0, [])
21781
192 (8, 0, [])
35658
193 (8, 0, [])
21498
194 (8, 0, [])
35528
195 (8, 0, [])
21601
196 (8, 0, [])
35469
197 (8, 0, [])
21991
198 (7, 0, [])
34020
199 (8, 0, [])
21841
200 (8, 0, [])
35451
201 (8, 0, [])
21478
202 (8, 0, [])
34928
203 (8, 0, [])
35723
204 (8, 0, [])
34991
205 (8, 0, [])
34301
206 (8, 0, [])
33973
207 (8, 0, [])
33994
208 (8, 0, [])
34249
209 (8, 0, [])
34274
210 (8, 0, [])
34474
211 (8, 0, [])
34714
212 (8, 0, [])
34688
213 (8, 0, [])
34734
214 (8, 0, [])
35234
215 (8, 0, [])
35333
216 (8, 0, [])
34815
217 (8, 0, [])
33868
218 (8, 0, [])
33420
219 (8, 0, [])
33110
220 (8, 0, [])
33048
221 (8, 0, [])
33190
222 (8, 0, [])
33604
223 (8, 0, [])
33595
224 (8, 0, [])
33646
225 (8, 0, [])
33244
226 (8, 0, [])
32866
227 (8, 0, [])
32670
228 (8, 0, [])
32445
229 (8, 0, [])
32049
230 (8, 0, [])
31696
231 (8, 0, [])
31474
232 (8, 0, [])
31261
233 (8, 0, [])
30628
234 (8, 0, [])
30467
235 (8, 0, [])
30636
236 (8, 0, [])
30563
237 (8, 0, [])
30894
238 (8, 0, [])
31488
239 (7, 0, [])
29472
240 (8, 0, [])
31659
241 (8, 0, [])
32099
242 (8, 0, [])
32380
243 (8, 0, [])
32024
244 (8, 0, [])
31744
245 (8, 0, [])
31172
246 (8, 0, [])
30175
247 (8, 0, [])
29465
248 (9, 0, [])
22151
249 (8, 0, [])
28216
250 (8, 0, [])
28428
251 (8, 0, [])
28263
252 (8, 0, [])
28122
253 (8, 0, [])
27786
254 (8, 0, [])
27629
255 (8, 0, [])
28174
256 (8, 0, [])
28164
257 (8, 0, [])
27987
258 (8, 0, [])
28515
259 (8, 0, [])
28783
260 (8, 0, [])
28221
261 (8, 0, [])
27428
262 (8, 0, [])
27046
263 (8, 0, [])
26849
264 (8, 0, [])
26734
265 (8, 0, [])
27079
266 (8, 0, [])
27084
267 (8, 0, [])
26621
268 (8, 0, [])
26377
269 (8, 0, [])
26403
270 (8, 0, [])
26454
271 (8, 0, [])
26643
272 (9, 0, [])
27989
273 (8, 0, [])
24879
274 (8, 0, [])
25674
275 (8, 0, [])
25568
276 (8, 0, [])
25513
277 (8, 0, [])
25337
278 (8, 0, [])
25175
279 (8, 0, [])
24992
280 (8, 0, [])
24845
281 (8, 0, [])
24809
282 (8, 0, [])
25077
283 (8, 0, [])
25078
284 (9, 0, [])
25468
285 (9, 0, [])
27875
286 (9, 0, [])
22949
287 (8, 0, [])
38588
288 (8, 0, [])
20808
289 (8, 0, [])
22717
290 (8, 0, [])
24285
291 (8, 0, [])
24486
292 (8, 0, [])
24379
293 (8, 0, [])
23961
294 (8, 0, [])
23836
295 (9, 0, [])
23827
296 (9, 0, [])
25431
297 (8, 0, [])
21930
298 (9, 0, [])
21223
299 (9, 0, [])
20769
300 (9, 0, [])
24119
301 (8, 0, [])
39185
302 (9, 0, [])
21821
303 (8, 0, [])
34753
304 (9, 0, [])
24509
305 (8, 0, [])
36428
306 (9, 0, [])
26082
307 (8, 0, [])
37490
308 (8, 0, [])
37062
309 (8, 0, [])
37102
310 (8, 0, [])
37297
311 (8, 0, [])
37408
312 (9, 0, [])
20118
313 (8, 0, [])
34176
314 (8, 0, [])
36109
315 (9, 0, [])
25111
316 (9, 0, [])
23216
317 (8, 0, [])
36480
318 (9, 0, [])
26103
319 (9, 0, [])
24402
320 (9, 0, [])
23878
321 (8, 0, [])
36876
322 (9, 0, [])
25430
323 (9, 0, [])
22930
324 (9, 0, [])
22396
325 (9, 0, [])
21897
326 (9, 0, [])
21209
327 (9, 0, [])
20548
328 (9, 0, [])
20211
329 (9, 0, [])
20492
330 (9, 0, [])
20399
331 (8, 0, [])
33559
332 (9, 0, [])
21681
333 (9, 0, [])
20470
334 (8, 0, [])
34760
335 (8, 0, [])
35172
336 (9, 0, [])
24050
337 (8, 0, [])
35618
338 (8, 0, [])
35955
339 (8, 0, [])
36089
340 (9, 0, [])
25650
341 (8, 0, [])
37705
342 (8, 0, [])
37412
343 (9, 0, [])
26405
344 (9, 0, [])
23497
345 (8, 0, [])
35088
346 (9, 0, [])
23724
347 (9, 0, [])
21897
348 (9, 0, [])
21118
349 (9, 0, [])
35971
350 (9, 0, [])
21827
351 (9, 0, [])
35514
352 (9, 0, [])
21371
353 (9, 0, [])
35374
354 (9, 0, [])
20828
355 (8, 0, [])
31819
356 (9, 0, [])
35485
357 (9, 0, [])
20969
358 (9, 0, [])
20060
359 (9, 0, [])
35986
360 (9, 0, [])
21680
361 (9, 0, [])
35123
362 (8, 0, [])
32774
363 (9, 0, [])
21235
364 (9, 0, [])
35856
365 (9, 0, [])
22744
366 (9, 0, [])
21058
367 (9, 0, [])
35840
368 (9, 0, [])
21289
369 (9, 0, [])
34860
370 (9, 0, [])
20844
371 (9, 0, [])
34665
372 (8, 0, [])
31570
373 (9, 0, [])
34822
374 (9, 0, [])
35198
375 (9, 0, [])
20344
376 (9, 0, [])
34813
377 (9, 0, [])
20674
378 (9, 0, [])
34106
379 (8, 0, [])
31271
380 (9, 0, [])
34593
381 (9, 0, [])
35567
382 (9, 0, [])
20204
383 (9, 0, [])
33849
384 (9, 0, [])
35519
385 (9, 0, [])
35420
386 (9, 0, [])
35336
387 (9, 0, [])
35182
388 (9, 0, [])
34528
389 (9, 0, [])
34235
390 (9, 0, [])
34057
391 (9, 0, [])
33977
392 (9, 0, [])
34271
393 (9, 0, [])
34359
394 (9, 0, [])
34644
395 (9, 0, [])
34718
396 (9, 0, [])
34189
397 (9, 0, [])
34021
398 (9, 0, [])
34370
399 (9, 0, [])
34851
400 (9, 0, [])
34823
401 (9, 0, [])
34311
402 (9, 0, [])
33901
403 (8, 0, [])
30786
404 (9, 0, [])
34434
405 (9, 0, [])
35638
406 (9, 0, [])
20017
407 (8, 0, [])
31313
408 (8, 0, [])
31299
409 (8, 0, [])
31384
410 (9, 0, [])
35235
411 (9, 0, [])
20397
412 (9, 0, [])
34672
413 (8, 0, [])
31722
414 (9, 0, [])
34489
415 (9, 0, [])
34966
416 (9, 0, [])
35920
417 (9, 0, [])
35701
418 (9, 0, [])
34906
419 (9, 0, [])
34307
420 (9, 0, [])
33662
421 (9, 0, [])
32994
422 (9, 0, [])
33145
423 (9, 0, [])
33456
424 (9, 0, [])
32814
425 (9, 0, [])
32008
426 (9, 0, [])
32087
427 (9, 0, [])
32515
428 (9, 0, [])
32428
429 (9, 0, [])
31636
430 (9, 0, [])
30616
431 (9, 0, [])
30563
432 (9, 0, [])
31356
433 (9, 0, [])
32550
434 (9, 0, [])
33189
435 (9, 0, [])
33323
436 (9, 0, [])
32612
437 (8, 0, [])
28855
438 (9, 0, [])
31508
439 (9, 0, [])
32867
440 (9, 0, [])
33438
441 (9, 0, [])
33066
442 (9, 0, [])
31662
443 (9, 0, [])
30734
444 (9, 0, [])
30429
445 (9, 0, [])
30258
446 (9, 0, [])
29880
447 (9, 0, [])
29456
448 (9, 0, [])
28975
449 (9, 0, [])
28964
450 (9, 0, [])
29177
451 (9, 0, [])
29478
452 (9, 0, [])
29479
453 (9, 0, [])
28757
454 (9, 0, [])
27949
455 (9, 0, [])
27934
456 (9, 0, [])
28583
457 (9, 0, [])
29276
458 (9, 0, [])
28736
459 (9, 0, [])
28149
460 (9, 0, [])
27939
461 (9, 0, [])
27848
462 (9, 0, [])
28304
463 (9, 0, [])
28769
464 (9, 0, [])
28904
465 (9, 0, [])
28717
466 (9, 0, [])
28919
467 (9, 0, [])
29383
468 (9, 0, [])
29534
469 (9, 0, [])
29113
470 (9, 0, [])
28676
471 (9, 0, [])
28320
472 (9, 0, [])
27968
473 (9, 0, [])
28248
474 (9, 0, [])
28768
475 (9, 0, [])
28935
476 (9, 0, [])
28365
477 (9, 0, [])
27624
478 (8, 0, [])
25999
479 (9, 0, [])
27180
480 (9, 0, [])
27576
481 (9, 0, [])
27818
482 (9, 0, [])
27809
483 (9, 0, [])
27536
484 (9, 0, [])
27000
485 (9, 0, [])
26408
486 (9, 0, [])
26329
487 (9, 0, [])
26077
488 (9, 0, [])
25800
489 (9, 0, [])
25684
490 (9, 0, [])
25842
491 (9, 0, [])
25854
492 (9, 0, [])
25756
493 (9, 0, [])
25292
494 (9, 0, [])
25245
495 (9, 0, [])
25271
496 (9, 0, [])
25825
497 (9, 0, [])
26104
498 (9, 0, [])
25942
499 (9, 0, [])
25259
500 (9, 0, [])
24846
501 (9, 0, [])
25050
502 (9, 0, [])
25377
503 (9, 0, [])
25616
504 (9, 0, [])
25943
505 (9, 0, [])
25704
506 (9, 0, [])
25550
507 (9, 0, [])
25625
508 (9, 0, [])
25919
509 (9, 0, [])
26202
510 (9, 0, [])
26381
511 (9, 0, [])
26233
512 (9, 0, [])
25878
513 (9, 0, [])
25532
514 (9, 0, [])
26046
515 (9, 0, [])
26573
516 (9, 0, [])
26546
517 (9, 0, [])
25762
518 (9, 0, [])
25045
519 (9, 0, [])
24340
520 (9, 0, [])
24135
521 (9, 0, [])
24486
522 (9, 0, [])
24760
523 (9, 0, [])
24471
524 (9, 0, [])
24027
525 (9, 0, [])
23923
526 (9, 0, [])
24379
527 (9, 0, [])
24326
528 (9, 0, [])
24311
529 (9, 0, [])
24273
530 (9, 0, [])
24483
531 (9, 0, [])
24880
532 (9, 0, [])
25421
533 (9, 0, [])
25310
534 (9, 0, [])
24634
535 (9, 0, [])
24237
536 (9, 0, [])
24565
537 (9, 0, [])
24790
538 (9, 0, [])
25129
539 (9, 0, [])
25136
540 (9, 0, [])
24739
541 (9, 0, [])
24112
542 (9, 0, [])
23962
543 (9, 0, [])
24138
544 (10, 0, [])
24059
545 (9, 0, [])
38985
546 (9, 0, [])
21897
547 (9, 0, [])
23248
548 (9, 0, [])
22997
549 (9, 0, [])
23256
550 (10, 0, [])
22815
551 (9, 0, [])
37381
552 (10, 0, [])
20541
553 (9, 0, [])
34494
554 (9, 0, [])
36440
555 (9, 0, [])
37997
556 (9, 0, [])
39170
557 (10, 0, [])
22001
558 (10, 0, [])
20161
559 (9, 0, [])
36330
560 (9, 0, [])
36851
561 (9, 0, [])
36629
562 (9, 0, [])
36748
563 (9, 0, [])
37363
564 (9, 0, [])
37665
565 (9, 0, [])
37553
566 (9, 0, [])
37938
567 (9, 0, [])
38022
568 (9, 0, [])
37778
569 (9, 0, [])
38267
570 (9, 0, [])
38328
571 (9, 0, [])
38373
572 (10, 0, [])
21008
573 (9, 0, [])
34831
574 (9, 0, [])
37278
575 (9, 0, [])
37753
576 (9, 0, [])
37870
577 (8, 0, [])
38634
578 (9, 0, [])
39757
579 (9, 0, [])
21006
580 (9, 0, [])
21778
581 (9, 0, [])
22524
582 (10, 0, [])
21710
583 (9, 0, [])
35143
584 (9, 0, [])
36508
585 (9, 0, [])
37302
586 (9, 0, [])
37816
587 (9, 0, [])
38395
588 (9, 0, [])
38969
589 (9, 0, [])
38569
590 (9, 0, [])
38552
591 (10, 0, [])
20496
592 (10, 0, [])
33094
593 (9, 0, [])
32580
594 (9, 0, [])
32707
595 (9, 0, [])
33023
596 (10, 0, [])
21313
597 (10, 0, [])
20268
598 (10, 0, [])
20372
599 (9, 0, [])
32871
600 (10, 0, [])
20001
601 (9, 0, [])
31614
602 (9, 0, [])
32105
603 (10, 0, [])
20608
604 (10, 0, [])
35689
605 (9, 0, [])
33336
606 (9, 0, [])
33075
607 (9, 0, [])
33242
608 (10, 0, [])
21554
609 (10, 0, [])
20359
610 (10, 0, [])
20140
611 (9, 0, [])
33446
612 (10, 0, [])
21473
613 (10, 0, [])
35709
614 (9, 0, [])
34087
615 (9, 0, [])
35017
616 (9, 0, [])
34177
617 (9, 0, [])
33981
618 (9, 0, [])
33614
619 (9, 0, [])
32936
620 (9, 0, [])
33872
621 (9, 0, [])
35421
622 (10, 0, [])
24542
623 (10, 0, [])
22375
624 (10, 0, [])
21103
625 (9, 0, [])
33528
626 (9, 0, [])
32823
627 (10, 0, [])
21265
628 (9, 0, [])
33453
629 (10, 0, [])
21847
630 (10, 0, [])
20512
631 (9, 0, [])
34054
632 (10, 0, [])
22324
633 (10, 0, [])
35796
634 (9, 0, [])
33005
635 (9, 0, [])
33484
636 (10, 0, [])
21507
637 (10, 0, [])
20151
638 (10, 0, [])
21026
639 (9, 0, [])
34754
640 (10, 0, [])
22843
641 (10, 0, [])
35981
642 (10, 0, [])
21000
643 (9, 0, [])
32417
644 (10, 0, [])
20151
645 (10, 0, [])
34589
646 (9, 0, [])
33015
647 (9, 0, [])
32991
648 (9, 0, [])
33580
649 (9, 0, [])
33694
650 (10, 0, [])
22040
651 (10, 0, [])
20953
652 (9, 0, [])
34372
653 (10, 0, [])
23059
654 (10, 0, [])
21191
655 (10, 0, [])
20394
656 (10, 0, [])
35872
657 (10, 0, [])
21923
658 (10, 0, [])
35472
659 (9, 0, [])
32675
660 (10, 0, [])
20082
661 (10, 0, [])
33721
662 (10, 0, [])
35845
663 (10, 0, [])
20858
664 (10, 0, [])
34498
665 (10, 0, [])
20275
666 (10, 0, [])
34008
667 (10, 0, [])
35455
668 (10, 0, [])
35273
669 (9, 0, [])
31345
670 (10, 0, [])
34299
671 (10, 0, [])
34253
672 (10, 0, [])
34392
673 (9, 0, [])
30777
674 (10, 0, [])
33228
675 (9, 0, [])
30442
676 (9, 0, [])
30500
677 (9, 0, [])
31178
678 (9, 0, [])
32097
679 (9, 0, [])
32905
680 (10, 0, [])
20602
681 (10, 0, [])
34031
682 (10, 0, [])
35037
683 (9, 0, [])
31331
684 (10, 0, [])
34573
685 (10, 0, [])
35933
686 (10, 0, [])
20444
687 (10, 0, [])
33949
688 (10, 0, [])
35158
689 (10, 0, [])
35045
690 (10, 0, [])
34458
691 (9, 0, [])
30371
692 (10, 0, [])
33758
693 (9, 0, [])
31250
694 (10, 0, [])
34634
695 (9, 0, [])
32469
696 (9, 0, [])
33154
697 (9, 0, [])
33712
698 (10, 0, [])
22126
699 (10, 0, [])
20470
700 (10, 0, [])
35671
701 (10, 0, [])
21232
702 (10, 0, [])
34636
703 (10, 0, [])
20597
704 (10, 0, [])
34729
705 (10, 0, [])
20110
706 (10, 0, [])
33629
707 (10, 0, [])
35499
708 (10, 0, [])
20435
709 (9, 0, [])
32824
710 (9, 0, [])
31960
711 (10, 0, [])
35639
712 (10, 0, [])
20511
713 (10, 0, [])
34467
714 (10, 0, [])
35779
715 (10, 0, [])
35223
716 (10, 0, [])
34267
717 (9, 0, [])
29765
718 (10, 0, [])
32379
719 (10, 0, [])
33323
720 (10, 0, [])
33997
721 (10, 0, [])
34516
722 (10, 0, [])
34179
723 (10, 0, [])
33465
724 (10, 0, [])
32783
725 (9, 0, [])
29677
726 (10, 0, [])
32674
727 (10, 0, [])
34149
728 (10, 0, [])
35149
729 (10, 0, [])
35230
730 (10, 0, [])
34333
731 (10, 0, [])
32868
732 (10, 0, [])
32025
733 (10, 0, [])
31838
734 (10, 0, [])
31621
735 (10, 0, [])
31783
736 (10, 0, [])
32705
737 (10, 0, [])
33010
738 (10, 0, [])
32527
739 (10, 0, [])
32205
740 (10, 0, [])
31889
741 (10, 0, [])
31465
742 (10, 0, [])
30985
743 (9, 0, [])
29395
744 (9, 0, [])
29427
745 (9, 0, [])
29706
746 (10, 0, [])
32630
747 (10, 0, [])
33508
748 (10, 0, [])
33508
749 (10, 0, [])
33211
750 (10, 0, [])
32864
751 (10, 0, [])
32110
752 (10, 0, [])
32060
753 (10, 0, [])
32418
754 (10, 0, [])
32860
755 (10, 0, [])
32996
756 (10, 0, [])
32930
757 (10, 0, [])
33130
758 (9, 0, [])
30185
759 (10, 0, [])
33217
760 (10, 0, [])
33700
761 (10, 0, [])
33596
762 (10, 0, [])
33450
763 (10, 0, [])
32769
764 (10, 0, [])
32191
765 (9, 0, [])
28868
766 (10, 0, [])
30837
767 (10, 0, [])
31320
768 (10, 0, [])
31839
769 (10, 0, [])
32308
770 (10, 0, [])
32317
771 (10, 0, [])
32004
772 (10, 0, [])
31698
773 (10, 0, [])
31324
774 (10, 0, [])
30868
775 (9, 0, [])
28574
776 (10, 0, [])
30834
777 (10, 0, [])
31708
778 (10, 0, [])
31852
779 (10, 0, [])
31793
780 (10, 0, [])
30936
781 (10, 0, [])
30040
782 (10, 0, [])
29378
783 (10, 0, [])
29414
784 (10, 0, [])
29013
785 (9, 0, [])
27176
786 (10, 0, [])
28509
787 (10, 0, [])
28758
788 (10, 0, [])
29442
789 (10, 0, [])
29925
790 (10, 0, [])
30216
791 (10, 0, [])
30276
792 (10, 0, [])
29778
793 (10, 0, [])
29961
794 (10, 0, [])
30363
795 (10, 0, [])
30244
796 (10, 0, [])
29829
797 (10, 0, [])
29666
798 (10, 0, [])
29611
799 (9, 0, [])
27385
800 (10, 0, [])
29185
801 (10, 0, [])
29899
802 (10, 0, [])
30286
803 (10, 0, [])
30648
804 (10, 0, [])
30879
805 (10, 0, [])
31082
806 (9, 0, [])
28987
807 (10, 0, [])
31399
808 (10, 0, [])
31998
809 (9, 0, [])
29027
810 (10, 0, [])
31151
811 (10, 0, [])
30923
812 (10, 0, [])
30332
813 (9, 0, [])
27102
814 (10, 0, [])
28604
815 (9, 0, [])
27462
816 (9, 0, [])
28117
817 (9, 0, [])
28668
818 (9, 0, [])
28530
819 (9, 0, [])
28980
820 (10, 0, [])
31589
821 (10, 0, [])
32042
822 (10, 0, [])
31594
823 (9, 0, [])
28906
824 (10, 0, [])
30717
825 (10, 0, [])
30948
826 (9, 0, [])
28109
827 (10, 0, [])
29819
828 (10, 0, [])
29474
829 (10, 0, [])
29332
830 (10, 0, [])
29279
831 (10, 0, [])
29225
832 (10, 0, [])
29317
833 (9, 0, [])
27722
834 (10, 0, [])
29712
835 (10, 0, [])
30079
836 (10, 0, [])
29477
837 (10, 0, [])
29137
838 (10, 0, [])
28302
839 (10, 0, [])
27418
840 (10, 0, [])
27076
841 (10, 0, [])
26698
842 (10, 0, [])
26634
843 (10, 0, [])
26847
844 (10, 0, [])
27242
845 (10, 0, [])
27686
846 (10, 0, [])
27438
847 (10, 0, [])
27139
848 (10, 0, [])
27409
849 (10, 0, [])
27617
850 (10, 0, [])
27570
851 (10, 0, [])
27213
852 (10, 0, [])
26849
853 (10, 0, [])
26493
854 (10, 0, [])
26285
855 (10, 0, [])
26239
856 (10, 0, [])
26439
857 (9, 0, [])
25584
858 (10, 0, [])
26598
859 (10, 0, [])
26972
860 (10, 0, [])
27312
861 (10, 0, [])
27661
862 (10, 0, [])
27616
863 (10, 0, [])
27861
864 (10, 0, [])
28255
865 (10, 0, [])
28379
866 (10, 0, [])
28839
867 (10, 0, [])
29144
868 (10, 0, [])
28802
869 (10, 0, [])
27839
870 (10, 0, [])
27292
871 (10, 0, [])
27115
872 (10, 0, [])
26901
873 (10, 0, [])
27158
874 (9, 0, [])
26786
875 (10, 0, [])
28191
876 (10, 0, [])
28997
877 (10, 0, [])
29437
878 (10, 0, [])
29748
879 (10, 0, [])
29109
880 (10, 0, [])
27951
881 (10, 0, [])
27080
882 (10, 0, [])
26423
883 (10, 0, [])
26164
884 (10, 0, [])
26034
885 (10, 0, [])
25805
886 (10, 0, [])
25730
887 (10, 0, [])
26003
888 (10, 0, [])
26621
889 (10, 0, [])
26892
890 (10, 0, [])
26997
891 (10, 0, [])
26827
892 (10, 0, [])
26731
893 (10, 0, [])
26306
894 (10, 0, [])
26214
895 (10, 0, [])
26291
896 (10, 0, [])
26022
897 (10, 0, [])
25496
898 (10, 0, [])
25465
899 (10, 0, [])
25772
900 (10, 0, [])
25906
901 (9, 0, [])
24782
902 (10, 0, [])
25168
903 (10, 0, [])
25283
904 (10, 0, [])
25402
905 (10, 0, [])
26168
906 (10, 0, [])
26244
907 (10, 0, [])
26310
908 (10, 0, [])
26073
909 (10, 0, [])
25714
910 (10, 0, [])
25532
911 (10, 0, [])
25146
912 (10, 0, [])
24624
913 (10, 0, [])
24373
914 (10, 0, [])
24501
915 (9, 0, [])
24384
916 (10, 0, [])
24920
917 (10, 0, [])
25489
918 (10, 0, [])
25976
919 (10, 0, [])
26228
920 (10, 0, [])
26027
921 (10, 0, [])
25488
922 (10, 0, [])
25115
923 (10, 0, [])
25055
924 (10, 0, [])
25233
925 (10, 0, [])
25306
926 (10, 0, [])
24808
927 (10, 0, [])
24398
928 (10, 0, [])
24756
929 (11, 0, [])
25231
930 (10, 0, [])
20801
931 (10, 0, [])
22644
932 (10, 0, [])
23821
933 (10, 0, [])
24090
934 (10, 0, [])
24393
935 (10, 0, [])
24753
936 (10, 0, [])
24929
937 (10, 0, [])
24558
938 (10, 0, [])
24509
939 (10, 0, [])
24929
940 (10, 0, [])
25280
941 (10, 0, [])
25540
942 (9, 0, [])
24894
943 (10, 0, [])
24962
944 (10, 0, [])
24446
945 (10, 0, [])
24371
946 (10, 0, [])
24806
947 (10, 0, [])
24893
948 (10, 0, [])
24793
949 (10, 0, [])
24851
950 (10, 0, [])
24754
951 (10, 0, [])
24594
952 (10, 0, [])
24294
953 (10, 0, [])
24198
954 (10, 0, [])
24328
955 (10, 0, [])
24199
956 (10, 0, [])
24267
957 (10, 0, [])
24033
958 (10, 0, [])
24035
959 (10, 0, [])
24690
960 (10, 0, [])
24774
961 (10, 0, [])
24504
962 (10, 0, [])
24240
963 (10, 0, [])
24182
964 (10, 0, [])
24155
965 (10, 0, [])
23991
966 (10, 0, [])
23888
967 (10, 0, [])
23916
968 (10, 0, [])
23972
969 (10, 0, [])
24077
970 (10, 0, [])
24073
971 (10, 0, [])
23986
972 (10, 0, [])
24040
973 (9, 0, [])
23719
974 (10, 0, [])
24062
975 (10, 0, [])
24412
976 (10, 0, [])
24288
977 (10, 0, [])
23913
978 (10, 0, [])
23613
979 (10, 0, [])
23326
980 (10, 0, [])
23225
981 (10, 0, [])
23060
982 (10, 0, [])
23725
983 (9, 0, [])
23874
984 (9, 0, [])
23990
985 (9, 0, [])
24526
986 (9, 0, [])
24555
987 (9, 0, [])
24312
988 (10, 0, [])
24604
989 (10, 0, [])
24467
990 (10, 0, [])
24407
991 (10, 0, [])
23952
992 (10, 0, [])
23417
993 (10, 0, [])
22629
994 (10, 0, [])
22094
995 (10, 0, [])
21245
996 (10, 0, [])
20854
997 (9, 0, [])
20740
998 (10, 0, [])
20558
999 (10, 0, [])
21595
1000 (10, 0, [])
22562
1001 (10, 0, [])
23611
1002 (10, 0, [])
23640
1003 (10, 0, [])
23788
1004 (10, 0, [])
23766
1005 (10, 0, [])
23525
1006 (10, 0, [])
23128
1007 (10, 0, [])
22127
1008 (10, 0, [])
20849
1009 (10, 0, [])
20899
1010 (10, 0, [])
21213
1011 (10, 0, [])
21190
1012 (10, 0, [])
21161
1013 (10, 0, [])
20925
1014 (10, 0, [])
21677
1015 (10, 0, [])
22842
1016 (10, 0, [])
24089
1017 (10, 0, [])
24589
1018 (11, 0, [])
24451
1019 (10, 0, [])
38726
1020 (10, 0, [])
20240
1021 (10, 0, [])
39809
1022 (10, 0, [])
39692
1023 (10, 0, [])
39116
1024 (10, 0, [])
38545
1025 (10, 0, [])
38638
1026 (10, 0, [])
38861
1027 (10, 0, [])
20337
1028 (10, 0, [])
21147
1029 (11, 0, [])
21400
1030 (10, 0, [])
37881
1031 (10, 0, [])
39015
1032 (10, 0, [])
38589
1033 (10, 0, [])
38376
1034 (10, 0, [])
39152
1035 (10, 0, [])
39669
1036 (10, 0, [])
38911
1037 (10, 0, [])
38617
1038 (10, 0, [])
38261
1039 (10, 0, [])
38143
1040 (11, 0, [])
20759
1041 (10, 0, [])
34259
1042 (10, 0, [])
36239
1043 (10, 0, [])
36802
1044 (10, 0, [])
37678
1045 (10, 0, [])
39659
1046 (10, 0, [])
20578
1047 (10, 0, [])
20641
1048 (10, 0, [])
39893
1049 (10, 0, [])
38967
1050 (10, 0, [])
38378
1051 (10, 0, [])
39045
1052 (10, 0, [])
39047
1053 (10, 0, [])
39111
1054 (10, 0, [])
38628
1055 (9, 0, [])
38777
1056 (10, 0, [])
39204
1057 (10, 0, [])
20226
1058 (10, 0, [])
21417
1059 (10, 0, [])
23035
1060 (10, 0, [])
23802
1061 (10, 0, [])
23566
1062 (10, 0, [])
22585
1063 (10, 0, [])
21711
1064 (11, 0, [])
20412
1065 (10, 0, [])
33581
1066 (11, 0, [])
22432
1067 (10, 0, [])
34687
1068 (10, 0, [])
34417
1069 (10, 0, [])
34377
1070 (11, 0, [])
23491
1071 (10, 0, [])
36161
1072 (10, 0, [])
36161
1073 (10, 0, [])
36483
1074 (11, 0, [])
25563
1075 (10, 0, [])
35734
1076 (11, 0, [])
24741
1077 (11, 0, [])
22958
1078 (11, 0, [])
21816
1079 (10, 0, [])
33831
1080 (10, 0, [])
33288
1081 (10, 0, [])
33456
1082 (10, 0, [])
33700
1083 (10, 0, [])
34336
1084 (10, 0, [])
34558
1085 (10, 0, [])
35415
1086 (10, 0, [])
35417
1087 (10, 0, [])
35666
1088 (10, 0, [])
36127
1089 (10, 0, [])
36107
1090 (10, 0, [])
35717
1091 (10, 0, [])
35245
1092 (10, 0, [])
35077
1093 (10, 0, [])
35001
1094 (10, 0, [])
34393
1095 (10, 0, [])
34047
1096 (10, 0, [])
33406
1097 (10, 0, [])
33911
1098 (10, 0, [])
34388
1099 (10, 0, [])
35330
1100 (11, 0, [])
24666
1101 (10, 0, [])
35961
1102 (10, 0, [])
36584
1103 (10, 0, [])
36849
1104 (11, 0, [])
25597
1105 (11, 0, [])
23164
1106 (11, 0, [])
21877
1107 (11, 0, [])
20812
1108 (10, 0, [])
32949
1109 (11, 0, [])
20710
1110 (10, 0, [])
32500
1111 (10, 0, [])
32704
1112 (11, 0, [])
20560
1113 (10, 0, [])
32692
1114 (11, 0, [])
21182
1115 (10, 0, [])
34037
1116 (10, 0, [])
34158
1117 (10, 0, [])
34900
1118 (11, 0, [])
23499
1119 (11, 0, [])
21739
1120 (10, 0, [])
34573
1121 (10, 0, [])
34289
1122 (11, 0, [])
22454
1123 (11, 0, [])
20497
1124 (10, 0, [])
33431
1125 (10, 0, [])
33719
1126 (10, 0, [])
33739
1127 (10, 0, [])
34145
1128 (10, 0, [])
34291
1129 (10, 0, [])
34369
1130 (10, 0, [])
34562
1131 (10, 0, [])
35331
1132 (10, 0, [])
35640
1133 (10, 0, [])
36323
1134 (11, 0, [])
25550
1135 (10, 0, [])
35781
1136 (10, 0, [])
35011
1137 (10, 0, [])
34559
1138 (10, 0, [])
34612
1139 (10, 0, [])
35030
1140 (10, 0, [])
35235
1141 (10, 0, [])
36130
1142 (10, 0, [])
36007
1143 (10, 0, [])
36110
1144 (10, 0, [])
35601
1145 (11, 0, [])
24366
1146 (10, 0, [])
35063
1147 (10, 0, [])
35041
1148 (11, 0, [])
23972
1149 (10, 0, [])
35053
1150 (10, 0, [])
35061
1151 (10, 0, [])
35304
1152 (10, 0, [])
34682
1153 (10, 0, [])
34255
1154 (9, 0, [])
34194
1155 (10, 0, [])
34945
1156 (10, 0, [])
35180
1157 (10, 0, [])
35491
1158 (10, 0, [])
36677
1159 (11, 0, [])
26820
1160 (11, 0, [])
25706
1161 (10, 0, [])
36557
1162 (11, 0, [])
24795
1163 (10, 0, [])
34355
1164 (10, 0, [])
34129
1165 (10, 0, [])
34094
1166 (10, 0, [])
34034
1167 (10, 0, [])
34769
1168 (11, 0, [])
23363
1169 (11, 0, [])
20969
1170 (10, 0, [])
33418
1171 (10, 0, [])
33884
1172 (10, 0, [])
34205
1173 (10, 0, [])
34536
1174 (10, 0, [])
34268
1175 (11, 0, [])
22827
1176 (11, 0, [])
21171
1177 (10, 0, [])
33963
1178 (10, 0, [])
33587
1179 (10, 0, [])
33483
1180 (11, 0, [])
21838
1181 (10, 0, [])
33988
1182 (11, 0, [])
21895
1183 (11, 0, [])
35740
1184 (11, 0, [])
21469
1185 (11, 0, [])
34948
1186 (11, 0, [])
35897
1187 (11, 0, [])
35429
1188 (11, 0, [])
34917
1189 (11, 0, [])
34987
1190 (11, 0, [])
34701
1191 (11, 0, [])
34729
1192 (10, 0, [])
31397
1193 (11, 0, [])
35241
1194 (11, 0, [])
20398
1195 (10, 0, [])
33306
1196 (11, 0, [])
21388
1197 (11, 0, [])
35855
1198 (10, 0, [])
34143
1199 (11, 0, [])
23215
1200 (11, 0, [])
21984
1201 (11, 0, [])
21531
1202 (11, 0, [])
20458
1203 (11, 0, [])
35082
1204 (11, 0, [])
20483
1205 (10, 0, [])
32454
1206 (11, 0, [])
20494
1207 (11, 0, [])
35179
1208 (11, 0, [])
21066
1209 (10, 0, [])
32862
1210 (11, 0, [])
20746
1211 (11, 0, [])
35722
1212 (10, 0, [])
34518
1213 (10, 0, [])
34885
1214 (11, 0, [])
23104
1215 (10, 0, [])
34351
1216 (11, 0, [])
22789
1217 (11, 0, [])
21019
1218 (11, 0, [])
35736
1219 (11, 0, [])
20811
1220 (11, 0, [])
34406
1221 (10, 0, [])
32941
1222 (10, 0, [])
33496
1223 (10, 0, [])
34017
1224 (10, 0, [])
34301
1225 (10, 0, [])
34341
1226 (11, 0, [])
23090
1227 (10, 0, [])
34509
1228 (11, 0, [])
22758
1229 (10, 0, [])
33735
1230 (11, 0, [])
21831
1231 (11, 0, [])
35230
1232 (11, 0, [])
20219
1233 (10, 0, [])
31444
1234 (10, 0, [])
30552
1235 (10, 0, [])
30462
1236 (10, 0, [])
30811
1237 (10, 0, [])
31600
1238 (10, 0, [])
32462
1239 (10, 0, [])
33623
1240 (11, 0, [])
22598
1241 (11, 0, [])
21943
1242 (11, 0, [])
21774
1243 (10, 0, [])
33641
1244 (11, 0, [])
20983
1245 (11, 0, [])
33793
1246 (10, 0, [])
30958
1247 (11, 0, [])
33704
1248 (11, 0, [])
33782
1249 (10, 0, [])
30599
1250 (10, 0, [])
30153
1251 (11, 0, [])
33043
1252 (10, 0, [])
30251
1253 (10, 0, [])
30605
1254 (10, 0, [])
31011
1255 (11, 0, [])
34560
1256 (10, 0, [])
31997
1257 (11, 0, [])
20198
1258 (11, 0, [])
34267
1259 (11, 0, [])
35372
1260 (10, 0, [])
30184
1261 (11, 0, [])
32286
1262 (11, 0, [])
31880
1263 (10, 0, [])
28991
1264 (11, 0, [])
31353
1265 (11, 0, [])
31942
1266 (10, 0, [])
29539
1267 (11, 0, [])
31959
1268 (11, 0, [])
32431
1269 (11, 0, [])
33248
1270 (10, 0, [])
30287
1271 (11, 0, [])
33087
1272 (10, 0, [])
30268
1273 (10, 0, [])
30361
1274 (10, 0, [])
30075
1275 (11, 0, [])
32056
1276 (10, 0, [])
28825
1277 (10, 0, [])
28915
1278 (11, 0, [])
31462
1279 (11, 0, [])
32504
1280 (10, 0, [])
30698
1281 (11, 0, [])
33697
1282 (11, 0, [])
34341
1283 (11, 0, [])
34602
1284 (11, 0, [])
34395
1285 (11, 0, [])
33716
1286 (11, 0, [])
33412
1287 (10, 0, [])
29735
1288 (11, 0, [])
31834
1289 (11, 0, [])
31734
1290 (10, 0, [])
29038
1291 (10, 0, [])
29166
1292 (11, 0, [])
31851
1293 (10, 0, [])
29521
1294 (10, 0, [])
29435
1295 (10, 0, [])
29572
1296 (11, 0, [])
32737
1297 (10, 0, [])
31973
1298 (11, 0, [])
35800
1299 (11, 0, [])
20716
1300 (11, 0, [])
33955
1301 (10, 0, [])
30992
1302 (11, 0, [])
33490
1303 (10, 0, [])
30152
1304 (11, 0, [])
32852
1305 (11, 0, [])
32720
1306 (11, 0, [])
31976
1307 (10, 0, [])
28606
1308 (11, 0, [])
30724
1309 (11, 0, [])
31486
1310 (11, 0, [])
32356
1311 (10, 0, [])
30739
1312 (11, 0, [])
33808
1313 (10, 0, [])
30592
1314 (10, 0, [])
30870
1315 (10, 0, [])
30923
1316 (11, 0, [])
33644
1317 (10, 0, [])
30167
1318 (11, 0, [])
32523
1319 (11, 0, [])
32607
1320 (10, 0, [])
29789
1321 (10, 0, [])
30239
1322 (10, 0, [])
30366
1323 (10, 0, [])
30781
1324 (10, 0, [])
30660
1325 (10, 0, [])
30302
1326 (11, 0, [])
33287
1327 (10, 0, [])
30892
1328 (11, 0, [])
33969
1329 (11, 0, [])
34264
1330 (11, 0, [])
34257
1331 (10, 0, [])
30408
1332 (11, 0, [])
32945
1333 (11, 0, [])
32934
1334 (11, 0, [])
32677
1335 (10, 0, [])
29300
1336 (11, 0, [])
31637
1337 (11, 0, [])
31777
1338 (10, 0, [])
29778
1339 (11, 0, [])
32724
1340 (11, 0, [])
33173
1341 (11, 0, [])
33579
1342 (11, 0, [])
33461
1343 (10, 0, [])
29966
1344 (11, 0, [])
32480
1345 (11, 0, [])
32849
1346 (11, 0, [])
32782
1347 (10, 0, [])
29963
1348 (11, 0, [])
32178
1349 (10, 0, [])
29085
1350 (11, 0, [])
31198
1351 (11, 0, [])
31851
1352 (10, 0, [])
29614
1353 (11, 0, [])
32156
1354 (11, 0, [])
32697
1355 (10, 0, [])
29758
1356 (10, 0, [])
29650
1357 (11, 0, [])
31848
1358 (11, 0, [])
31991
1359 (10, 0, [])
28872
1360 (11, 0, [])
30599
1361 (11, 0, [])
31028
1362 (11, 0, [])
31656
1363 (10, 0, [])
28856
1364 (10, 0, [])
28674
1365 (10, 0, [])
28412
1366 (11, 0, [])
30340
1367 (11, 0, [])
31029
1368 (11, 0, [])
31889
1369 (10, 0, [])
29095
1370 (11, 0, [])
31292
1371 (11, 0, [])
31470
1372 (10, 0, [])
29338
1373 (10, 0, [])
29604
1374 (11, 0, [])
32016
1375 (10, 0, [])
29332
1376 (10, 0, [])
28802
1377 (10, 0, [])
28643
1378 (11, 0, [])
31148
1379 (10, 0, [])
29254
1380 (10, 0, [])
29938
1381 (10, 0, [])
29859
1382 (10, 0, [])
29726
1383 (10, 0, [])
29156
1384 (11, 0, [])
31106
1385 (11, 0, [])
31355
1386 (10, 0, [])
29145
1387 (10, 0, [])
29368
1388 (10, 0, [])
29610
1389 (10, 0, [])
30042
1390 (10, 0, [])
30750
1391 (10, 0, [])
30839
1392 (10, 0, [])
30931
1393 (9, 0, [])
31165
1394 (10, 0, [])
31202
1395 (10, 0, [])
30896
1396 (10, 0, [])
31498
1397 (10, 0, [])
32610
1398 (10, 0, [])
33091
1399 (10, 0, [])
32722
1400 (10, 0, [])
32206
1401 (11, 0, [])
35356
1402 (11, 0, [])
34861
1403 (10, 0, [])
31216
1404 (10, 0, [])
30959
1405 (10, 0, [])
30163
1406 (10, 0, [])
30134
1407 (11, 0, [])
32834
1408 (11, 0, [])
33006
1409 (10, 0, [])
29974
1410 (10, 0, [])
28842
1411 (10, 0, [])
28648
1412 (11, 0, [])
30879
1413 (10, 0, [])
28991
1414 (11, 0, [])
31004
1415 (11, 0, [])
30553
1416 (11, 0, [])
30017
1417 (10, 0, [])
27809
1418 (10, 0, [])
28019
1419 (11, 0, [])
30246
1420 (11, 0, [])
31011
1421 (10, 0, [])
28831
1422 (10, 0, [])
28676
1423 (10, 0, [])
27945
1424 (11, 0, [])
29233
1425 (11, 0, [])
28802
1426 (11, 0, [])
28755
1427 (11, 0, [])
28707
1428 (11, 0, [])
28458
1429 (11, 0, [])
28520
1430 (10, 0, [])
26695
1431 (10, 0, [])
26639
1432 (11, 0, [])
28330
1433 (11, 0, [])
29009
1434 (10, 0, [])
27620
1435 (11, 0, [])
29634
1436 (11, 0, [])
30428
1437 (10, 0, [])
28368
1438 (11, 0, [])
30163
1439 (11, 0, [])
29831
1440 (11, 0, [])
29277
1441 (11, 0, [])
28840
1442 (11, 0, [])
28883
1443 (11, 0, [])
28750
1444 (11, 0, [])
28227
1445 (10, 0, [])
26464
1446 (11, 0, [])
27480
1447 (11, 0, [])
27630
1448 (11, 0, [])
27966
1449 (11, 0, [])
28644
1450 (10, 0, [])
27643
1451 (10, 0, [])
27525
1452 (11, 0, [])
29212
1453 (11, 0, [])
29529
1454 (10, 0, [])
27500
1455 (11, 0, [])
28975
1456 (11, 0, [])
28950
1457 (11, 0, [])
28712
1458 (11, 0, [])
28501
1459 (11, 0, [])
28759
1460 (11, 0, [])
29184
1461 (10, 0, [])
27714
1462 (10, 0, [])
28050
1463 (10, 0, [])
27844
1464 (10, 0, [])
27883
1465 (11, 0, [])
29694
1466 (11, 0, [])
29702
1467 (10, 0, [])
27333
1468 (11, 0, [])
28642
1469 (11, 0, [])
28671
1470 (11, 0, [])
28438
1471 (10, 0, [])
26502
1472 (11, 0, [])
27650
1473 (11, 0, [])
27568
1474 (11, 0, [])
27576
1475 (10, 0, [])
26630
1476 (11, 0, [])
28373
1477 (11, 0, [])
29207
1478 (10, 0, [])
27890
1479 (10, 0, [])
27852
1480 (11, 0, [])
29469
1481 (11, 0, [])
29357
1482 (11, 0, [])
29589
1483 (11, 0, [])
29646
1484 (11, 0, [])
29179
1485 (10, 0, [])
26809
1486 (10, 0, [])
26971
1487 (10, 0, [])
27211
1488 (11, 0, [])
29151
1489 (10, 0, [])
28029
1490 (10, 0, [])
28086
1491 (10, 0, [])
28048
1492 (10, 0, [])
28595
1493 (10, 0, [])
28938
1494 (10, 0, [])
29205
1495 (10, 0, [])
29495
1496 (11, 0, [])
32110
1497 (10, 0, [])
29364
1498 (11, 0, [])
31464
1499 (10, 0, [])
28713
1500 (11, 0, [])
30206
1501 (11, 0, [])
29917
1502 (11, 0, [])
29240
1503 (11, 0, [])
29051
1504 (11, 0, [])
29238
1505 (10, 0, [])
27697
1506 (11, 0, [])
29114
1507 (11, 0, [])
29007
1508 (11, 0, [])
28420
1509 (10, 0, [])
26724
1510 (11, 0, [])
28286
1511 (11, 0, [])
29284
1512 (11, 0, [])
29998
1513 (11, 0, [])
30237
1514 (11, 0, [])
29683
1515 (11, 0, [])
29107
1516 (10, 0, [])
27084
1517 (11, 0, [])
28997
1518 (11, 0, [])
29216
1519 (10, 0, [])
26798
1520 (11, 0, [])
27866
1521 (11, 0, [])
27836
1522 (11, 0, [])
27589
1523 (10, 0, [])
26400
1524 (11, 0, [])
27739
1525 (11, 0, [])
27711
1526 (11, 0, [])
26954
1527 (11, 0, [])
26683
1528 (11, 0, [])
26889
1529 (11, 0, [])
27105
1530 (10, 0, [])
25928
1531 (11, 0, [])
27273
1532 (11, 0, [])
28049
1533 (10, 0, [])
27420
1534 (11, 0, [])
29201
1535 (11, 0, [])
29701
1536 (10, 0, [])
27475
1537 (11, 0, [])
29007
1538 (11, 0, [])
28769
1539 (11, 0, [])
28531
1540 (11, 0, [])
28082
1541 (11, 0, [])
27541
1542 (11, 0, [])
27168
1543 (10, 0, [])
25877
1544 (11, 0, [])
26599
1545 (11, 0, [])
26266
1546 (10, 0, [])
24839
1547 (11, 0, [])
25182
1548 (11, 0, [])
25151
1549 (11, 0, [])
25372
1550 (10, 0, [])
25353
1551 (11, 0, [])
26337
1552 (11, 0, [])
26501
1553 (10, 0, [])
25606
1554 (11, 0, [])
26324
1555 (11, 0, [])
26291
1556 (11, 0, [])
26274
1557 (11, 0, [])
26352
1558 (11, 0, [])
26613
1559 (11, 0, [])
26802
1560 (11, 0, [])
26747
1561 (10, 0, [])
26042
1562 (10, 0, [])
25874
1563 (10, 0, [])
25733
1564 (11, 0, [])
26929
1565 (10, 0, [])
26146
1566 (11, 0, [])
27150
1567 (10, 0, [])
26003
1568 (11, 0, [])
27256
1569 (11, 0, [])
27456
1570 (11, 0, [])
27188
1571 (11, 0, [])
26850
1572 (11, 0, [])
26464
1573 (11, 0, [])
26214
1574 (11, 0, [])
26153
1575 (11, 0, [])
26329
1576 (11, 0, [])
26271
1577 (10, 0, [])
25415
1578 (11, 0, [])
26283
1579 (11, 0, [])
26556
1580 (11, 0, [])
26274
1581 (11, 0, [])
26014
1582 (11, 0, [])
25860
1583 (11, 0, [])
26028
1584 (11, 0, [])
26034
1585 (11, 0, [])
26274
1586 (11, 0, [])
26390
1587 (10, 0, [])
25593
1588 (11, 0, [])
26215
1589 (11, 0, [])
25950
1590 (11, 0, [])
25589
1591 (10, 0, [])
24888
1592 (11, 0, [])
25430
1593 (11, 0, [])
25545
1594 (11, 0, [])
25821
1595 (11, 0, [])
26051
1596 (11, 0, [])
25915
1597 (11, 0, [])
25890
1598 (11, 0, [])
25709
1599 (11, 0, [])
25564
1600 (11, 0, [])
25695
1601 (11, 0, [])
25776
1602 (11, 0, [])
25191
1603 (11, 0, [])
25138
1604 (11, 0, [])
25284
1605 (11, 0, [])
25277
1606 (11, 0, [])
25005
1607 (11, 0, [])
24778
1608 (11, 0, [])
24422
1609 (11, 0, [])
24383
1610 (11, 0, [])
24917
1611 (11, 0, [])
25682
1612 (11, 0, [])
26092
1613 (11, 0, [])
25835
1614 (11, 0, [])
25392
1615 (10, 0, [])
24852
1616 (11, 0, [])
25606
1617 (11, 0, [])
25598
1618 (11, 0, [])
25534
1619 (11, 0, [])
25273
1620 (11, 0, [])
24929
1621 (11, 0, [])
24792
1622 (11, 0, [])
24745
1623 (11, 0, [])
24745
1624 (11, 0, [])
24595
1625 (10, 0, [])
24382
1626 (11, 0, [])
24491
1627 (11, 0, [])
24521
1628 (11, 0, [])
24705
1629 (10, 0, [])
24829
1630 (11, 0, [])
25570
1631 (10, 0, [])
25304
1632 (10, 0, [])
25547
1633 (10, 0, [])
25720
1634 (11, 0, [])
26400
1635 (10, 0, [])
25971
1636 (11, 0, [])
27032
1637 (10, 0, [])
26114
1638 (11, 0, [])
26993
1639 (10, 0, [])
25634
1640 (11, 0, [])
26208
1641 (11, 0, [])
26465
1642 (11, 0, [])
26501
1643 (11, 0, [])
26682
1644 (11, 0, [])
26586
1645 (10, 0, [])
25351
1646 (11, 0, [])
25607
1647 (11, 0, [])
25316
1648 (11, 0, [])
25058
1649 (10, 0, [])
24438
1650 (10, 0, [])
24412
1651 (11, 0, [])
24878
1652 (11, 0, [])
24911
1653 (11, 0, [])
24863
1654 (11, 0, [])
24974
1655 (11, 0, [])
25263
1656 (11, 0, [])
25077
1657 (11, 0, [])
24737
1658 (11, 0, [])
24547
1659 (10, 0, [])
24323
1660 (11, 0, [])
24565
1661 (11, 0, [])
24898
1662 (11, 0, [])
25108
1663 (11, 0, [])
25162
1664 (11, 0, [])
24709
1665 (11, 0, [])
24491
1666 (11, 0, [])
24166
1667 (11, 0, [])
23970
1668 (11, 0, [])
24054
1669 (11, 0, [])
23937
1670 (11, 0, [])
23889
1671 (11, 0, [])
24063
1672 (11, 0, [])
24406
1673 (10, 0, [])
24464
1674 (11, 0, [])
24785
1675 (11, 0, [])
24933
1676 (11, 0, [])
24906
1677 (11, 0, [])
24926
1678 (10, 0, [])
24466
1679 (10, 0, [])
24337
1680 (11, 0, [])
24395
1681 (11, 0, [])
24380
1682 (10, 0, [])
24055
1683 (10, 0, [])
24215
1684 (11, 0, [])
24698
1685 (11, 0, [])
24760
1686 (10, 0, [])
24049
1687 (11, 0, [])
24027
1688 (11, 0, [])
24149
1689 (11, 0, [])
24492
1690 (11, 0, [])
24517
1691 (11, 0, [])
24420
1692 (11, 0, [])
24428
1693 (11, 0, [])
24609
1694 (11, 0, [])
24442
1695 (11, 0, [])
24237
1696 (11, 0, [])
23821
1697 (11, 0, [])
23410
1698 (11, 0, [])
22366
1699 (11, 0, [])
22030
1700 (11, 0, [])
21825
1701 (11, 0, [])
21487
1702 (11, 0, [])
21505
1703 (11, 0, [])
21793
1704 (11, 0, [])
21178
1705 (11, 0, [])
21545
1706 (11, 0, [])
22644
1707 (11, 0, [])
23809
1708 (11, 0, [])
23721
1709 (11, 0, [])
23755
1710 (11, 0, [])
23611
1711 (10, 0, [])
23528
1712 (11, 0, [])
23260
1713 (11, 0, [])
23833
1714 (11, 0, [])
23877
1715 (11, 0, [])
24036
1716 (11, 0, [])
24147
1717 (11, 0, [])
24470
1718 (11, 0, [])
24407
1719 (11, 0, [])
24265
1720 (11, 0, [])
23879
1721 (11, 0, [])
23784
1722 (11, 0, [])
23029
1723 (11, 0, [])
23500
1724 (11, 0, [])
23132
1725 (11, 0, [])
23068
1726 (11, 0, [])
22211
1727 (10, 0, [])
22620
1728 (11, 0, [])
23496
1729 (11, 0, [])
23996
1730 (11, 0, [])
24364
1731 (10, 0, [])
24185
1732 (11, 0, [])
24310
1733 (11, 0, [])
24458
1734 (11, 0, [])
24917
1735 (11, 0, [])
25474
1736 (11, 0, [])
25229
1737 (11, 0, [])
24900
1738 (11, 0, [])
24215
1739 (11, 0, [])
23827
1740 (11, 0, [])
23101
1741 (11, 0, [])
23029
1742 (11, 0, [])
22559
1743 (11, 0, [])
22094
1744 (11, 0, [])
21663
1745 (11, 0, [])
21550
1746 (11, 0, [])
20998
1747 (11, 0, [])
22706
1748 (11, 0, [])
23526
1749 (11, 0, [])
23333
1750 (11, 0, [])
23331
1751 (11, 0, [])
24351
1752 (11, 0, [])
24478
1753 (11, 0, [])
24454
1754 (11, 0, [])
24263
1755 (10, 0, [])
23696
1756 (11, 0, [])
23568
1757 (11, 0, [])
23434
1758 (11, 0, [])
22961
1759 (11, 0, [])
22471
1760 (11, 0, [])
22151
1761 (11, 0, [])
22998
1762 (11, 0, [])
22539
1763 (11, 0, [])
22378
1764 (11, 0, [])
23132
1765 (11, 0, [])
23514
1766 (11, 0, [])
22822
1767 (11, 0, [])
22491
1768 (11, 0, [])
22534
1769 (11, 0, [])
22487
1770 (11, 0, [])
22209
1771 (11, 0, [])
22494
1772 (11, 0, [])
23316
1773 (11, 0, [])
23269
1774 (11, 0, [])
23116
1775 (11, 0, [])
23903
1776 (11, 0, [])
23852
1777 (11, 0, [])
23820
1778 (11, 0, [])
23514
1779 (10, 0, [])
23339
1780 (11, 0, [])
22288
1781 (11, 0, [])
22095
1782 (11, 0, [])
22738
1783 (11, 0, [])
23049
1784 (11, 0, [])
22249
1785 (11, 0, [])
21712
1786 (11, 0, [])
21250
1787 (11, 0, [])
21612
1788 (11, 0, [])
21789
1789 (11, 0, [])
21776
1790 (11, 0, [])
21722
1791 (11, 0, [])
22129
1792 (11, 0, [])
23254
1793 (10, 0, [])
24084
1794 (11, 0, [])
24371
1795 (11, 0, [])
24245
1796 (11, 0, [])
23885
1797 (11, 0, [])
23647
1798 (11, 0, [])
23687
1799 (11, 0, [])
24062
1800 (10, 0, [])
23935
1801 (10, 0, [])
23735
1802 (10, 0, [])
23406
1803 (10, 0, [])
23038
1804 (11, 0, [])
23257
1805 (10, 0, [])
24400
1806 (11, 0, [])
24471
1807 (11, 0, [])
24293
1808 (11, 0, [])
23930
1809 (10, 0, [])
23659
1810 (11, 0, [])
23713
1811 (11, 0, [])
23755
1812 (11, 0, [])
23721
1813 (11, 0, [])
23469
1814 (11, 0, [])
22662
1815 (11, 0, [])
22311
1816 (11, 0, [])
22308
1817 (11, 0, [])
22775
1818 (11, 0, [])
22196
1819 (11, 0, [])
21669
1820 (11, 0, [])
21512
1821 (11, 0, [])
21115
1822 (11, 0, [])
21634
1823 (10, 0, [])
22173
1824 (11, 0, [])
22041
1825 (11, 0, [])
22073
1826 (11, 0, [])
23078
1827 (11, 0, [])
23610
1828 (11, 0, [])
23636
1829 (11, 0, [])
23795
1830 (10, 0, [])
23876
1831 (11, 0, [])
23969
1832 (11, 0, [])
23935
1833 (11, 0, [])
24282
1834 (11, 0, [])
24708
1835 (11, 0, [])
24619
1836 (11, 0, [])
24219
1837 (11, 0, [])
23650
1838 (11, 0, [])
23149
1839 (11, 0, [])
21969
1840 (11, 0, [])
21678
1841 (11, 0, [])
21305
1842 (11, 0, [])
20636
1843 (10, 0, [])
20515
1844 (11, 0, [])
20079
1845 (11, 0, [])
39567
1846 (11, 0, [])
39712
1847 (10, 0, [])
39762
1848 (11, 0, [])
39467
1849 (11, 0, [])
20071
1850 (11, 0, [])
21085
1851 (11, 0, [])
22051
1852 (11, 0, [])
21887
1853 (11, 0, [])
21605
1854 (11, 0, [])
21769
1855 (11, 0, [])
21476
1856 (11, 0, [])
21209
1857 (11, 0, [])
21509
1858 (11, 0, [])
21522
1859 (11, 0, [])
21718
1860 (11, 0, [])
21376
1861 (11, 0, [])
20724
1862 (11, 0, [])
20056
1863 (11, 0, [])
39648
1864 (11, 0, [])
38563
1865 (11, 0, [])
38629
1866 (11, 0, [])
38565
1867 (11, 0, [])
39393
1868 (11, 0, [])
39612
1869 (11, 0, [])
39303
1870 (11, 0, [])
39633
1871 (10, 0, [])
20411
1872 (11, 0, [])
20274
1873 (11, 0, [])
20725
1874 (11, 0, [])
21436
1875 (11, 0, [])
22811
1876 (11, 0, [])
23663
1877 (11, 0, [])
23530
1878 (11, 0, [])
22523
1879 (11, 0, [])
21746
1880 (11, 0, [])
21001
1881 (11, 0, [])
20551
1882 (11, 0, [])
39704
1883 (11, 0, [])
38636
1884 (11, 0, [])
37968
1885 (11, 0, [])
37395
1886 (12, 0, [])
26593
1887 (11, 0, [])
37079
1888 (11, 0, [])
36979
1889 (11, 0, [])
36919
1890 (12, 0, [])
26598
1891 (11, 0, [])
37968
1892 (11, 0, [])
38177
1893 (11, 0, [])
38085
1894 (11, 0, [])
38402
1895 (11, 0, [])
38601
1896 (11, 0, [])
37496
1897 (11, 0, [])
38531
1898 (11, 0, [])
39020
1899 (11, 0, [])
39903
1900 (11, 0, [])
39485
1901 (11, 0, [])
39438
1902 (11, 0, [])
39942
1903 (11, 0, [])
20451
1904 (11, 0, [])
20512
1905 (11, 0, [])
20397
1906 (11, 0, [])
39793
1907 (11, 0, [])
39606
1908 (11, 0, [])
39141
1909 (11, 0, [])
38671
1910 (12, 0, [])
20650
1911 (11, 0, [])
32956
1912 (11, 0, [])
34658
1913 (11, 0, [])
35723
1914 (11, 0, [])
36028
1915 (11, 0, [])
36662
1916 (11, 0, [])
36495
1917 (11, 0, [])
36980
1918 (11, 0, [])
36183
1919 (11, 0, [])
35861
1920 (11, 0, [])
35624
1921 (11, 0, [])
35299
1922 (11, 0, [])
34989
1923 (11, 0, [])
35467
1924 (11, 0, [])
36002
1925 (11, 0, [])
37175
1926 (11, 0, [])
38016
1927 (11, 0, [])
37814
1928 (11, 0, [])
37804
1929 (10, 0, [])
38135
1930 (11, 0, [])
38288
1931 (11, 0, [])
38801
1932 (11, 0, [])
39432
1933 (11, 0, [])
20700
1934 (11, 0, [])
21199
1935 (11, 0, [])
21047
1936 (11, 0, [])
39750
1937 (11, 0, [])
38640
1938 (11, 0, [])
37955
1939 (11, 0, [])
37340
1940 (11, 0, [])
36749
1941 (11, 0, [])
36731
1942 (11, 0, [])
37268
1943 (11, 0, [])
37926
1944 (11, 0, [])
37529
1945 (11, 0, [])
38247
1946 (10, 0, [])
38565
1947 (11, 0, [])
38875
1948 (11, 0, [])
38672
1949 (11, 0, [])
39480
1950 (11, 0, [])
39935
1951 (11, 0, [])
39431
1952 (11, 0, [])
38628
1953 (11, 0, [])
38134
1954 (11, 0, [])
37647
1955 (11, 0, [])
38320
1956 (11, 0, [])
39320
1957 (11, 0, [])
39848
1958 (11, 0, [])
38851
1959 (11, 0, [])
38892
1960 (11, 0, [])
38328
1961 (11, 0, [])
39215
1962 (11, 0, [])
39152
1963 (10, 0, [])
39765
1964 (11, 0, [])
39701
1965 (11, 0, [])
39892
1966 (10, 0, [])
20068
1967 (11, 0, [])
20701
1968 (11, 0, [])
20467
1969 (10, 0, [])
20848
1970 (10, 0, [])
21419
1971 (10, 0, [])
22417
1972 (11, 0, [])
22630
1973 (11, 0, [])
24420
1974 (10, 0, [])
24587
1975 (11, 0, [])
25072
1976 (11, 0, [])
24607
1977 (10, 0, [])
23725
1978 (11, 0, [])
23368
1979 (11, 0, [])
23570
1980 (11, 0, [])
23140
1981 (11, 0, [])
23089
1982 (11, 0, [])
22330
1983 (11, 0, [])
21082
1984 (11, 0, [])
39543
1985 (11, 0, [])
39014
1986 (11, 0, [])
39283
1987 (11, 0, [])
39674
1988 (11, 0, [])
38919
1989 (11, 0, [])
38507
1990 (11, 0, [])
38545
1991 (11, 0, [])
38729
1992 (11, 0, [])
38031
1993 (11, 0, [])
37585
1994 (10, 0, [])
36345
1995 (11, 0, [])
36101
1996 (11, 0, [])
36088
1997 (11, 0, [])
36499
1998 (11, 0, [])
36335
1999 (11, 0, [])
36486
2000 (11, 0, [])
36575
2001 (11, 0, [])
36226
2002 (11, 0, [])
35527
2003 (11, 0, [])
36336
2004 (11, 0, [])
36487
2005 (11, 0, [])
37013
2006 (11, 0, [])
37057
2007 (11, 0, [])
37479
2008 (11, 0, [])
36831
2009 (11, 0, [])
36575
2010 (11, 0, [])
36091
2011 (10, 0, [])
36362
2012 (11, 0, [])
36024
2013 (11, 0, [])
35636
2014 (11, 0, [])
35713
2015 (11, 0, [])
36244
2016 (11, 0, [])
36173
2017 (11, 0, [])
36164
2018 (11, 0, [])
35093
2019 (11, 0, [])
35079
2020 (12, 0, [])
23320
2021 (11, 0, [])
34272
2022 (11, 0, [])
34020
2023 (12, 0, [])
22253
2024 (11, 0, [])
33494
2025 (11, 0, [])
33402
2026 (12, 0, [])
21034
2027 (11, 0, [])
32401
2028 (11, 0, [])
32784
2029 (11, 0, [])
33164
2030 (11, 0, [])
33733
2031 (11, 0, [])
34837
2032 (11, 0, [])
35118
2033 (11, 0, [])
34084
2034 (11, 0, [])
33524
2035 (11, 0, [])
33601
2036 (11, 0, [])
33548
2037 (12, 0, [])
21543
2038 (11, 0, [])
33327
2039 (11, 0, [])
33698
2040 (11, 0, [])
33367
2041 (11, 0, [])
33331
2042 (11, 0, [])
33111
2043 (12, 0, [])
21287
2044 (11, 0, [])
33918
2045 (11, 0, [])
34166
2046 (11, 0, [])
33806
2047 (11, 0, [])
34362
2048 (11, 0, [])
34409
2049 (11, 0, [])
34164
2050 (12, 0, [])
21851
2051 (11, 0, [])
32731
2052 (11, 0, [])
32635
2053 (11, 0, [])
32573
2054 (12, 0, [])
20499
2055 (11, 0, [])
33499
2056 (12, 0, [])
22064
2057 (11, 0, [])
33377
2058 (11, 0, [])
32254
2059 (11, 0, [])
31948
2060 (12, 0, [])
35239
2061 (11, 0, [])
31969
2062 (11, 0, [])
32212
2063 (11, 0, [])
32485
2064 (12, 0, [])
20574
2065 (11, 0, [])
33379
2066 (11, 0, [])
33613
2067 (11, 0, [])
33914
2068 (11, 0, [])
34157
2069 (10, 0, [])
35379
2070 (11, 0, [])
35533
2071 (11, 0, [])
36008
2072 (11, 0, [])
37432
2073 (11, 0, [])
38777
2074 (12, 0, [])
21322
2075 (11, 0, [])
33980
2076 (11, 0, [])
34700
2077 (11, 0, [])
34472
2078 (11, 0, [])
34091
2079 (11, 0, [])
34591
2080 (11, 0, [])
34724
2081 (11, 0, [])
34391
2082 (11, 0, [])
34283
2083 (11, 0, [])
34476
2084 (11, 0, [])
34243
2085 (11, 0, [])
34756
2086 (11, 0, [])
34841
2087 (11, 0, [])
34817
2088 (12, 0, [])
23478
2089 (11, 0, [])
34640
2090 (11, 0, [])
34605
2091 (11, 0, [])
33817
2092 (11, 0, [])
33037
2093 (11, 0, [])
33014
2094 (11, 0, [])
33033
2095 (12, 0, [])
21370
2096 (11, 0, [])
33502
2097 (11, 0, [])
33651
2098 (11, 0, [])
33379
2099 (11, 0, [])
33167
2100 (11, 0, [])
33228
2101 (11, 0, [])
33500
2102 (11, 0, [])
33243
2103 (11, 0, [])
33073
2104 (11, 0, [])
32848
2105 (11, 0, [])
33333
2106 (11, 0, [])
33864
2107 (11, 0, [])
33708
2108 (11, 0, [])
33460
2109 (11, 0, [])
34036
2110 (10, 0, [])
34619
2111 (11, 0, [])
35574
2112 (11, 0, [])
36331
2113 (11, 0, [])
37566
2114 (11, 0, [])
38782
2115 (11, 0, [])
39208
2116 (11, 0, [])
38491
2117 (11, 0, [])
38642
2118 (11, 0, [])
37857
2119 (11, 0, [])
37332
2120 (11, 0, [])
36151
2121 (12, 0, [])
24839
2122 (11, 0, [])
34390
2123 (11, 0, [])
33839
2124 (11, 0, [])
32762
2125 (12, 0, [])
20244
2126 (11, 0, [])
32779
2127 (11, 0, [])
33354
2128 (11, 0, [])
33192
2129 (11, 0, [])
33149
2130 (11, 0, [])
33720
2131 (11, 0, [])
33863
2132 (11, 0, [])
32680
2133 (11, 0, [])
32539
2134 (11, 0, [])
32076
2135 (11, 0, [])
31847
2136 (11, 0, [])
32120
2137 (11, 0, [])
32516
2138 (11, 0, [])
32138
2139 (11, 0, [])
32317
2140 (11, 0, [])
32092
2141 (11, 0, [])
32338
2142 (11, 0, [])
33023
2143 (11, 0, [])
34166
2144 (11, 0, [])
34832
2145 (11, 0, [])
35441
2146 (11, 0, [])
35610
2147 (11, 0, [])
35605
2148 (12, 0, [])
24000
2149 (12, 0, [])
21029
2150 (11, 0, [])
33125
2151 (11, 0, [])
33014
2152 (11, 0, [])
32782
2153 (11, 0, [])
33280
2154 (11, 0, [])
33773
2155 (12, 0, [])
22357
2156 (12, 0, [])
20326
2157 (11, 0, [])
32920
2158 (11, 0, [])
32392
2159 (11, 0, [])
32346
2160 (11, 0, [])
32305
2161 (11, 0, [])
32201
2162 (11, 0, [])
31882
2163 (11, 0, [])
32123
2164 (11, 0, [])
31606
2165 (11, 0, [])
31146
2166 (11, 0, [])
31192
2167 (11, 0, [])
31579
2168 (10, 0, [])
32145
2169 (11, 0, [])
32729
2170 (11, 0, [])
32758
2171 (11, 0, [])
33047
2172 (11, 0, [])
34054
2173 (11, 0, [])
34488
2174 (11, 0, [])
33891
2175 (11, 0, [])
33564
2176 (12, 0, [])
20732
2177 (11, 0, [])
32140
2178 (11, 0, [])
32034
2179 (11, 0, [])
32434
2180 (11, 0, [])
31955
2181 (11, 0, [])
31799
2182 (11, 0, [])
31182
2183 (11, 0, [])
31514
2184 (11, 0, [])
31926
2185 (11, 0, [])
31836
2186 (11, 0, [])
31792
2187 (11, 0, [])
32805
2188 (11, 0, [])
33163
2189 (11, 0, [])
33363
2190 (11, 0, [])
32466
2191 (11, 0, [])
32123
2192 (11, 0, [])
31721
2193 (11, 0, [])
32051
2194 (12, 0, [])
35892
2195 (12, 0, [])
20876
2196 (11, 0, [])
31921
2197 (11, 0, [])
31590
2198 (11, 0, [])
30779
2199 (11, 0, [])
30560
2200 (12, 0, [])
33530
2201 (11, 0, [])
30804
2202 (11, 0, [])
30458
2203 (11, 0, [])
30213
2204 (11, 0, [])
30348
2205 (11, 0, [])
30641
2206 (11, 0, [])
30939
2207 (11, 0, [])
31575
2208 (11, 0, [])
31621
2209 (10, 0, [])
32200
2210 (11, 0, [])
32556
2211 (11, 0, [])
33070
2212 (11, 0, [])
33842
2213 (11, 0, [])
35531
2214 (11, 0, [])
36542
2215 (11, 0, [])
36543
2216 (11, 0, [])
35317
2217 (11, 0, [])
35097
2218 (11, 0, [])
34759
2219 (11, 0, [])
35048
2220 (11, 0, [])
34366
2221 (11, 0, [])
33360
2222 (11, 0, [])
32759
2223 (11, 0, [])
32486
2224 (11, 0, [])
32287
2225 (11, 0, [])
32322
2226 (11, 0, [])
31677
2227 (11, 0, [])
31222
2228 (12, 0, [])
34658
2229 (11, 0, [])
31666
2230 (11, 0, [])
31357
2231 (11, 0, [])
31510
2232 (11, 0, [])
30873
2233 (11, 0, [])
30387
2234 (11, 0, [])
30617
2235 (11, 0, [])
31016
2236 (11, 0, [])
31355
2237 (11, 0, [])
31984
2238 (11, 0, [])
31855
2239 (11, 0, [])
31505
2240 (11, 0, [])
30757
2241 (11, 0, [])
30482
2242 (12, 0, [])
33559
2243 (11, 0, [])
30646
2244 (12, 0, [])
33308
2245 (12, 0, [])
33193
2246 (12, 0, [])
32853
2247 (11, 0, [])
29714
2248 (12, 0, [])
32472
2249 (11, 0, [])
30408
2250 (11, 0, [])
30424
2251 (11, 0, [])
30606
2252 (12, 0, [])
33705
2253 (11, 0, [])
31250
2254 (11, 0, [])
31519
2255 (11, 0, [])
31540
2256 (12, 0, [])
34205
2257 (11, 0, [])
30862
2258 (11, 0, [])
30386
2259 (11, 0, [])
30412
2260 (11, 0, [])
30096
2261 (11, 0, [])
29877
2262 (11, 0, [])
30385
2263 (11, 0, [])
30933
2264 (12, 0, [])
33743
2265 (12, 0, [])
34424
2266 (11, 0, [])
32026
2267 (11, 0, [])
32597
2268 (11, 0, [])
32845
2269 (12, 0, [])
21097
2270 (12, 0, [])
35313
2271 (12, 0, [])
20890
2272 (12, 0, [])
33387
2273 (11, 0, [])
29991
2274 (11, 0, [])
29912
2275 (11, 0, [])
29715
2276 (11, 0, [])
29831
2277 (11, 0, [])
30446
2278 (11, 0, [])
30132
2279 (11, 0, [])
29818
2280 (11, 0, [])
29987
2281 (11, 0, [])
29983
2282 (12, 0, [])
32744
2283 (11, 0, [])
30253
2284 (11, 0, [])
30782
2285 (11, 0, [])
30881
2286 (11, 0, [])
30629
2287 (11, 0, [])
30424
2288 (11, 0, [])
29831
2289 (11, 0, [])
29301
2290 (11, 0, [])
28768
2291 (11, 0, [])
29073
2292 (11, 0, [])
29385
2293 (11, 0, [])
29920
2294 (11, 0, [])
30660
2295 (11, 0, [])
31306
2296 (11, 0, [])
31058
2297 (11, 0, [])
31149
2298 (12, 0, [])
34560
2299 (12, 0, [])
35278
2300 (12, 0, [])
34918
2301 (11, 0, [])
30029
2302 (11, 0, [])
29361
2303 (11, 0, [])
29450
2304 (11, 0, [])
29637
2305 (11, 0, [])
29876
2306 (12, 0, [])
32747
2307 (11, 0, [])
30365
2308 (11, 0, [])
30928
2309 (11, 0, [])
31374
2310 (12, 0, [])
34735
2311 (11, 0, [])
32872
2312 (11, 0, [])
34376
2313 (11, 0, [])
34189
2314 (11, 0, [])
32870
2315 (11, 0, [])
31993
2316 (11, 0, [])
31016
2317 (11, 0, [])
30602
2318 (11, 0, [])
30459
2319 (11, 0, [])
30107
2320 (11, 0, [])
29868
2321 (11, 0, [])
29468
2322 (11, 0, [])
29265
2323 (11, 0, [])
29801
2324 (11, 0, [])
30263
2325 (11, 0, [])
30522
2326 (11, 0, [])
30608
2327 (11, 0, [])
30517
2328 (11, 0, [])
30288
2329 (11, 0, [])
29743
2330 (11, 0, [])
28812
2331 (11, 0, [])
28580
2332 (11, 0, [])
28718
2333 (12, 0, [])
30671
2334 (11, 0, [])
28579
2335 (11, 0, [])
29226
2336 (11, 0, [])
29110
2337 (11, 0, [])
29360
2338 (11, 0, [])
29724
2339 (11, 0, [])
29866
2340 (12, 0, [])
32796
2341 (11, 0, [])
30414
2342 (11, 0, [])
30108
2343 (11, 0, [])
29647
2344 (11, 0, [])
29474
2345 (11, 0, [])
29146
2346 (11, 0, [])
28781
2347 (11, 0, [])
28819
2348 (11, 0, [])
29431
2349 (10, 0, [])
30009
2350 (11, 0, [])
30785
2351 (11, 0, [])
30929
2352 (11, 0, [])
31645
2353 (11, 0, [])
32097
2354 (11, 0, [])
31560
2355 (11, 0, [])
31312
2356 (11, 0, [])
30938
2357 (11, 0, [])
30730
2358 (11, 0, [])
30677
2359 (11, 0, [])
30622
2360 (11, 0, [])
30222
2361 (11, 0, [])
29727
2362 (11, 0, [])
29050
2363 (11, 0, [])
29284
2364 (11, 0, [])
29709
2365 (11, 0, [])
30684
2366 (11, 0, [])
31274
2367 (11, 0, [])
31809
2368 (11, 0, [])
32008
2369 (11, 0, [])
32554
2370 (11, 0, [])
32854
2371 (11, 0, [])
32395
2372 (11, 0, [])
31907
2373 (10, 0, [])
32022
2374 (11, 0, [])
31905
2375 (11, 0, [])
31973
2376 (11, 0, [])
32352
2377 (10, 0, [])
32597
2378 (10, 0, [])
32276
2379 (10, 0, [])
32438
2380 (11, 0, [])
32390
2381 (11, 0, [])
32580
2382 (11, 0, [])
33666
2383 (10, 0, [])
34545
2384 (11, 0, [])
34361
2385 (11, 0, [])
33731
2386 (11, 0, [])
33450
2387 (11, 0, [])
33281
2388 (12, 0, [])
20868
2389 (11, 0, [])
32091
2390 (11, 0, [])
31441
2391 (11, 0, [])
31049
2392 (11, 0, [])
31277
2393 (11, 0, [])
32307
2394 (11, 0, [])
32143
2395 (11, 0, [])
31267
2396 (11, 0, [])
30955
2397 (11, 0, [])
30707
2398 (11, 0, [])
30368
2399 (12, 0, [])
33573
2400 (11, 0, [])
30667
2401 (12, 0, [])
33418
2402 (11, 0, [])
29941
2403 (11, 0, [])
30110
2404 (11, 0, [])
29818
2405 (11, 0, [])
29626
2406 (11, 0, [])
29990
2407 (10, 0, [])
31014
2408 (11, 0, [])
31508
2409 (11, 0, [])
31818
2410 (11, 0, [])
32577
2411 (11, 0, [])
33206
2412 (12, 0, [])
21384
2413 (11, 0, [])
32933
2414 (11, 0, [])
32181
2415 (11, 0, [])
31731
2416 (11, 0, [])
31093
2417 (11, 0, [])
30943
2418 (11, 0, [])
30972
2419 (11, 0, [])
30523
2420 (11, 0, [])
30008
2421 (11, 0, [])
29531
2422 (11, 0, [])
29379
2423 (11, 0, [])
29505
2424 (11, 0, [])
29658
2425 (11, 0, [])
29183
2426 (11, 0, [])
29058
2427 (11, 0, [])
29535
2428 (11, 0, [])
29874
2429 (11, 0, [])
29877
2430 (11, 0, [])
29831
2431 (11, 0, [])
29763
2432 (12, 0, [])
32079
2433 (12, 0, [])
32419
2434 (11, 0, [])
29757
2435 (11, 0, [])
29481
2436 (12, 0, [])
31755
2437 (11, 0, [])
29239
2438 (11, 0, [])
29040
2439 (12, 0, [])
31300
2440 (11, 0, [])
29041
2441 (11, 0, [])
29013
2442 (11, 0, [])
28720
2443 (11, 0, [])
29220
2444 (11, 0, [])
29779
2445 (11, 0, [])
29908
2446 (12, 0, [])
32612
2447 (11, 0, [])
30066
2448 (11, 0, [])
30175
2449 (11, 0, [])
30764
2450 (12, 0, [])
33788
2451 (11, 0, [])
31282
2452 (11, 0, [])
31754
2453 (11, 0, [])
31299
2454 (11, 0, [])
30538
2455 (11, 0, [])
30563
2456 (12, 0, [])
33282
2457 (11, 0, [])
30199
2458 (12, 0, [])
32370
2459 (11, 0, [])
28769
2460 (12, 0, [])
30756
2461 (11, 0, [])
28626
2462 (12, 0, [])
30873
2463 (12, 0, [])
31558
2464 (12, 0, [])
31551
2465 (11, 0, [])
28672
2466 (12, 0, [])
30545
2467 (11, 0, [])
28484
2468 (12, 0, [])
30308
2469 (11, 0, [])
28304
2470 (12, 0, [])
30136
2471 (11, 0, [])
28087
2472 (11, 0, [])
27989
2473 (11, 0, [])
28490
2474 (12, 0, [])
30827
2475 (11, 0, [])
29422
2476 (11, 0, [])
29578
2477 (11, 0, [])
29533
2478 (11, 0, [])
29376
2479 (11, 0, [])
29256
2480 (12, 0, [])
31783
2481 (11, 0, [])
29259
2482 (12, 0, [])
31221
2483 (12, 0, [])
31023
2484 (12, 0, [])
30862
2485 (11, 0, [])
28038
2486 (12, 0, [])
29537
2487 (11, 0, [])
27506
2488 (11, 0, [])
27691
2489 (11, 0, [])
28021
2490 (12, 0, [])
29900
2491 (12, 0, [])
30436
2492 (11, 0, [])
28383
2493 (11, 0, [])
28445
2494 (12, 0, [])
30138
2495 (11, 0, [])
27395
2496 (12, 0, [])
28448
2497 (12, 0, [])
28321
2498 (12, 0, [])
28151
2499 (11, 0, [])
26690
2500 (12, 0, [])
27798
2501 (12, 0, [])
28039
2502 (12, 0, [])
28265
2503 (11, 0, [])
27125
2504 (11, 0, [])
27287
2505 (11, 0, [])
28049
2506 (11, 0, [])
28462
2507 (11, 0, [])
29012
2508 (12, 0, [])
31417
2509 (11, 0, [])
29801
2510 (12, 0, [])
32316
2511 (11, 0, [])
29026
2512 (11, 0, [])
28392
2513 (11, 0, [])
28291
2514 (11, 0, [])
28141
2515 (11, 0, [])
28597
2516 (11, 0, [])
29177
2517 (11, 0, [])
29720
2518 (11, 0, [])
30014
2519 (11, 0, [])
30715
2520 (11, 0, [])
31304
2521 (11, 0, [])
31362
2522 (12, 0, [])
34193
2523 (11, 0, [])
30286
2524 (12, 0, [])
32500
2525 (11, 0, [])
29476
2526 (12, 0, [])
31541
2527 (11, 0, [])
28285
2528 (12, 0, [])
29811
2529 (11, 0, [])
27747
2530 (11, 0, [])
28018
2531 (11, 0, [])
28380
2532 (12, 0, [])
30713
2533 (11, 0, [])
29153
2534 (11, 0, [])
28526
2535 (11, 0, [])
28228
2536 (11, 0, [])
28482
2537 (11, 0, [])
29270
2538 (11, 0, [])
29994
2539 (11, 0, [])
29892
2540 (11, 0, [])
29525
2541 (11, 0, [])
29477
2542 (11, 0, [])
29593
2543 (11, 0, [])
29654
2544 (11, 0, [])
29517
2545 (11, 0, [])
30198
2546 (11, 0, [])
30784
2547 (10, 0, [])
31509
2548 (11, 0, [])
32321
2549 (11, 0, [])
33487
2550 (11, 0, [])
34219
2551 (11, 0, [])
35723
2552 (11, 0, [])
35978
2553 (11, 0, [])
35453
2554 (11, 0, [])
33898
2555 (11, 0, [])
33126
2556 (12, 0, [])
20608
2557 (11, 0, [])
32130
2558 (11, 0, [])
31297
2559 (11, 0, [])
31100
2560 (11, 0, [])
30408
2561 (11, 0, [])
29803
2562 (11, 0, [])
29672
2563 (11, 0, [])
29899
2564 (11, 0, [])
29624
2565 (11, 0, [])
29246
2566 (12, 0, [])
31095
2567 (11, 0, [])
28835
2568 (12, 0, [])
30434
2569 (11, 0, [])
27411
2570 (11, 0, [])
26871
2571 (11, 0, [])
26575
2572 (12, 0, [])
27991
2573 (12, 0, [])
28447
2574 (12, 0, [])
28648
2575 (11, 0, [])
27066
2576 (11, 0, [])
27109
2577 (11, 0, [])
27232
2578 (11, 0, [])
27553
2579 (11, 0, [])
28010
2580 (11, 0, [])
28655
2581 (11, 0, [])
28899
2582 (11, 0, [])
28775
2583 (12, 0, [])
30975
2584 (11, 0, [])
28292
2585 (11, 0, [])
28235
2586 (12, 0, [])
29884
2587 (11, 0, [])
27954
2588 (11, 0, [])
27893
2589 (11, 0, [])
27975
2590 (11, 0, [])
28277
2591 (11, 0, [])
28756
2592 (11, 0, [])
28562
2593 (12, 0, [])
30618
2594 (11, 0, [])
28337
2595 (11, 0, [])
28150
2596 (11, 0, [])
27884
2597 (12, 0, [])
29320
2598 (12, 0, [])
29120
2599 (11, 0, [])
27028
2600 (12, 0, [])
28013
2601 (12, 0, [])
27755
2602 (12, 0, [])
27439
2603 (12, 0, [])
27394
2604 (11, 0, [])
26257
2605 (11, 0, [])
26495
2606 (11, 0, [])
26735
2607 (11, 0, [])
27146
2608 (12, 0, [])
28891
2609 (11, 0, [])
27674
2610 (12, 0, [])
29035
2611 (11, 0, [])
27038
2612 (11, 0, [])
26758
2613 (11, 0, [])
27079
2614 (12, 0, [])
28760
2615 (11, 0, [])
27175
2616 (11, 0, [])
27104
2617 (11, 0, [])
27347
2618 (11, 0, [])
27078
2619 (11, 0, [])
27427
2620 (11, 0, [])
27606
2621 (11, 0, [])
27722
2622 (11, 0, [])
27768
2623 (11, 0, [])
27867
2624 (12, 0, [])
29939
2625 (11, 0, [])
28693
2626 (12, 0, [])
30494
2627 (11, 0, [])
27889
2628 (12, 0, [])
29085
2629 (11, 0, [])
27169
2630 (12, 0, [])
28838
2631 (12, 0, [])
29263
2632 (12, 0, [])
29189
2633 (12, 0, [])
28858
2634 (12, 0, [])
27863
2635 (11, 0, [])
25706
2636 (12, 0, [])
26408
2637 (12, 0, [])
26563
2638 (12, 0, [])
26856
2639 (11, 0, [])
26049
2640 (12, 0, [])
26931
2641 (12, 0, [])
27202
2642 (12, 0, [])
27569
2643 (11, 0, [])
26495
2644 (12, 0, [])
27320
2645 (11, 0, [])
25951
2646 (11, 0, [])
26232
2647 (11, 0, [])
26309
2648 (12, 0, [])
27872
2649 (11, 0, [])
27756
2650 (12, 0, [])
29848
2651 (12, 0, [])
30153
2652 (12, 0, [])
29606
2653 (11, 0, [])
27483
2654 (11, 0, [])
27340
2655 (12, 0, [])
29137
2656 (12, 0, [])
29598
2657 (12, 0, [])
30076
2658 (12, 0, [])
29898
2659 (12, 0, [])
29672
2660 (12, 0, [])
28987
2661 (11, 0, [])
26647
2662 (11, 0, [])
26220
2663 (11, 0, [])
25893
2664 (12, 0, [])
26742
2665 (11, 0, [])
25848
2666 (12, 0, [])
26843
2667 (11, 0, [])
26177
2668 (12, 0, [])
27154
2669 (11, 0, [])
26288
2670 (11, 0, [])
26114
2671 (12, 0, [])
27032
2672 (12, 0, [])
27010
2673 (12, 0, [])
27113
2674 (12, 0, [])
26782
2675 (12, 0, [])
26434
2676 (12, 0, [])
25847
2677 (12, 0, [])
25551
2678 (12, 0, [])
25400
2679 (12, 0, [])
25679
2680 (11, 0, [])
25028
2681 (12, 0, [])
25699
2682 (12, 0, [])
26033
2683 (11, 0, [])
25793
2684 (12, 0, [])
27001
2685 (12, 0, [])
27597
2686 (11, 0, [])
26901
2687 (11, 0, [])
27225
2688 (11, 0, [])
27323
2689 (12, 0, [])
29062
2690 (12, 0, [])
29798
2691 (12, 0, [])
30143
2692 (12, 0, [])
29554
2693 (11, 0, [])
26745
2694 (11, 0, [])
26171
2695 (12, 0, [])
27189
2696 (12, 0, [])
27262
2697 (11, 0, [])
26864
2698 (12, 0, [])
28336
2699 (12, 0, [])
28545
2700 (12, 0, [])
28347
2701 (12, 0, [])
28566
2702 (12, 0, [])
28583
2703 (11, 0, [])
27237
2704 (11, 0, [])
26844
2705 (12, 0, [])
28114
2706 (12, 0, [])
28000
2707 (12, 0, [])
28028
2708 (12, 0, [])
27818
2709 (12, 0, [])
27576
2710 (12, 0, [])
27026
2711 (11, 0, [])
25768
2712 (12, 0, [])
26885
2713 (11, 0, [])
26535
2714 (12, 0, [])
27791
2715 (11, 0, [])
26672
2716 (11, 0, [])
26757
2717 (11, 0, [])
26663
2718 (12, 0, [])
27899
2719 (12, 0, [])
28245
2720 (12, 0, [])
28433
2721 (11, 0, [])
26680
2722 (12, 0, [])
27729
2723 (11, 0, [])
26516
2724 (12, 0, [])
27981
2725 (11, 0, [])
26515
2726 (11, 0, [])
26184
2727 (11, 0, [])
26362
2728 (11, 0, [])
26815
2729 (11, 0, [])
27705
2730 (11, 0, [])
28379
2731 (11, 0, [])
29468
2732 (12, 0, [])
32404
2733 (11, 0, [])
29372
2734 (11, 0, [])
28806
2735 (11, 0, [])
27948
2736 (12, 0, [])
29105
2737 (12, 0, [])
28695
2738 (11, 0, [])
26657
2739 (12, 0, [])
27825
2740 (12, 0, [])
27572
2741 (11, 0, [])
26330
2742 (11, 0, [])
25847
2743 (11, 0, [])
25950
2744 (11, 0, [])
26704
2745 (11, 0, [])
27236
2746 (11, 0, [])
27010
2747 (12, 0, [])
28586
2748 (11, 0, [])
27899
2749 (11, 0, [])
28525
2750 (12, 0, [])
30178
2751 (11, 0, [])
27351
2752 (11, 0, [])
26765
2753 (11, 0, [])
26044
2754 (12, 0, [])
27055
2755 (11, 0, [])
26485
2756 (11, 0, [])
26479
2757 (11, 0, [])
26337
2758 (11, 0, [])
26220
2759 (11, 0, [])
25980
2760 (12, 0, [])
27064
2761 (12, 0, [])
27668
2762 (11, 0, [])
26590
2763 (12, 0, [])
27972
2764 (12, 0, [])
27858
2765 (11, 0, [])
26384
2766 (12, 0, [])
27177
2767 (12, 0, [])
26665
2768 (11, 0, [])
25076
2769 (11, 0, [])
25132
2770 (11, 0, [])
25367
2771 (12, 0, [])
27011
2772 (11, 0, [])
26930
2773 (11, 0, [])
26829
2774 (11, 0, [])
26433
2775 (11, 0, [])
26424
2776 (11, 0, [])
26469
2777 (12, 0, [])
27775
2778 (12, 0, [])
27942
2779 (11, 0, [])
26463
2780 (11, 0, [])
26139
2781 (11, 0, [])
25800
2782 (11, 0, [])
25866
2783 (11, 0, [])
26024
2784 (11, 0, [])
26196
2785 (11, 0, [])
26463
2786 (10, 0, [])
26845
2787 (11, 0, [])
27411
2788 (11, 0, [])
27962
2789 (11, 0, [])
28570
2790 (11, 0, [])
29524
2791 (11, 0, [])
29910
2792 (11, 0, [])
29785
2793 (11, 0, [])
28985
2794 (12, 0, [])
30563
2795 (11, 0, [])
27787
2796 (11, 0, [])
27753
2797 (11, 0, [])
27751
2798 (11, 0, [])
26989
2799 (11, 0, [])
26656
2800 (12, 0, [])
27640
2801 (12, 0, [])
27535
2802 (11, 0, [])
26370
2803 (11, 0, [])
26196
2804 (11, 0, [])
26156
2805 (12, 0, [])
27667
2806 (12, 0, [])
28247
2807 (12, 0, [])
28474
2808 (12, 0, [])
27955
2809 (11, 0, [])
25795
2810 (11, 0, [])
25173
2811 (12, 0, [])
26078
2812 (12, 0, [])
26307
2813 (12, 0, [])
26466
2814 (11, 0, [])
25100
2815 (11, 0, [])
24689
2816 (12, 0, [])
25028
2817 (12, 0, [])
25265
2818 (12, 0, [])
25607
2819 (11, 0, [])
25674
2820 (12, 0, [])
26339
2821 (12, 0, [])
26245
2822 (12, 0, [])
25817
2823 (12, 0, [])
25418
2824 (11, 0, [])
24277
2825 (12, 0, [])
24276
2826 (12, 0, [])
24129
2827 (11, 0, [])
24374
2828 (12, 0, [])
24860
2829 (12, 0, [])
25559
2830 (11, 0, [])
25443
2831 (12, 0, [])
26246
2832 (12, 0, [])
25980
2833 (11, 0, [])
24862
2834 (12, 0, [])
25427
2835 (12, 0, [])
25417
2836 (12, 0, [])
25589
2837 (12, 0, [])
25889
2838 (12, 0, [])
25632
2839 (12, 0, [])
25445
2840 (12, 0, [])
25154
2841 (12, 0, [])
24808
2842 (12, 0, [])
24693
2843 (11, 0, [])
24559
2844 (11, 0, [])
24521
2845 (12, 0, [])
25082
2846 (12, 0, [])
25540
2847 (12, 0, [])
26473
2848 (12, 0, [])
26900
2849 (12, 0, [])
26640
2850 (11, 0, [])
25145
2851 (11, 0, [])
24927
2852 (12, 0, [])
25531
2853 (12, 0, [])
26205
2854 (12, 0, [])
26416
2855 (11, 0, [])
25101
2856 (11, 0, [])
24647
2857 (11, 0, [])
24129
2858 (12, 0, [])
24344
2859 (12, 0, [])
24803
2860 (11, 0, [])
25006
2861 (11, 0, [])
25033
2862 (12, 0, [])
25692
2863 (11, 0, [])
25282
2864 (12, 0, [])
25840
2865 (12, 0, [])
25595
2866 (12, 0, [])
25287
2867 (12, 0, [])
25022
2868 (12, 0, [])
24745
2869 (12, 0, [])
24712
2870 (12, 0, [])
24768
2871 (12, 0, [])
24936
2872 (12, 0, [])
24444
2873 (12, 0, [])
23956
2874 (12, 0, [])
23315
2875 (12, 0, [])
23816
2876 (12, 0, [])
24312
2877 (12, 0, [])
25052
2878 (11, 0, [])
24846
2879 (12, 0, [])
25781
2880 (12, 0, [])
25912
2881 (12, 0, [])
26185
2882 (12, 0, [])
25997
2883 (12, 0, [])
25716
2884 (11, 0, [])
24619
2885 (11, 0, [])
24657
2886 (11, 0, [])
24905
2887 (11, 0, [])
25346
2888 (12, 0, [])
26362
2889 (12, 0, [])
26843
2890 (12, 0, [])
26406
2891 (11, 0, [])
25022
2892 (11, 0, [])
25180
2893 (12, 0, [])
25771
2894 (12, 0, [])
25958
2895 (12, 0, [])
26111
2896 (12, 0, [])
25851
2897 (12, 0, [])
25542
2898 (12, 0, [])
24974
2899 (12, 0, [])
24735
2900 (12, 0, [])
24331
2901 (11, 0, [])
23711
2902 (12, 0, [])
23731
2903 (12, 0, [])
24281
2904 (12, 0, [])
24456
2905 (12, 0, [])
24535
2906 (12, 0, [])
24240
2907 (12, 0, [])
24205
2908 (12, 0, [])
24156
2909 (11, 0, [])
24236
2910 (12, 0, [])
25033
2911 (12, 0, [])
25914
2912 (12, 0, [])
26006
2913 (12, 0, [])
25559
2914 (12, 0, [])
25006
2915 (12, 0, [])
24666
2916 (12, 0, [])
24439
2917 (12, 0, [])
24625
2918 (11, 0, [])
24370
2919 (11, 0, [])
24073
2920 (12, 0, [])
24210
2921 (12, 0, [])
24445
2922 (12, 0, [])
24681
2923 (12, 0, [])
24901
2924 (12, 0, [])
24692
2925 (12, 0, [])
24843
2926 (11, 0, [])
24851
2927 (11, 0, [])
24908
2928 (12, 0, [])
25745
2929 (11, 0, [])
25413
2930 (12, 0, [])
25919
2931 (12, 0, [])
25439
2932 (12, 0, [])
24652
2933 (12, 0, [])
24201
2934 (12, 0, [])
23880
2935 (12, 0, [])
23992
2936 (12, 0, [])
24111
2937 (12, 0, [])
24063
2938 (12, 0, [])
23856
2939 (12, 0, [])
23797
2940 (12, 0, [])
23933
2941 (12, 0, [])
24203
2942 (12, 0, [])
24664
2943 (11, 0, [])
24706
2944 (12, 0, [])
25255
2945 (12, 0, [])
25502
2946 (12, 0, [])
25547
2947 (12, 0, [])
25475
2948 (12, 0, [])
24995
2949 (11, 0, [])
24357
2950 (12, 0, [])
24658
2951 (12, 0, [])
24888
2952 (12, 0, [])
25452
2953 (11, 0, [])
25286
2954 (11, 0, [])
25088
2955 (11, 0, [])
25181
2956 (11, 0, [])
25184
2957 (12, 0, [])
26073
2958 (12, 0, [])
26421
2959 (11, 0, [])
26042
2960 (12, 0, [])
26879
2961 (11, 0, [])
25592
2962 (12, 0, [])
25995
2963 (12, 0, [])
25507
2964 (12, 0, [])
25256
2965 (12, 0, [])
25180
2966 (12, 0, [])
24906
2967 (11, 0, [])
24415
2968 (12, 0, [])
25078
2969 (12, 0, [])
25703
2970 (12, 0, [])
26257
2971 (11, 0, [])
25187
2972 (12, 0, [])
25304
2973 (12, 0, [])
24807
2974 (12, 0, [])
24695
2975 (12, 0, [])
24789
2976 (12, 0, [])
24973
2977 (11, 0, [])
24192
2978 (12, 0, [])
24140
2979 (11, 0, [])
24033
2980 (12, 0, [])
24306
2981 (11, 0, [])
24569
2982 (11, 0, [])
24614
2983 (11, 0, [])
24847
2984 (11, 0, [])
25459
2985 (11, 0, [])
25498
2986 (11, 0, [])
25790
2987 (11, 0, [])
26870
2988 (12, 0, [])
28590
2989 (11, 0, [])
27048
2990 (11, 0, [])
26470
2991 (11, 0, [])
26088
2992 (12, 0, [])
26537
2993 (12, 0, [])
26226
2994 (12, 0, [])
26092
2995 (12, 0, [])
25841
2996 (12, 0, [])
25349
2997 (11, 0, [])
24373
2998 (12, 0, [])
24349
2999 (12, 0, [])
24342
3000 (12, 0, [])
24388
3001 (11, 0, [])
24187
3002 (12, 0, [])
24266
3003 (12, 0, [])
24287
3004 (12, 0, [])
24442
3005 (12, 0, [])
24564
3006 (12, 0, [])
24179
3007 (12, 0, [])
23967
3008 (11, 0, [])
23828
3009 (12, 0, [])
24184
3010 (12, 0, [])
24714
3011 (12, 0, [])
24908
3012 (12, 0, [])
24717
3013 (12, 0, [])
24277
3014 (11, 0, [])
23642
3015 (11, 0, [])
23500
3016 (12, 0, [])
23653
3017 (12, 0, [])
24061
3018 (11, 0, [])
24035
3019 (12, 0, [])
24285
3020 (12, 0, [])
24487
3021 (12, 0, [])
24727
3022 (11, 0, [])
24454
3023 (12, 0, [])
24910
3024 (11, 0, [])
24345
3025 (11, 0, [])
24424
3026 (11, 0, [])
24748
3027 (12, 0, [])
25352
3028 (11, 0, [])
25412
3029 (12, 0, [])
26451
3030 (12, 0, [])
26650
3031 (12, 0, [])
26394
3032 (11, 0, [])
24733
3033 (12, 0, [])
24812
3034 (12, 0, [])
24438
3035 (12, 0, [])
24102
3036 (12, 0, [])
23734
3037 (12, 0, [])
23467
3038 (12, 0, [])
22707
3039 (12, 0, [])
21939
3040 (12, 0, [])
21176
3041 (12, 0, [])
20723
3042 (11, 0, [])
20607
3043 (12, 0, [])
20777
3044 (12, 0, [])
20922
3045 (12, 0, [])
22076
3046 (12, 0, [])
22424
3047 (12, 0, [])
22344
3048 (12, 0, [])
22014
3049 (12, 0, [])
21919
3050 (12, 0, [])
21953
3051 (12, 0, [])
22624
3052 (12, 0, [])
23374
3053 (11, 0, [])
23121
3054 (12, 0, [])
21992
3055 (11, 0, [])
21631
3056 (12, 0, [])
21150
3057 (12, 0, [])
20996
3058 (12, 0, [])
22507
3059 (11, 0, [])
23209
3060 (12, 0, [])
22848
3061 (12, 0, [])
22796
3062 (12, 0, [])
23619
3063 (12, 0, [])
24074
3064 (12, 0, [])
23804
3065 (12, 0, [])
23587
3066 (11, 0, [])
22920
3067 (12, 0, [])
23366
3068 (11, 0, [])
23849
3069 (11, 0, [])
23873
3070 (12, 0, [])
24003
3071 (11, 0, [])
23591
3072 (11, 0, [])
23592
3073 (11, 0, [])
23455
3074 (12, 0, [])
23922
3075 (12, 0, [])
23836
3076 (12, 0, [])
23554
3077 (12, 0, [])
23120
3078 (12, 0, [])
22512
3079 (12, 0, [])
22573
3080 (11, 0, [])
22377
3081 (12, 0, [])
21560
3082 (12, 0, [])
21015
3083 (11, 0, [])
21067
3084 (12, 0, [])
21784
3085 (12, 0, [])
22984
3086 (11, 0, [])
23959
3087 (12, 0, [])
25021
3088 (12, 0, [])
24975
3089 (12, 0, [])
24769
3090 (11, 0, [])
24300
3091 (12, 0, [])
24604
3092 (11, 0, [])
24486
3093 (12, 0, [])
24997
3094 (12, 0, [])
24648
3095 (12, 0, [])
24159
3096 (12, 0, [])
23887
3097 (12, 0, [])
23900
3098 (12, 0, [])
23839
3099 (11, 0, [])
23934
3100 (11, 0, [])
23711
3101 (12, 0, [])
23647
3102 (12, 0, [])
23339
3103 (12, 0, [])
23164
3104 (12, 0, [])
22878
3105 (12, 0, [])
22851
3106 (11, 0, [])
22080
3107 (11, 0, [])
22280
3108 (12, 0, [])
22048
3109 (12, 0, [])
21941
3110 (12, 0, [])
22478
3111 (12, 0, [])
23224
3112 (12, 0, [])
22082
3113 (12, 0, [])
20612
3114 (12, 0, [])
39820
3115 (12, 0, [])
39960
3116 (12, 0, [])
21757
3117 (12, 0, [])
22353
3118 (12, 0, [])
22047
3119 (12, 0, [])
22521
3120 (12, 0, [])
22802
3121 (11, 0, [])
23727
3122 (12, 0, [])
23958
3123 (11, 0, [])
24127
3124 (11, 0, [])
24565
3125 (11, 0, [])
24763
3126 (12, 0, [])
25423
3127 (11, 0, [])
25375
3128 (12, 0, [])
26233
3129 (11, 0, [])
24994
3130 (11, 0, [])
24597
3131 (11, 0, [])
24376
3132 (12, 0, [])
24599
3133 (11, 0, [])
24638
3134 (12, 0, [])
24969
3135 (12, 0, [])
24792
3136 (12, 0, [])
24291
3137 (12, 0, [])
24116
3138 (12, 0, [])
24137
3139 (12, 0, [])
24276
3140 (12, 0, [])
24088
3141 (11, 0, [])
23584
3142 (12, 0, [])
23165
3143 (12, 0, [])
23028
3144 (12, 0, [])
22918
3145 (12, 0, [])
22929
3146 (12, 0, [])
21785
3147 (12, 0, [])
21242
3148 (12, 0, [])
20700
3149 (11, 0, [])
20465
3150 (12, 0, [])
21365
3151 (12, 0, [])
23013
3152 (12, 0, [])
23244
3153 (11, 0, [])
23146
3154 (12, 0, [])
23124
3155 (12, 0, [])
24046
3156 (12, 0, [])
24198
3157 (12, 0, [])
24287
3158 (12, 0, [])
23774
3159 (12, 0, [])
23516
3160 (12, 0, [])
22629
3161 (11, 0, [])
22570
3162 (12, 0, [])
22366
3163 (12, 0, [])
22812
3164 (12, 0, [])
22982
3165 (11, 0, [])
23851
3166 (12, 0, [])
24410
3167 (12, 0, [])
25229
3168 (12, 0, [])
25815
3169 (12, 0, [])
25980
3170 (12, 0, [])
25348
3171 (12, 0, [])
24656
3172 (12, 0, [])
24150
3173 (12, 0, [])
24043
3174 (12, 0, [])
23674
3175 (12, 0, [])
23337
3176 (12, 0, [])
22544
3177 (11, 0, [])
21870
3178 (12, 0, [])
21065
3179 (12, 0, [])
21280
3180 (12, 0, [])
20891
3181 (12, 0, [])
21760
3182 (11, 0, [])
22698
3183 (12, 0, [])
22927
3184 (12, 0, [])
22387
3185 (12, 0, [])
23275
3186 (12, 0, [])
23380
3187 (12, 0, [])
22877
3188 (12, 0, [])
21225
3189 (12, 0, [])
21056
3190 (12, 0, [])
20456
3191 (12, 0, [])
20836
3192 (12, 0, [])
21238
3193 (11, 0, [])
21563
3194 (11, 0, [])
21504
3195 (11, 0, [])
21493
3196 (12, 0, [])
21849
3197 (12, 0, [])
23832
3198 (12, 0, [])
24559
3199 (12, 0, [])
24530
3200 (12, 0, [])
24144
3201 (11, 0, [])
24025
3202 (12, 0, [])
24015
3203 (12, 0, [])
23867
3204 (12, 0, [])
23338
3205 (11, 0, [])
23252
3206 (12, 0, [])
22498
3207 (12, 0, [])
22076
3208 (12, 0, [])
22817
3209 (11, 0, [])
23887
3210 (12, 0, [])
23640
3211 (12, 0, [])
23257
3212 (12, 0, [])
22114
3213 (11, 0, [])
21571
3214 (12, 0, [])
21196
3215 (12, 0, [])
21749
3216 (12, 0, [])
21173
3217 (12, 0, [])
21253
3218 (12, 0, [])
21214
3219 (12, 0, [])
20599
3220 (12, 0, [])
20269
3221 (12, 0, [])
20419
3222 (12, 0, [])
20400
3223 (11, 0, [])
21491
3224 (12, 0, [])
22109
3225 (12, 0, [])
23233
3226 (12, 0, [])
24058
3227 (12, 0, [])
24646
3228 (12, 0, [])
24322
3229 (12, 0, [])
23987
3230 (11, 0, [])
23398
3231 (12, 0, [])
23052
3232 (11, 0, [])
21507
3233 (12, 0, [])
21191
3234 (12, 0, [])
21167
3235 (12, 0, [])
21610
3236 (12, 0, [])
21460
3237 (12, 0, [])
21072
3238 (12, 0, [])
20606
3239 (12, 0, [])
20495
3240 (12, 0, [])
39935
3241 (11, 0, [])
20238
3242 (12, 0, [])
20585
3243 (12, 0, [])
21507
3244 (12, 0, [])
22230
3245 (12, 0, [])
22274
3246 (12, 0, [])
21042
3247 (12, 0, [])
20733
3248 (12, 0, [])
39820
3249 (12, 0, [])
20593
3250 (12, 0, [])
20773
3251 (12, 0, [])
21229
3252 (12, 0, [])
20704
3253 (11, 0, [])
20076
3254 (12, 0, [])
38900
3255 (12, 0, [])
38334
3256 (12, 0, [])
38539
3257 (11, 0, [])
38867
3258 (12, 0, [])
38882
3259 (12, 0, [])
38874
3260 (12, 0, [])
38967
3261 (12, 0, [])
39277
3262 (12, 0, [])
39133
3263 (11, 0, [])
39358
3264 (11, 0, [])
39691
3265 (11, 0, [])
20950
3266 (12, 0, [])
22219
3267 (12, 0, [])
24035
3268 (12, 0, [])
24866
3269 (12, 0, [])
24868
3270 (12, 0, [])
24258
3271 (11, 0, [])
23711
3272 (12, 0, [])
23457
3273 (11, 0, [])
22919
3274 (11, 0, [])
22611
3275 (12, 0, [])
23271
3276 (12, 0, [])
23168
3277 (12, 0, [])
22521
3278 (12, 0, [])
22336
3279 (11, 0, [])
21327
3280 (12, 0, [])
20777
3281 (11, 0, [])
20550
3282 (12, 0, [])
20774
3283 (12, 0, [])
21891
3284 (12, 0, [])
23844
3285 (12, 0, [])
24096
3286 (12, 0, [])
23754
3287 (11, 0, [])
23179
3288 (12, 0, [])
21992
3289 (12, 0, [])
20872
3290 (12, 0, [])
20670
3291 (12, 0, [])
20920
3292 (11, 0, [])
20447
3293 (11, 0, [])
39383
3294 (12, 0, [])
38680
3295 (12, 0, [])
38797
3296 (12, 0, [])
39360
3297 (12, 0, [])
20675
3298 (12, 0, [])
20866
3299 (11, 0, [])
20721
3300 (12, 0, [])
20282
3301 (12, 0, [])
20662
3302 (12, 0, [])
20407
3303 (12, 0, [])
39987
3304 (11, 0, [])
39783
3305 (11, 0, [])
39878
3306 (12, 0, [])
20422
3307 (12, 0, [])
21125
3308 (12, 0, [])
22245
3309 (12, 0, [])
23684
3310 (12, 0, [])
23832
3311 (11, 0, [])
23426
3312 (11, 0, [])
22681
3313 (12, 0, [])
21782
3314 (12, 0, [])
21307
3315 (11, 0, [])
21529
3316 (12, 0, [])
21791
3317 (12, 0, [])
21716
3318 (11, 0, [])
21558
3319 (11, 0, [])
22206
3320 (12, 0, [])
22279
3321 (11, 0, [])
22060
3322 (11, 0, [])
22028
3323 (11, 0, [])
23755
3324 (12, 0, [])
24519
3325 (11, 0, [])
24975
3326 (12, 0, [])
25497
3327 (12, 0, [])
25503
3328 (12, 0, [])
24912
3329 (11, 0, [])
23960
3330 (12, 0, [])
23869
3331 (12, 0, [])
23602
3332 (12, 0, [])
23229
3333 (11, 0, [])
23688
3334 (12, 0, [])
23694
3335 (12, 0, [])
23587
3336 (12, 0, [])
22782
3337 (12, 0, [])
22198
3338 (12, 0, [])
21807
3339 (11, 0, [])
21640
3340 (12, 0, [])
21199
3341 (12, 0, [])
21069
3342 (12, 0, [])
21612
3343 (12, 0, [])
21838
3344 (12, 0, [])
21791
3345 (11, 0, [])
21395
3346 (11, 0, [])
21149
3347 (11, 0, [])
22032
3348 (12, 0, [])
23738
3349 (12, 0, [])
24904
3350 (11, 0, [])
24637
3351 (11, 0, [])
24435
3352 (12, 0, [])
24316
3353 (11, 0, [])
23883
3354 (12, 0, [])
23920
3355 (11, 0, [])
23651
3356 (11, 0, [])
23528
3357 (11, 0, [])
23387
3358 (12, 0, [])
23469
3359 (11, 0, [])
24003
3360 (11, 0, [])
24100
3361 (11, 0, [])
24299
3362 (11, 0, [])
24279
3363 (10, 0, [])
24659
3364 (11, 0, [])
25170
3365 (11, 0, [])
25534
3366 (11, 0, [])
26270
3367 (11, 0, [])
26294
3368 (12, 0, [])
27278
3369 (11, 0, [])
25677
3370 (11, 0, [])
24948
3371 (11, 0, [])
24804
3372 (12, 0, [])
24952
3373 (11, 0, [])
24540
3374 (11, 0, [])
24459
3375 (11, 0, [])
24081
3376 (12, 0, [])
24120
3377 (11, 0, [])
23837
3378 (12, 0, [])
23547
3379 (11, 0, [])
23552
3380 (11, 0, [])
23295
3381 (11, 0, [])
23577
3382 (12, 0, [])
23724
3383 (12, 0, [])
23828
3384 (12, 0, [])
23608
3385 (12, 0, [])
23143
3386 (12, 0, [])
22659
3387 (11, 0, [])
21275
3388 (12, 0, [])
20323
3389 (12, 0, [])
20579
3390 (12, 0, [])
20619
3391 (11, 0, [])
21468
3392 (12, 0, [])
21498
3393 (12, 0, [])
21799
3394 (12, 0, [])
21443
3395 (12, 0, [])
21003
3396 (12, 0, [])
20924
3397 (12, 0, [])
20838
3398 (12, 0, [])
39944
3399 (12, 0, [])
38779
3400 (12, 0, [])
38273
3401 (11, 0, [])
38229
3402 (12, 0, [])
37504
3403 (11, 0, [])
37282
3404 (11, 0, [])
37524
3405 (12, 0, [])
38362
3406 (12, 0, [])
39638
3407 (11, 0, [])
21073
3408 (12, 0, [])
21844
3409 (12, 0, [])
22274
3410 (12, 0, [])
22167
3411 (11, 0, [])
22302
3412 (12, 0, [])
21827
3413 (12, 0, [])
20998
3414 (12, 0, [])
20154
3415 (12, 0, [])
20289
3416 (12, 0, [])
39811
3417 (12, 0, [])
20162
3418 (12, 0, [])
39191
3419 (12, 0, [])
38382
3420 (11, 0, [])
38114
3421 (11, 0, [])
38123
3422 (11, 0, [])
38861
3423 (12, 0, [])
39911
3424 (12, 0, [])
21628
3425 (12, 0, [])
23403
3426 (12, 0, [])
23572
3427 (12, 0, [])
23156
3428 (12, 0, [])
21776
3429 (12, 0, [])
20689
3430 (12, 0, [])
20067
3431 (12, 0, [])
39972
3432 (11, 0, [])
39589
3433 (11, 0, [])
38726
3434 (12, 0, [])
37702
3435 (12, 0, [])
37375
3436 (12, 0, [])
36673
3437 (12, 0, [])
37362
3438 (12, 0, [])
37332
3439 (12, 0, [])
36552
3440 (12, 0, [])
36258
3441 (11, 0, [])
36963
3442 (12, 0, [])
36546
3443 (12, 0, [])
35278
3444 (12, 0, [])
33975
3445 (12, 0, [])
33770
3446 (12, 0, [])
33928
3447 (12, 0, [])
35177
3448 (12, 0, [])
36349
3449 (12, 0, [])
36533
3450 (12, 0, [])
35575
3451 (12, 0, [])
35332
3452 (12, 0, [])
34824
3453 (12, 0, [])
35015
3454 (11, 0, [])
35642
3455 (11, 0, [])
36501
3456 (12, 0, [])
37080
3457 (12, 0, [])
37654
3458 (12, 0, [])
38256
3459 (12, 0, [])
39101
3460 (12, 0, [])
38744
3461 (11, 0, [])
38488
3462 (11, 0, [])
38266
3463 (11, 0, [])
38510
3464 (12, 0, [])
39858
3465 (12, 0, [])
21933
3466 (12, 0, [])
23591
3467 (12, 0, [])
23704
3468 (12, 0, [])
22985
3469 (11, 0, [])
21641
3470 (12, 0, [])
39969
3471 (12, 0, [])
39752
3472 (12, 0, [])
39698
3473 (12, 0, [])
39955
3474 (12, 0, [])
39549
3475 (12, 0, [])
38817
3476 (12, 0, [])
37431
3477 (12, 0, [])
36707
3478 (12, 0, [])
36374
3479 (12, 0, [])
36377
3480 (12, 0, [])
36084
3481 (12, 0, [])
36496
3482 (12, 0, [])
36998
3483 (12, 0, [])
36474
3484 (12, 0, [])
35170
3485 (12, 0, [])
34494
3486 (12, 0, [])
33768
3487 (12, 0, [])
33938
3488 (12, 0, [])
34572
3489 (11, 0, [])
35204
3490 (12, 0, [])
35342
3491 (12, 0, [])
35209
3492 (12, 0, [])
33912
3493 (12, 0, [])
33725
3494 (12, 0, [])
33776
3495 (12, 0, [])
34206
3496 (12, 0, [])
34629
3497 (12, 0, [])
34869
3498 (12, 0, [])
34708
3499 (12, 0, [])
35037
3500 (12, 0, [])
35018
3501 (12, 0, [])
34507
3502 (12, 0, [])
34180
3503 (11, 0, [])
34957
3504 (12, 0, [])
35922
3505 (12, 0, [])
37148
3506 (12, 0, [])
38054
3507 (12, 0, [])
39411
3508 (12, 0, [])
39601
3509 (12, 0, [])
38408
3510 (12, 0, [])
36752
3511 (12, 0, [])
35940
3512 (12, 0, [])
35321
3513 (12, 0, [])
35652
3514 (12, 0, [])
36139
3515 (12, 0, [])
35959
3516 (12, 0, [])
35728
3517 (12, 0, [])
35276
3518 (12, 0, [])
34627
3519 (11, 0, [])
35258
3520 (12, 0, [])
36216
3521 (12, 0, [])
36791
3522 (12, 0, [])
37986
3523 (12, 0, [])
39781
3524 (12, 0, [])
20725
3525 (12, 0, [])
39932
3526 (12, 0, [])
38030
3527 (11, 0, [])
37264
3528 (12, 0, [])
36608
3529 (12, 0, [])
37440
3530 (12, 0, [])
38690
3531 (11, 0, [])
39089
3532 (11, 0, [])
38774
3533 (11, 0, [])
38513
3534 (12, 0, [])
38303
3535 (12, 0, [])
39234
3536 (12, 0, [])
20241
3537 (12, 0, [])
21037
3538 (12, 0, [])
20957
3539 (11, 0, [])
20659
3540 (12, 0, [])
39906
3541 (12, 0, [])
39004
3542 (12, 0, [])
37878
3543 (12, 0, [])
37580
3544 (12, 0, [])
37525
3545 (12, 0, [])
37635
3546 (12, 0, [])
37944
3547 (12, 0, [])
38580
3548 (12, 0, [])
39149
3549 (12, 0, [])
38389
3550 (12, 0, [])
36928
3551 (12, 0, [])
36017
3552 (12, 0, [])
34988
3553 (12, 0, [])
35226
3554 (12, 0, [])
34986
3555 (12, 0, [])
34657
3556 (12, 0, [])
34319
3557 (12, 0, [])
34205
3558 (12, 0, [])
34487
3559 (12, 0, [])
35006
3560 (12, 0, [])
35427
3561 (11, 0, [])
36944
3562 (12, 0, [])
38752
3563 (12, 0, [])
20054
3564 (12, 0, [])
21330
3565 (12, 0, [])
23432
3566 (12, 0, [])
23422
3567 (12, 0, [])
22993
3568 (12, 0, [])
21040
3569 (12, 0, [])
39816
3570 (12, 0, [])
38452
3571 (12, 0, [])
39101
3572 (12, 0, [])
39363
3573 (12, 0, [])
38847
3574 (12, 0, [])
38442
3575 (12, 0, [])
38111
3576 (12, 0, [])
37392
3577 (12, 0, [])
37975
3578 (12, 0, [])
37354
3579 (12, 0, [])
36928
3580 (12, 0, [])
36062
3581 (12, 0, [])
36120
3582 (12, 0, [])
36062
3583 (12, 0, [])
35645
3584 (12, 0, [])
34652
3585 (11, 0, [])
34491
3586 (11, 0, [])
34868
3587 (12, 0, [])
36688
3588 (12, 0, [])
38022
3589 (11, 0, [])
38533
3590 (12, 0, [])
38494
3591 (12, 0, [])
38399
3592 (12, 0, [])
37944
3593 (12, 0, [])
38350
3594 (12, 0, [])
38465
3595 (11, 0, [])
38885
3596 (12, 0, [])
38755
3597 (12, 0, [])
39087
3598 (12, 0, [])
39470
3599 (11, 0, [])
39450
3600 (11, 0, [])
39909
3601 (11, 0, [])
20536
3602 (11, 0, [])
21068
3603 (11, 0, [])
23899
3604 (11, 0, [])
25190
3605 (11, 0, [])
26024
3606 (11, 0, [])
26056
3607 (12, 0, [])
26683
3608 (12, 0, [])
25857
3609 (11, 0, [])
24648
3610 (12, 0, [])
24365
3611 (12, 0, [])
24203
3612 (12, 0, [])
23806
3613 (12, 0, [])
23570
3614 (12, 0, [])
23079
3615 (11, 0, [])
22418
3616 (12, 0, [])
20804
3617 (12, 0, [])
39939
3618 (12, 0, [])
39317
3619 (11, 0, [])
39931
3620 (12, 0, [])
39640
3621 (12, 0, [])
39903
3622 (12, 0, [])
20164
3623 (12, 0, [])
20253
3624 (12, 0, [])
39251
3625 (12, 0, [])
38134
3626 (12, 0, [])
36924
3627 (12, 0, [])
36260
3628 (12, 0, [])
35915
3629 (12, 0, [])
36647
3630 (12, 0, [])
36372
3631 (12, 0, [])
35370
3632 (12, 0, [])
34604
3633 (12, 0, [])
34416
3634 (12, 0, [])
34374
3635 (12, 0, [])
35438
3636 (12, 0, [])
35969
3637 (12, 0, [])
36341
3638 (12, 0, [])
35806
3639 (12, 0, [])
36140
3640 (12, 0, [])
35583
3641 (12, 0, [])
35219
3642 (12, 0, [])
34877
3643 (11, 0, [])
34984
3644 (12, 0, [])
35184
3645 (12, 0, [])
35829
3646 (11, 0, [])
36636
3647 (12, 0, [])
37397
3648 (12, 0, [])
37565
3649 (12, 0, [])
37472
3650 (12, 0, [])
36878
3651 (12, 0, [])
36875
3652 (12, 0, [])
36255
3653 (12, 0, [])
36431
3654 (12, 0, [])
35933
3655 (12, 0, [])
35657
3656 (12, 0, [])
34695
3657 (12, 0, [])
34245
3658 (12, 0, [])
33046
3659 (12, 0, [])
32970
3660 (11, 0, [])
33603
3661 (12, 0, [])
34158
3662 (12, 0, [])
34261
3663 (12, 0, [])
35511
3664 (12, 0, [])
36072
3665 (12, 0, [])
35841
3666 (12, 0, [])
35309
3667 (12, 0, [])
34952
3668 (12, 0, [])
33960
3669 (12, 0, [])
34270
3670 (12, 0, [])
34611
3671 (12, 0, [])
34320
3672 (12, 0, [])
33357
3673 (12, 0, [])
33021
3674 (12, 0, [])
32497
3675 (12, 0, [])
32618
3676 (12, 0, [])
32907
3677 (11, 0, [])
33085
3678 (12, 0, [])
32643
3679 (12, 0, [])
33006
3680 (12, 0, [])
33492
3681 (12, 0, [])
33877
3682 (12, 0, [])
33698
3683 (12, 0, [])
33340
3684 (12, 0, [])
33052
3685 (12, 0, [])
33540
3686 (12, 0, [])
33716
3687 (12, 0, [])
34457
3688 (12, 0, [])
33994
3689 (12, 0, [])
32886
3690 (12, 0, [])
31652
3691 (12, 0, [])
31619
3692 (12, 0, [])
31879
3693 (12, 0, [])
32859
3694 (11, 0, [])
33157
3695 (12, 0, [])
33186
3696 (12, 0, [])
32679
3697 (12, 0, [])
33188
3698 (12, 0, [])
33720
3699 (12, 0, [])
33842
3700 (12, 0, [])
33544
3701 (11, 0, [])
34026
3702 (12, 0, [])
34858
3703 (12, 0, [])
36123
3704 (12, 0, [])
37718
3705 (12, 0, [])
39854
3706 (12, 0, [])
20773
3707 (12, 0, [])
39935
3708 (12, 0, [])
38455
3709 (12, 0, [])
37831
3710 (12, 0, [])
37568
3711 (12, 0, [])
38503
3712 (12, 0, [])
38742
3713 (12, 0, [])
38011
3714 (12, 0, [])
36604
3715 (12, 0, [])
36271
3716 (12, 0, [])
35492
3717 (12, 0, [])
36009
3718 (12, 0, [])
35616
3719 (12, 0, [])
34971
3720 (12, 0, [])
34489
3721 (12, 0, [])
34268
3722 (12, 0, [])
33468
3723 (12, 0, [])
32349
3724 (12, 0, [])
31699
3725 (11, 0, [])
31739
3726 (12, 0, [])
31510
3727 (12, 0, [])
32280
3728 (12, 0, [])
32566
3729 (12, 0, [])
32264
3730 (12, 0, [])
31346
3731 (12, 0, [])
31138
3732 (12, 0, [])
30824
3733 (12, 0, [])
31126
3734 (12, 0, [])
31742
3735 (12, 0, [])
32194
3736 (12, 0, [])
32202
3737 (12, 0, [])
31822
3738 (12, 0, [])
31213
3739 (12, 0, [])
30939
3740 (12, 0, [])
30561
3741 (12, 0, [])
31038
3742 (12, 0, [])
31943
3743 (12, 0, [])
32913
3744 (12, 0, [])
33468
3745 (12, 0, [])
34385
3746 (12, 0, [])
35160
3747 (12, 0, [])
34749
3748 (12, 0, [])
33427
3749 (11, 0, [])
32890
3750 (12, 0, [])
32012
3751 (12, 0, [])
32074
3752 (12, 0, [])
32781
3753 (12, 0, [])
33698
3754 (12, 0, [])
34062
3755 (12, 0, [])
34534
3756 (12, 0, [])
34422
3757 (12, 0, [])
34541
3758 (12, 0, [])
34572
3759 (12, 0, [])
34678
3760 (12, 0, [])
34162
3761 (12, 0, [])
34175
3762 (12, 0, [])
34546
3763 (12, 0, [])
34892
3764 (12, 0, [])
34085
3765 (12, 0, [])
33787
3766 (12, 0, [])
33250
3767 (12, 0, [])
33187
3768 (12, 0, [])
33967
3769 (12, 0, [])
34465
3770 (11, 0, [])
34333
3771 (11, 0, [])
34510
3772 (11, 0, [])
34661
3773 (12, 0, [])
35826
3774 (12, 0, [])
36996
3775 (11, 0, [])
37977
3776 (12, 0, [])
38785
3777 (12, 0, [])
38764
3778 (12, 0, [])
38083
3779 (11, 0, [])
37809
3780 (12, 0, [])
36789
3781 (12, 0, [])
36366
3782 (12, 0, [])
36144
3783 (11, 0, [])
36573
3784 (12, 0, [])
37027
3785 (12, 0, [])
38498
3786 (12, 0, [])
39775
3787 (12, 0, [])
20867
3788 (12, 0, [])
20158
3789 (12, 0, [])
39796
3790 (12, 0, [])
38674
3791 (12, 0, [])
38285
3792 (12, 0, [])
37119
3793 (12, 0, [])
36267
3794 (12, 0, [])
35338
3795 (12, 0, [])
34886
3796 (12, 0, [])
34523
3797 (12, 0, [])
34788
3798 (12, 0, [])
34309
3799 (12, 0, [])
35134
3800 (12, 0, [])
35921
3801 (12, 0, [])
36673
3802 (12, 0, [])
36316
3803 (12, 0, [])
37301
3804 (13, 0, [])
27338
3805 (12, 0, [])
36941
3806 (12, 0, [])
35366
3807 (12, 0, [])
34812
3808 (12, 0, [])
32719
3809 (12, 0, [])
32285
3810 (13, 0, [])
35582
3811 (12, 0, [])
31787
3812 (12, 0, [])
31283
3813 (12, 0, [])
31196
3814 (12, 0, [])
30956
3815 (12, 0, [])
31978
3816 (12, 0, [])
32726
3817 (12, 0, [])
33280
3818 (12, 0, [])
32756
3819 (12, 0, [])
32857
3820 (12, 0, [])
32488
3821 (12, 0, [])
32046
3822 (12, 0, [])
30792
3823 (12, 0, [])
30355
3824 (12, 0, [])
29986
3825 (12, 0, [])
30034
3826 (12, 0, [])
30806
3827 (12, 0, [])
31951
3828 (12, 0, [])
32322
3829 (12, 0, [])
32049
3830 (12, 0, [])
31590
3831 (12, 0, [])
31728
3832 (12, 0, [])
31669
3833 (12, 0, [])
32194
3834 (12, 0, [])
32081
3835 (12, 0, [])
32045
3836 (12, 0, [])
31651
3837 (12, 0, [])
31376
3838 (12, 0, [])
31392
3839 (12, 0, [])
31508
3840 (12, 0, [])
31493
3841 (11, 0, [])
32483
3842 (12, 0, [])
33125
3843 (12, 0, [])
34228
3844 (12, 0, [])
35377
3845 (12, 0, [])
37289
3846 (12, 0, [])
38182
3847 (12, 0, [])
37870
3848 (12, 0, [])
36612
3849 (12, 0, [])
35909
3850 (12, 0, [])
34666
3851 (12, 0, [])
34429
3852 (12, 0, [])
33961
3853 (12, 0, [])
33495
3854 (12, 0, [])
32785
3855 (12, 0, [])
32490
3856 (12, 0, [])
31621
3857 (12, 0, [])
31994
3858 (12, 0, [])
31974
3859 (12, 0, [])
32695
3860 (12, 0, [])
33479
3861 (12, 0, [])
35169
3862 (12, 0, [])
35875
3863 (12, 0, [])
35552
3864 (12, 0, [])
34189
3865 (12, 0, [])
33831
3866 (13, 0, [])
20870
3867 (12, 0, [])
32167
3868 (13, 0, [])
35421
3869 (12, 0, [])
31407
3870 (12, 0, [])
30368
3871 (12, 0, [])
30315
3872 (13, 0, [])
32891
3873 (13, 0, [])
33708
3874 (12, 0, [])
31479
3875 (12, 0, [])
31886
3876 (13, 0, [])
34764
3877 (12, 0, [])
31188
3878 (12, 0, [])
30981
3879 (12, 0, [])
30936
3880 (12, 0, [])
30003
3881 (12, 0, [])
30059
3882 (12, 0, [])
30107
3883 (12, 0, [])
30164
3884 (12, 0, [])
30733
3885 (12, 0, [])
31829
3886 (13, 0, [])
35697
