13892
10 (4, 0, [])
19163
11 (4, 0, [])
23257
12 (4, 0, [])
25212
13 (4, 0, [])
24900
14 (4, 0, [])
23072
15 (5, 0, [])
35528
16 (5, 0, [])
49226
17 (4, 0, [])
35357
18 (5, 0, [])
43414
19 (5, 0, [])
48434
20 (5, 0, [])
52345
21 (5, 0, [])
55538
22 (5, 0, [])
57016
23 (5, 0, [])
56414
24 (5, 0, [])
54178
25 (5, 0, [])
51231
26 (5, 0, [])
48132
27 (5, 0, [])
45203
28 (5, 0, [])
42541
29 (5, 0, [])
39876
30 (5, 0, [])
37281
31 (5, 0, [])
34841
32 (6, 0, [])
55028
33 (6, 0, [])
79610
34 (5, 0, [])
60470
35 (6, 0, [])
78035
36 (6, 0, [])
92384
37 (6, 0, [])
104771
38 (6, 0, [])
114545
39 (6, 0, [])
120550
40 (6, 0, [])
122731
41 (5, 0, [])
64796
42 (6, 0, [])
73166
43 (6, 0, [])
77098
44 (6, 0, [])
82083
45 (6, 0, [])
87071
46 (6, 0, [])
90078
47 (6, 0, [])
90716
48 (6, 0, [])
89677
49 (6, 0, [])
87846
50 (6, 0, [])
85554
51 (6, 0, [])
82872
52 (6, 0, [])
80009
53 (6, 0, [])
76970
54 (6, 0, [])
73604
55 (6, 0, [])
70124
56 (6, 0, [])
67119
57 (5, 0, [])
33766
58 (6, 0, [])
37845
59 (6, 0, [])
38982
60 (6, 0, [])
40033
61 (6, 0, [])
40746
62 (6, 0, [])
40602
63 (6, 0, [])
39698
64 (5, 0, [])
38423
65 (6, 0, [])
36839
66 (6, 0, [])
35132
67 (7, 0, [])
56517
68 (7, 0, [])
83351
69 (6, 0, [])
65048
70 (6, 0, [])
49349
71 (5, 0, [])
17763
72 (6, 0, [])
18171
73 (7, 0, [])
29010
74 (6, 0, [])
24808
75 (6, 0, [])
21459
76 (7, 0, [])
31088
77 (7, 0, [])
42127
78 (7, 0, [])
53864
79 (7, 0, [])
64524
80 (7, 0, [])
72094
81 (7, 0, [])
76138
82 (6, 0, [])
41377
83 (6, 0, [])
25476
84 (6, 0, [])
17021
85 (7, 0, [])
22951
86 (7, 0, [])
29115
87 (7, 0, [])
35571
88 (7, 0, [])
41029
89 (7, 0, [])
44815
90 (7, 0, [])
47272
91 (6, 0, [])
26233
92 (6, 0, [])
16496
93 (6, 0, [])
11029
94 (6, 0, [])
8305
95 (7, 0, [])
12010
96 (7, 0, [])
16130
97 (7, 0, [])
20266
98 (6, 0, [])
13115
99 (6, 0, [])
8472
100 (7, 0, [])
10480
101 (6, 0, [])
6914
102 (7, 0, [])
9530
103 (7, 0, [])
12190
104 (7, 0, [])
14573
105 (7, 0, [])
16137
106 (7, 0, [])
16708
107 (7, 0, [])
16603
108 (7, 0, [])
16275
109 (7, 0, [])
15990
110 (7, 0, [])
15878
111 (7, 0, [])
15904
112 (7, 0, [])
15907
113 (7, 0, [])
15824
114 (7, 0, [])
15438
115 (7, 0, [])
14836
116 (7, 0, [])
14231
117 (7, 0, [])
13821
118 (6, 0, [])
7243
119 (7, 0, [])
8402
120 (7, 0, [])
9089
121 (6, 0, [])
5322
122 (7, 0, [])
6280
123 (7, 0, [])
6800
124 (7, 0, [])
7217
125 (6, 0, [])
4038
126 (7, 0, [])
4540
127 (7, 0, [])
4626
128 (6, 0, [])
2485
129 (7, 0, [])
2844
130 (7, 0, [])
3068
131 (7, 0, [])
3361
132 (8, 0, [])
6101
133 (7, 0, [])
5883
134 (7, 0, [])
5387
135 (6, 0, [])
2337
136 (7, 0, [])
2440
137 (7, 0, [])
2350
138 (7, 0, [])
2328
139 (7, 0, [])
2404
140 (7, 0, [])
2521
141 (7, 0, [])
2642
142 (7, 0, [])
2731
143 (7, 0, [])
2776
144 (8, 0, [])
4636
145 (7, 0, [])
4023
146 (8, 0, [])
5777
147 (7, 0, [])
4300
148 (6, 0, [])
1520
149 (7, 0, [])
1483
150 (7, 0, [])
1341
151 (8, 0, [])
2197
152 (7, 0, [])
2030
153 (8, 0, [])
3262
154 (7, 0, [])
2771
155 (6, 0, [])
1147
156 (7, 0, [])
1160
157 (7, 0, [])
1096
158 (7, 0, [])
1160
159 (8, 0, [])
2153
160 (8, 0, [])
3731
161 (7, 0, [])
3336
162 (6, 0, [])
1288
163 (7, 0, [])
1185
164 (8, 0, [])
1645
165 (7, 0, [])
1258
166 (8, 0, [])
1886
167 (8, 0, [])
2753
168 (7, 0, [])
2189
169 (7, 0, [])
1705
170 (8, 0, [])
2245
171 (8, 0, [])
2733
172 (8, 0, [])
3193
173 (8, 0, [])
3545
174 (8, 0, [])
3729
175 (8, 0, [])
3769
176 (8, 0, [])
3718
177 (8, 0, [])
3620
178 (8, 0, [])
3500
179 (8, 0, [])
3358
180 (8, 0, [])
3199
181 (7, 0, [])
1586
182 (7, 0, [])
951
183 (8, 0, [])
1177
184 (8, 0, [])
1450
185 (7, 0, [])
1053
186 (8, 0, [])
1449
187 (8, 0, [])
1872
188 (8, 0, [])
2307
189 (7, 0, [])
1477
190 (8, 0, [])
1709
191 (8, 0, [])
1795
192 (7, 0, [])
1015
193 (8, 0, [])
1271
194 (8, 0, [])
1530
195 (8, 0, [])
1844
196 (8, 0, [])
2129
197 (8, 0, [])
2257
198 (7, 0, [])
1166
199 (8, 0, [])
1225
200 (8, 0, [])
1176
201 (8, 0, [])
1202
202 (8, 0, [])
1306
203 (8, 0, [])
1397
204 (8, 0, [])
1429
205 (8, 0, [])
1387
206 (8, 0, [])
1301
207 (9, 0, [])
2060
208 (8, 0, [])
1770
209 (7, 0, [])
770
210 (8, 0, [])
835
211 (8, 0, [])
890
212 (7, 0, [])
579
213 (8, 0, [])
811
214 (8, 0, [])
1063
215 (8, 0, [])
1316
216 (7, 0, [])
843
217 (8, 0, [])
981
218 (8, 0, [])
1056
219 (7, 0, [])
628
220 (8, 0, [])
808
221 (8, 0, [])
977
222 (8, 0, [])
1129
223 (8, 0, [])
1242
224 (8, 0, [])
1311
225 (8, 0, [])
1368
226 (7, 0, [])
753
227 (8, 0, [])
844
228 (8, 0, [])
868
229 (8, 0, [])
895
230 (8, 0, [])
936
231 (9, 0, [])
1621
232 (8, 0, [])
1503
233 (8, 0, [])
1351
234 (9, 0, [])
2029
235 (8, 0, [])
1597
236 (7, 0, [])
611
237 (8, 0, [])
612
238 (8, 0, [])
603
239 (8, 0, [])
657
240 (9, 0, [])
1227
241 (9, 0, [])
2019
242 (8, 0, [])
1736
243 (7, 0, [])
650
244 (8, 0, [])
641
245 (8, 0, [])
596
246 (7, 0, [])
333
247 (8, 0, [])
436
248 (8, 0, [])
540
249 (8, 0, [])
658
250 (8, 0, [])
795
251 (8, 0, [])
930
252 (8, 0, [])
1005
253 (7, 0, [])
538
254 (8, 0, [])
573
255 (9, 0, [])
926
256 (8, 0, [])
882
257 (9, 0, [])
1530
258 (8, 0, [])
1463
259 (7, 0, [])
1352
260 (8, 0, [])
1158
261 (8, 0, [])
944
262 (9, 0, [])
1343
263 (8, 0, [])
1020
264 (9, 0, [])
1438
265 (8, 0, [])
1077
266 (7, 0, [])
847
267 (8, 0, [])
673
268 (8, 0, [])
556
269 (9, 0, [])
830
270 (8, 0, [])
683
271 (9, 0, [])
1033
272 (9, 0, [])
1474
273 (8, 0, [])
1147
274 (9, 0, [])
1588
275 (8, 0, [])
1152
276 (7, 0, [])
918
277 (8, 0, [])
781
278 (8, 0, [])
725
279 (9, 0, [])
1177
280 (8, 0, [])
1012
281 (9, 0, [])
1467
282 (8, 0, [])
1116
283 (7, 0, [])
905
284 (8, 0, [])
781
285 (8, 0, [])
715
286 (8, 0, [])
667
287 (9, 0, [])
1042
288 (9, 0, [])
1538
289 (8, 0, [])
1224
290 (7, 0, [])
962
291 (8, 0, [])
736
292 (9, 0, [])
1020
293 (8, 0, [])
760
294 (8, 0, [])
643
295 (9, 0, [])
964
296 (8, 0, [])
780
297 (8, 0, [])
652
298 (9, 0, [])
929
299 (9, 0, [])
1216
300 (8, 0, [])
859
301 (9, 0, [])
1106
302 (9, 0, [])
1340
303 (8, 0, [])
915
304 (9, 0, [])
1245
305 (9, 0, [])
1600
306 (9, 0, [])
1980
307 (8, 0, [])
1287
308 (9, 0, [])
1523
309 (9, 0, [])
1645
310 (8, 0, [])
979
311 (9, 0, [])
1263
312 (9, 0, [])
1571
313 (9, 0, [])
1927
314 (9, 0, [])
2288
315 (9, 0, [])
2568
316 (9, 0, [])
2721
317 (8, 0, [])
1455
318 (9, 0, [])
1569
319 (9, 0, [])
1532
320 (9, 0, [])
1530
321 (9, 0, [])
1608
322 (9, 0, [])
1734
323 (8, 0, [])
982
324 (9, 0, [])
1093
325 (9, 0, [])
1088
326 (9, 0, [])
1075
327 (8, 0, [])
580
328 (9, 0, [])
703
329 (9, 0, [])
822
330 (8, 0, [])
541
331 (9, 0, [])
699
332 (9, 0, [])
839
333 (9, 0, [])
970
334 (8, 0, [])
587
335 (9, 0, [])
693
336 (9, 0, [])
776
337 (9, 0, [])
892
338 (10, 0, [])
1679
339 (9, 0, [])
1671
340 (9, 0, [])
1580
341 (9, 0, [])
1390
342 (9, 0, [])
1211
343 (9, 0, [])
1076
344 (9, 0, [])
975
345 (10, 0, [])
1529
346 (10, 0, [])
2179
347 (9, 0, [])
1690
348 (10, 0, [])
2303
349 (10, 0, [])
2901
350 (9, 0, [])
1963
351 (9, 0, [])
1346
352 (10, 0, [])
1702
353 (9, 0, [])
1165
354 (8, 0, [])
465
355 (9, 0, [])
504
356 (9, 0, [])
535
357 (9, 0, [])
613
358 (9, 0, [])
715
359 (9, 0, [])
815
360 (8, 0, [])
476
361 (8, 0, [])
299
362 (9, 0, [])
376
363 (9, 0, [])
478
364 (8, 0, [])
377
365 (9, 0, [])
569
366 (9, 0, [])
805
367 (8, 0, [])
604
368 (8, 0, [])
444
369 (9, 0, [])
585
370 (9, 0, [])
739
371 (8, 0, [])
532
372 (9, 0, [])
724
373 (9, 0, [])
921
374 (8, 0, [])
642
375 (9, 0, [])
833
376 (9, 0, [])
989
377 (9, 0, [])
1109
378 (9, 0, [])
1199
379 (9, 0, [])
1254
380 (9, 0, [])
1286
381 (8, 0, [])
696
382 (9, 0, [])
771
383 (9, 0, [])
779
384 (9, 0, [])
808
385 (9, 0, [])
892
386 (9, 0, [])
1008
387 (9, 0, [])
1110
388 (8, 0, [])
619
389 (9, 0, [])
670
390 (9, 0, [])
667
391 (8, 0, [])
372
392 (9, 0, [])
492
393 (9, 0, [])
637
394 (9, 0, [])
835
395 (9, 0, [])
1050
396 (10, 0, [])
2011
397 (9, 0, [])
1943
398 (8, 0, [])
844
399 (9, 0, [])
824
400 (9, 0, [])
742
401 (9, 0, [])
761
402 (10, 0, [])
1432
403 (10, 0, [])
2502